0
0
0
0
0
0
0
0
0
0
0
0
0
0
0
0
0
0
0
0
0
0
0
0
0
0
0
0
0
0
0
0
0
0
0
0
0
0
0
0
0
0
0
0
0
0
0
0
0
0
0
0
0
0
0
0
0
0
0
0
0
0
0
0
0
0
0
0
-27.193495504995372
-37.58048651498612
-33.66828397615631
-34.749590163714146
-30.783125809755205
-29.68109345310931
-30.49622252707251
-30.80757412810823
-37.10683974475113
-39.512945106145146
-40.43199557368431
-40.783041614907795
-41.53516325978896
-41.82244816445909
-41.9321812335883
-41.974095536305825
-41.372071386579265
-41.142118623431976
-38.58214852871709
-37.60432696271929
-37.848866348190676
-37.94227208185273
-32.415643998618464
-30.304659914002656
-34.442607653388656
-36.02316304616332
-36.6268814851013
-36.85748140914058
-33.237358809821075
-31.854595020322638
-36.888732149895894
-38.81160142936505
-33.36573225070029
-31.28559532273583
-30.491053717507196
-30.18756582978576
-30.071643771850084
-30.027365485764488
-30.010452685443383
-30.00399257056566
-30.0015250262536
-30.00058250819514
-35.56252839708087
-37.687002683047474
-32.9361737533125
-31.121518576890026
-35.990687876106634
-37.85054505142987
-32.99864137943392
-31.145379086871888
-45.88834559992911
-51.51965771291545
-64.79523933631535
-69.86606029603061
-48.93568396803037
-40.94099160806049
-34.79712091240164
-32.450371129144415
-48.24091017127876
-54.27235938469188
-47.30565815154845
-44.64461506995346
-53.516730878310256
-56.9055775649773
-61.29017176037112
-62.96493771613606
-69.16694728678613
-71.5359041442223
-73.05879913463068
-73.64049325966973
-73.86268064437851
-73.94754867346583
-70.2717614435196
-68.86773565709296
-71.42161547150876
-72.39711075743332
-65.35330893579247
-62.66281604994409
-61.6351392140398
-61.24260159217531
-51.82215573123771
-48.2238656015378
-42.52320315212645
-40.34574385484154
-32.715654536149316
-29.801219753606418
-40.43065051091794
-44.49073177914741
-36.15300100652597
-32.968271240430504
-32.36984670351543
-32.14126887011579
-30.199857940582252
-29.458304951630968
-44.62590663305802
-50.4194149475431
-39.0355904570736
-34.687356423677706
-33.02647881395952
-32.39208001820086
-32.14976124064305
-32.05720370372829
-45.61859762303951
-50.798589165390254
-39.79845610938345
-35.59677916276011
-33.99188137889686
-33.37886497393049
-30.672577587895024
-29.638867789754585
-44.6948755001161
-50.445758710593715
-39.663686867917264
-35.54530189315806
-31.50008285655735
-29.95494667651398
-11.441771499237639
-4.370367821198936
-22.0644535931057
-28.822992958118164
-44.383239044996586
-50.32672417687159
-39.6182197218704
-35.52793498873962
-31.493449289348874
-29.952412879306998
-32.555363031408106
-31.835925303571702
-29.121959858153247
-27.810516543051634
-32.253861681000814
-33.951068499950814
-34.59934381885162
-34.84696295660405
-34.94154505096054
-34.97767219627757
-45.49804934662038
-49.51647584358357
-55.995650094129495
-58.47047443880491
-62.505943166034704
-64.0473550592992
-44.85903437186629
-37.52974805629966
-39.05644771828196
-39.63959509854622
-39.86233757735671
-39.94741763352392
-39.97991532321504
-39.992328336121204
-39.99706968514857
-39.99888071932449
-51.12418427032301
-55.37367209164455
-58.850933970860325
-60.17912982093642
-56.978251559449554
-55.75562485741224
-55.288623012787184
-55.11024418094931
-47.00766767631211
-43.91275884798702
-45.82077881139842
-46.549577586208244
-62.89683765472358
-69.1409353779625
-71.52596847916395
-72.43697005952933
-72.78494169942404
-72.91785503874277
-72.96862341680428
-72.98801521167007
-63.10687839820763
-59.3326199829528
-61.59918548315014
-62.46493646649761
-62.795623916342706
-62.921935282530505
-62.97018193124881
-62.988610511215924
-62.99564960239897
-62.998338295980986
-43.22227764554735
-35.668494640661045
-32.78320627643579
-31.681124188646333
-31.260166289503204
-31.099374679863278
-47.72487544633379
-54.075251659138104
-56.500879531080514
-57.42738693410344
-57.781281271229794
-57.91645687958595
-57.96808936752806
-57.987811222998225
-53.66910638021735
-52.019507917653826
-55.71565529399339
-57.12745796432636
-58.90278657648548
-59.580901765130086
-64.16615664015404
-65.91756815533205
-52.989800073344405
-48.05183206470116
-47.401764098258866
-47.15346023007543
-47.058616591967436
-47.022389545826876
-47.00855204551319
-47.003266590712705
-47.00124772662492
-47.00047658916205
-47.00018204086123
-47.00006953342165
-47.000026559403715
-47.0000101447895
-47.00000387496478
-47.00000148010484
-47.000000565349744
-47.00000021594439
-47.00000008248342
-47.00000003150586
-47.00000001203417
-47.00000000459664
-47.00000000175576
-47.00000000067064
-47.00000000025616
-47.00000000009784
-47.000000000037375
-47.000000000014275
-47.00000000000545
-47.00000000000208
-47.000000000000306
-47.000000000000796
-47.000000000000114
-47.00000000000004
-47.000000000000014
-47.00000000000001
-47
-47
-47
-47
-47
-47
-47
-47
-47
-47
-47
-47
