-62
-58
-56.285714285714285
-56.75
-56.10909090909091
-59.75
-58.05039787798408
-57.401215805471125
-57.15325077399381
-55.822468588322245
-59.64039297611654
-61.098710317460316
-61.655737975006794
-61.250469618735664
-61.09567088120763
-61.03654302488765
-61.013958193455345
-59.7692635779786
-59.293832540480466
-59.112234043462806
-59.04286958990796
-59.01637472626107
-59.00625458887525
-59.62042302911458
-61.09108247596829
-61.65282439879029
-61.86739072040257
-61.94934776241742
-61.98065256684969
-61.99260993813165
-61.99717724754525
-61.998921804504114
-61.99958816596709
-61.999842693397156
-61.99993991422437
-62.61801103802584
-62.85409319985316
-62.94426856153365
-63.596746473497674
-61.37383490395979
-61.76082621588148
-61.90864374368466
-61.96510501517248
-60.750603324333014
-61.52277293532634
-61.817715481646005
-61.312339520861784
-60.501269092189446
-62.04556972195625
-62.017406084929405
-60.15254656658228
-56.96809765981786
-60.69601832287045
-62.1199573087935
-62.66385360351005
-58.54536558048737
-61.91651504795123
-63.20417956336632
-57.51568375464877
-55.342871700579984
-56.98506730209076
-57.6123302056923
-57.85192331498614
-62.269677660515384
-63.95710966656001
-64.60165133916463
-64.8478443509339
-64.94188171363704
-60.651562868727986
-57.15870492629723
-62.00489179766265
-63.85597046669073
-64.56301960240954
-58.65274845303894
-56.395225756707276
-60.47720072708205
-62.036376424538865
-62.631928546534546
-57.91513730506561
-56.113483368662294
-60.36958471092043
-58.28706683159962
-56.25554780637863
-55.479576587536265
-55.80121594498006
-54.06996928115423
-58.970997797231675
-56.51678618929154
-55.579360770642936
-58.929500055136636
-56.500935462267606
-54.955272342916295
-58.691119487730546
-56.40988218777597
-54.920493086847465
-54.351597072766424
-55.37036610895159
-55.759501254088356
-55.908137653313474
-55.964911705852074
-55.36856347549285
-54.522744731876585
-59.14394263013607
-60.291049169781715
-57.6390349354596
-56.00802164784718
-55.38503000808195
-55.14706837639866
-58.764379053613396
-57.05589884069205
-56.40331746846275
-59.86225749719558
-61.183455023123976
-57.979903639676984
-56.75625589590698
-56.28886404804396
-56.11033624822491
-56.04214469663077
-59.72430177416677
-61.13076062586954
-61.66798010344185
-61.87317968445601
-61.95155894992618
-58.273293232823164
-56.86832074854332
-56.3316690128068
-56.12668628987707
-56.04838985682442
-56.018483280596186
-56.007059984964144
-56.00269667429624
-56.00103003792457
-56.000393439477484
-56.00015028050788
-55.38202341329627
-59.47215788063019
-57.326246296094936
-56.50658100765461
-56.193496726868894
-56.073909172952064
-55.4101968032374
-55.77471522551003
-59.622152805792055
-57.38353925936677
-56.52846497230825
-56.20185565755798
-56.07710200036569
-59.737654276038455
-61.135860827749674
-57.96172427471121
-56.749311996383945
-56.286211714440626
-56.10932314693794
-56.04175772637319
-56.633984020931535
-56.860194336421415
-56.94659898833272
-56.97960262857673
-56.99220889739747
-57.61505805236556
-57.852965259699225
-57.94383772673212
-59.21461589799692
-59.081975978508744
-59.03131203752931
-59.01196013407918
-59.00456836470824
-59.00174496004554
-56.528530560428806
-55.58384672124088
-59.5492475245431
-56.11962394238925
-59.13586222387391
-56.5797587967331
-59.31161809882478
-60.35509549974123
-57.66349845664944
-56.635399870207095
-55.00663317647205
-61.80090752420779
-64.39608939615132
-62.2971907204967
-61.49548276533878
-64.89746150801899
-61.252629848719046
-64.18666595938741
-66.54343600694297
-63.117404140192214
-61.19074242488379
-64.7810610557084
-66.15244074224142
-61.1139552722668
-59.18942507455898
-62.16252388390952
-60.82601062217
-60.315507982600494
-58.26641135938179
-57.48372609554489
-59.656902882252446
-60.486982551212456
-60.804044771384916
-60.92515176294229
-60.97141051744197
-65.31531771063287
-66.97454261445664
-67.60831013273705
-62.28808188500543
-60.25593552227925
-65.04203058058138
-66.87015621946489
-60.77006420156442
-58.440036385228375
-63.73038484161965
-65.75111813963058
-66.52296957727208
-61.255484693436614
-59.243484503037756
-57.856934826926754
-57.32731997774251
-57.12502510630078
-57.04775534115983
-57.01824091717871
-57.0069674103763
-57.00266131395018
-57.001016531474235
-57.00038828047252
-55.14604634369365
-54.43775075060843
-54.16720590813164
-54.063866973786496
-54.024395013227846
-54.009318065897034
-58.947831094462416
-55.27186931874115
-55.72187882801074
-55.89376716529106
-55.959422667862434
-55.98450083829624
-55.99407984702629
-55.99773870278264
-55.99913626132163
-55.99967008118226
-58.47200993722473
-59.41635973049193
-59.77706925425107
-59.91484803226127
-59.96747484253274
-59.987576495336945
-59.995254643478106
-58.144085468847685
-57.437001763064956
-61.49315774159645
-63.04247146172439
-61.16212068857714
-58.58978863775735
-57.607245224694914
-57.23194703632739
-58.942697850536945
-59.596146515283436
-59.84574169531336
-59.94107857065664
-59.977494016656564
-59.99140347931305
-59.99671642128258
-58.144643818285
-57.43721503357241
-57.16700128243223
-57.063788813724294
-57.02436515874064
-57.009306662497636
-57.00355482875227
-61.327595745008445
-62.97923240627307
-63.61010147381076
-59.52483409390994
-57.964400807919056
-57.36836832984722
-57.14070418162261
-58.90784618127028
-57.72873239593855
-57.27835100654538
-61.43255854494686
-63.01932462829519
-63.6254153399387
-60.76675144777143
-56.58466905962613
-60.54956162985601
-62.064015829941894
-60.78838389371998
-57.21096590746858
-55.84451382868574
-60.8848814773377
-62.81013060332736
-63.54551033264438
-63.82640039460579
-63.93369085117298
-59.030400248914
-57.15750989556901
-56.44212943779302
-56.16887841781005
-56.06450581563713
-56.02463902910135
-57.8635132379166
-58.565900684648454
-58.83418881602877
-57.082563797188165
-61.35777448553489
-62.990759659416504
-58.670232582715464
-61.34617600997915
-62.368295447222
-62.758710331686856
-62.907835547838566
-62.96479631182885
-62.98655338764797
-60.52272789611549
-59.5816303006985
-62.31233294972948
-63.35536854848994
-63.75377269574034
-63.90594953873107
-63.96407592045288
-63.986278222627554
-63.994758747429785
-60.289794087162434
-58.87462351405751
-58.3340764550101
-58.127605850972785
-58.04874109790825
-58.01861744275197
-58.00711123034765
-58.00271624829097
-61.091207458274745
-57.326634216534096
-55.88869519132754
-55.33945135744853
-59.45589680226731
-61.02823904935341
-61.62882034579291
-61.85822198802533
-58.23764168578369
-61.79897497932492
-58.2150113421919
-56.84605904725078
-60.031369732059815
-61.24805014892866
-58.6226107709767
-57.61978216400143
-56.61870173227769
-56.23632303283164
-56.09026736621723
-56.03447906582005
-57.249237808742706
-56.47716638290827
-56.18226133998211
-56.069617637038064
-56.02659157113209
-56.0101570763582
-56.003879657942505
-56.00148189746931
-60.326803955714695
-61.97892996967478
-62.60998595330965
-59.14282395775481
-57.81848591995477
-57.312633802109495
-60.20958543012319
-61.316122488260085
-61.738782034657056
-61.900223615711084
-61.961888812476204
-61.985442821717534
-61.99443965267639
-61.99787613631164
-61.99918875625852
-61.99969013246392
-61.99988164113323
-61.99995479093576
-61.99998273167406
-59.52785744908684
-58.58358961558646
-58.22291139767254
-58.085144577431166
-58.03252233462096
-58.012422426431705
-58.004744944674165
-58.00181240759079
-58.000692278098214
-58.00026442670385
-58.00010100201334
-58.00003857933616
-58.00001473599515
-58.00000562864929
-58.00000214995272
-58.000000821208864
-58.00000031367387
-22.15402877231886
-44.3080573507766
-52.15210929126104
-55.14827052300654
-59.38287222150804
-61.000346141517575
-61.618166203044694
-61.8541524676165
-61.9442911998048
-61.97872113179791
-61.99187219558893
-61.996895454968886
-61.99881416931772
-61.99954705298427
-61.999826989635096
-61.99993391592101
-61.99997475812794
-61.99999035846281
-61.999996317260496
-61.99999859331868
-61.99999946269555
-61.99999979476796
-61.999999921608335
-61.99999997005705
-61.99999998856281
-61.999999995631384
-61.99999999833134
-61.99999999936263
-61.99999999975655
-61.99999999990701
-61.99999999996448
-61.999999999986436
-61.99999999999482
-61.999999999998025
-61.99999999999925
-58.909830056250236
-57.72949016875147
-57.27864045000416
-57.10643118126102
-57.04065309377891
-57.015528100075706
-59.47806716144779
-60.41867338426766
-60.7779529913552
-60.91518558979793
-60.96760377803859
-60.987625744317825
-57.28706952241552
-55.87358282292874
-55.333678946370696
-55.74548800493325
-55.90278506842905
-55.344833211604
-55.13171456638294
-55.05031048754483
-59.34545481750081
-60.9860539649576
-61.612707077371994
-58.14386333465902
-56.818882926605056
-60.02098937765552
-61.24408520636149
-61.71126624142895
-61.889713517925365
-61.957874312347144
-61.983909419116074
-61.99385394500107
-61.99765241588714
-61.99910330266034
-61.99965749209387
-61.99986917362127
-61.99995002876995
-61.99998091268858
-61.99999270929579
-61.999997215198796
-61.99999893630059
-61.99999959370298
-61.99999984480835
-61.99999994072206
-61.999999977357845
-61.999999991351466
-61.99999999669655
-61.9999999987382
-61.99999999951803
-61.38196601106601
-61.14589803368
-61.05572808997398
-61.02128623624195
-58.535994663752284
-57.5866977550149
-57.22409860129243
-55.84953007136261
-55.32449161279539
-58.83214869952294
-58.31785251952374
-56.267306892798594
-57.95620411387162
-55.5111355050668
-58.90344032257804
-60.19918546266733
-60.69411606542394
-60.88316273360449
-60.955372135389545
-60.982953672564136
-60.99348888230286
-56.67127505309518
-55.020336276982675
-56.24383574410254
-56.711170955324945
-56.88967712187229
-59.42999636529151
-60.40031197400223
-60.770939556715184
-60.91250669614332
-60.96658053171477
-60.98723489900099
-60.9951241652882
-60.99813759686362
-60.99928862530266
-60.999728279044355
-23.299822898086816
-46.599813728959674
-55.4996182887922
-58.89904113741693
-60.19750512345858
-60.69347423295883
-60.882917575417906
-58.483142538295304
-57.566510039468014
-57.21638758010874
-57.0826527008582
-57.031570522465856
-57.01205886653936
-57.00460607715224
-57.61979335366725
-57.8547739838495
-57.94452859788125
-57.97881180979425
-57.9919068315015
-57.996908684710256
-57.99881922262926
-57.999548983177526
-57.99982772690331
-57.99993419753241
-57.99997486569392
-57.99999039954936
-57.99999633295416
-60.47213455431271
-57.708203397484596
-56.65247563814107
-56.24922351693861
-56.09519491267476
-56.036361221085684
-56.01388875058228
-59.71350896316053
-58.65450218389973
-58.24999758853866
-56.85942260421647
-56.328270224110746
-56.12538806811576
-56.04789398023653
-56.01829387259384
-59.715191570044354
-61.127280837539224
-61.66665094257333
-61.87267199018075
-58.24316109546956
-56.856811296227924
-56.32727279321421
-56.125007083414715
-56.047748457029925
-56.01823828767507
-56.00696640599528
-56.00266093031077
-56.00101638493702
-56.000388224500284
-56.00014828856384
-56.00005664119124
-56.000021635009894
-56.00000826383843
-56.0000031565054
-56.000001205677776
-59.7082043930273
-61.12461197340412
-61.66563152718507
-58.16407867565172
-56.8266044997701
-60.02393875615794
-58.773075813704146
-58.2952886849545
-58.11279024115936
-58.04308203852358
-56.780387896911584
-60.62431957346044
-59.620434868470156
-57.38288306570034
-60.23641826113025
-58.23620177394092
-57.47218706069252
-57.18035940813663
-57.06889116371738
-60.11648402676498
-61.280560916577556
-61.7251987229677
-61.895035252325535
-58.25170310150954
-58.09614202970288
-58.0367229875991
-60.48616288809399
-61.42176567668288
-61.77913414195466
-61.91563674918109
-57.641538184339346
-60.33521572508621
-61.36410899091928
-58.66694130392216
-57.018680932097304
-56.38910149236975
-56.14862354501194
-59.76497307516543
-57.438091747984984
-60.25750610128888
-61.33442655588167
-61.74577356635613
-59.430758188187134
-56.69239903195558
-55.64643890767961
-59.57315561233252
-61.07302792931795
-57.937724243121956
-56.74014480004792
-56.28271015702181
-57.3440536485173
-57.7494507885301
-57.90429871707298
-56.72737738518906
-56.2778334384942
-59.196292874043
-56.602841251135445
-56.848298856863124
-56.94205531945393
-55.74179912399887
-55.28334205254267
-55.10822703362914
-58.131508992094226
-59.28629994265354
-60.345424824616295
-58.27783857619577
-57.48809090397101
-55.95036615821748
-59.071211503180784
-58.409166385075196
-60.628423607044375
-61.47610443605793
-58.09168576863006
-56.798952869832235
-56.305172840866646
-56.1165656527677
-56.044524117436445
-56.01700669954163
-56.00649598118844
-57.23854922152349
-60.18128763838162
-61.30531369362137
-61.73465344248249
-58.190442701326724
-58.69077662774736
-60.73598914816504
-57.808986884248384
-60.39917543707948
-60.77050543824016
-57.82217093389153
-56.696007363434425
-56.26585115641175
-56.10154610580082
-56.03878716099072
-59.72301930967071
-61.13027076802141
-59.19565703939394
-57.83866636141052
-57.320342044837616
-57.122359773102325
-57.046737274469365
-57.01785205030576
-57.00681887644793
-56.38457059028813
-56.14689289441645
-59.764312025460605
-61.14604318196536
-61.67381752043548
-61.87540937934107
-61.95241061758773
-61.98182247342213
-61.99305680267866
-61.99734793461384
-61.998987001162874
-61.99961306887478
-61.99985220546147
-58.291739615010265
-56.87536663956932
-56.3343603036977
-56.127714271523786
-56.04878251087365
-56.01863326109717
-56.007117272417865
-56.00271855615643
-56.001038396051435
-59.70860056449723
-61.12476329744027
-57.9574853953242
-56.74769288853232
-59.99379720277213
-61.233698719784066
-61.70729895658007
-58.17999421745677
-56.83268369579026
-56.318056869914
-56.12148691395174
-56.04640387194123
-59.72592863437132
-61.131382031172734
-61.66821745914688
-61.87327034626791
-61.951593579656844
-61.98151039270263
-61.99293759845104
-61.9973024026505
-61.99896960950045
-61.99960642585086
-61.99984966805212
-61.99994257830551
-61.999978066864394
-58.29178768978831
-56.875385002500536
-56.334367317713294
-56.127716950639346
-56.04878353420474
-56.018633651974866
-56.00711742171986
-56.00271861318472
-56.0010384178343
-56.00039664031818
-56.000151503120236
-56.00005786904253
-56.00002210400735
-56.00000844297952
-56.00000322493121
-59.70820516431348
-61.12461226800923
-57.95742770721484
-56.74767085363529
-56.285584853691034
-56.10908370743781
-56.04166626862239
-56.01591509842937
-56.00607902666572
-56.00232198156779
-56.000886918037644
-56.61837276129504
-56.854231365847475
-56.944321336247384
-60.06890258664415
-61.26238642368507
-61.71825668441106
-58.80221368579864
-57.688384372984856
-57.26293943315593
-60.19060387023241
-61.308872177541296
-61.73601266239148
-61.89916580963314
-61.96148476650794
-61.98528848989067
-61.994380703164076
-58.289649687102184
-57.49260234689237
-57.188157353574915
-57.071869713832385
-57.027451787922246
-57.010485649934346
-57.004005161880784
-57.00152983570801
-57.000584345243254
-57.00022320002176
-57.61811924357192
-57.2361005419441
-60.180352326009846
-58.214786492335975
-57.46400715099808
-57.17723496065826
-57.067697730976704
-57.02585823227185
-57.009876965838856
-57.003772665244725
-57.00144102989531
-60.09072036819068
-58.18055013092725
-57.450930024591074
-57.17223994284596
-57.06578980394682
-57.02512946899449
-57.00959860303666
-57.00366634011549
-57.001400417309796
-60.09070485556338
-61.27071414938035
-61.72143759257767
-58.80342868460319
-57.688848461231906
-57.26311669909252
-57.100501636045664
-57.03838820904447
-57.014662991087754
-57.005600764218784
-57.002139301568604
-56.38278315173713
-56.76424414239267
-56.90994927544088
-56.96560368392997
-56.98686177634903
-60.0851515888666
-61.268592990250774
-61.72062738188572
-58.80311921165691
-57.688730253085026
-60.35324149134764
-58.28082427720841
-57.4892313402776
-57.18686974362438
-57.071377890595535
-60.73546786066159
-62.135025691389245
-58.96140528100676
-57.74919015163105
-60.99436910638574
-58.52571323502681
-57.58277059869469
-57.22259856105725
-57.08502508447705
-57.032476692373905
-57.012404992644655
-57.004738285560066
-57.00180986403554
-57.000691306546564
-57.00026405560414
-57.00010086026586
-57.000038525193446
-57.00001471531447
-57.000005620749974
-57.00000214693545
-57.00000082005637
-56.38196632448376
-56.145898153394924
-55.437694146951124
-55.16718428745844
-55.06385871542419
-59.3506297800634
-57.89786068101653
-57.34295226298619
-56.51296211919214
-56.19593409459022
-56.074840164578525
-60.35482432039463
-61.98963279660535
-58.905870136922054
-57.109943625410914
-56.42396073931069
-56.161938592521146
-56.67988902700265
-56.87772848848681
-56.953296438457784
-56.98216082688655
-56.993186042201856
-56.99739729971902
-56.99900585695519
-56.99962027114656
-56.9998549564845
-56.999944598306925
-56.99997883843628
-56.999991917001914
-56.999996912569465
-56.99999882070647
-56.999999549549955
-56.99999982794339
-55.76393195678043
-55.29179604239791
-55.1114561704133
-55.04257246884198
-55.634295224862534
-56.47834719449552
-56.18271236987413
-56.069789915126876
-59.73486130800586
-61.134794008890715
-57.961316786166925
-57.367190338359954
-56.52222024016304
-56.19947038212915
-56.076190906224404
-56.647136325293964
-56.86521806965748
-56.94851788367848
-56.98033558137795
-60.08265880420486
-61.267640831236626
-61.72026368950501
-58.80298029352893
-57.070643202331894
-56.408949313466756
-56.15620473806837
-56.05966490073834
-56.02278996414666
-59.716908924201
-58.03776686470687
-57.39639166991961
-57.15140814505196
-57.05783276523628
-57.022090150656865
-57.00843768673432
-60.711426842045455
-58.417638906902674
-57.541489878662574
-57.20683072908505
-57.079002308592564
-57.03017619669265
-57.01152628148539
-60.09457259151299
-61.27219149305359
-58.01379795514842
-60.477406304891026
-58.328251015775194
-57.50734674243455
-57.19378921152846
-60.16419083590031
-58.20861335242298
-57.461649221368624
-57.79436830043279
-57.92145567992973
-57.969998739356406
-57.98854053813949
-57.377588886312175
-57.76226010954693
-57.909191442328606
-57.96531421743888
-57.98675120998804
-57.99493941252524
-57.38003303883779
-57.14515970398813
-60.14561601687606
-57.5834844141407
-55.36876924804624
-54.522823329998026
-54.199700741947844
-54.076278895845505
-53.41110195683878
-55.01112894092051
-55.62228486592274
-54.001623690598024
-60.79899407087007
-62.7773245332623
-63.53297952891684
-63.82161405348822
-57.13348875529898
-60.141158111157765
-61.28998557817432
-58.63862867961572
-55.77179849442316
-54.676766803653756
-54.25850191653811
-54.09873894596057
-59.60002082009265
-57.993119581818014
-55.52523595911171
-59.526860205516286
-61.05534465743715
-56.69490185679601
-55.02936091295087
-59.955486780805664
-58.128895496966756
-55.57709774384491
-54.60239773456798
-54.23009545985903
-59.03216055500827
-55.92211429516662
-54.7341823304916
-59.22470460630734
-57.84976154468095
-55.47047806148583
-54.56167263977653
-55.45060783534355
-55.790150866254116
-55.3018107746689
-54.49724746900269
-59.75223753108822
-56.81519321426281
-55.693342111700225
-55.26483312083786
-55.10115725081335
-55.038638631602204
-59.95903055399241
-57.512215109125776
-55.95958078463502
-60.310799154778444
-61.97281667970031
-62.60765088432249
-62.85013597326716
-57.99848512547982
-61.089591313171454
-57.944050892785285
-56.12452737643451
-55.42953123651824
-55.164066333120196
-60.00693967284151
-57.53051476415507
-55.96657063087381
-55.36919712846637
-60.08529266452445
-57.560442943857716
-56.5960361670487
-56.2276655572884
-54.85089252731669
-54.325012024661675
-55.97824551291802
-55.37365653659261
-55.14272409685981
-60.616821652735865
-57.14543496259874
-55.81948323506036
-55.31301474258234
-60.68186689143571
-62.732585931724785
-57.95358500498959
-56.128169083243996
-60.99322814349145
-62.851515347230354
-63.56131789819962
-63.832438347368495
-58.37369124515681
-56.28863538810195
-55.492214919149035
-55.18800936934515
-55.071813188886416
-55.0274301973141
-55.010477403055866
-55.00400201185351
-54.383494643754766
-54.14648191941079
-60.23629100197655
-62.56239108651885
-63.450882257580005
-63.79025568622117
-57.73954491358456
-55.42837905453251
-54.54559225001298
-54.20839769550643
-54.0796008365063
-60.21074470151143
-57.60836135802884
-56.614339372575074
-56.23465675969639
-56.0896309065141
-53.56210000484634
-52.596669108024926
-52.227907319228436
-60.73952869215891
-57.810338869749366
-56.69148791708919
-55.646090892768306
-55.86481874996562
-55.33033136837867
-55.74420934392028
-55.90229666338218
-55.96268064622627
-55.985745275296615
-55.99455517966358
-55.99792026369413
-55.999205611418795
-55.99969657056226
-55.99988410026797
-55.99995573024165
-60.32622101170625
-61.9787073048771
-57.665628992925875
-56.01817967390053
-55.38891002877572
-55.14855041242662
-55.05674120850416
-55.02167321308584
-55.00827843075337
-55.003162079174274
-55.00120780676946
-55.00046134113409
-55.000176216632816
-55.00006730876435
-55.00002570966024
-55.00000982021638
-55.00000375098888
-55.00000143275026
-54.381966558512005
-54.14589824278576
-54.055728169845274
-54.02128626675007
-54.00813063040493
-54.003105624464716
-54.00118624298923
-54.00045310450297
-54.00017307051968
-54.000066107056064
-54.00002525064852
-54.000009644889495
-54.00000368401997
-54.000001407170416
-54.00000053749127
-54.61803419405329
-54.8541020446686
-54.94427193995252
-54.97871377518896
-54.99186938561435
-54.9968943816541
-54.998813759347954
-55.61758088513965
-56.47196288482089
-56.798307769323024
-56.92296042314818
-56.97057350012152
-56.98876007721636
-56.99570673152758
-56.99836011736636
-56.99937362057151
-56.99976074434817
-56.999908612473
-57.61799908182073
-57.85408863298918
-57.944266817146826
-57.9787118184513
-60.46400459320665
