



































































-44
-44
-33
-33
-29
-29
-31
-31
-41
-41
-41
-41
-42
-42
-42
-42
-41
-41
-37
-37
-38
-38
-29
-29
-37
-37
-37
-37
-31
-31
-40
-40
-30
-30
-30
-30
-30
-30
-30
-30
-30
-30
-39
-39
-30
-30
-39
-39
-30
-30
-55
-55
-73
-73
-36
-36
-31
-31
-58
-58
-43
-43
-59
-59
-64
-64
-73
-73
-74
-74
-74
-74
-68
-68
-73
-73
-61
-61
-61
-61
-46
-46
-39
-39
-28
-28
-47
-47
-31
-31
-32
-32
-29
-29
-54
-54
-32
-32
-32
-32
-32
-32
-54
-54
-33
-33
-33
-33
-29
-29
-54
-54
-33
-33
-29
-29


-33
-33
-54
-54
-33
-33
-29
-29
-33
-33
-27
-27
-35
-35
-35
-35
-35
-35
-52
-52
-60
-60
-65
-65
-33
-33
-40
-40
-40
-40
-40
-40
-40
-40
-58
-58
-61
-61
-55
-55
-55
-55
-42
-42
-47
-47
-73
-73
-73
-73
-73
-73
-73
-73
-57
-57
-63
-63
-63
-63
-63
-63
-63
-63
-31
-31
-31
-31
-31
-31
-58
-58
-58
-58
-58
-58
-58
-58
-51
-51
-58
-58
-60
-60
-67
-67
-45
-45
-47
-47
-47
-47
-47
-47
-47
-47
-47
-47
-47
-47
-47
-47
-47
-47
-47
-47
-47
-47
-47
-47
-47
-47
-47
-47
-47
-47
-47
-47
-47
-47
-47
-47
-47
-47
-47
-47
-47
-47
-47
-47
-47
-47
-47
-47
