6.175600119632446
6.175600119632446
9.509970438558176
11.164056457723168
7.742139372355085
6.732543481595034
6.3826756358177255
6.253890769301881
6.205388124544195
6.1869612093319395
9.470965601609915
11.14361801171073
11.85783010534038
12.142560816499817
7.995327813211672
6.815839735205509
9.827722048118908
11.302123750727583
11.921973239008956
12.167607804333851
12.262761979575368
12.299303725425176
12.313290152419103
12.31863668899932
12.320679496917489
12.32145986951635
12.32175795837058
12.32187182008459
8.040221678743096
6.830432678003893
9.16022102760215
10.246852308011928
10.695135961866491
10.871495393876604
11.746380941537003
12.098841582708303
12.236243837087324
12.289137716072883
12.309401673278288
12.31715063218735
8.039044835089687
6.830050783572369
6.417829581260102
6.267025218081023
9.517594022558136
11.164542164973799
11.866329731139352
12.145884605288312
12.25439494890544
12.296097604479307
12.312064031801798
12.31816813482392
12.320500493365035
12.321391491605764
12.321731839656165
12.321861843524697
12.321911500945808
12.321930468445705
12.321937713393687
12.321940480718707
8.040238791623608
6.830438231004794
6.417968638671876
6.267077084852438
9.51762410953537
11.164555645802656
11.866335204028417
12.145886744993993
12.254395773501873
12.296097920518992
12.312064152674965
12.318168181016246
8.039298501574
6.83013310313545
9.835589092081317
11.305578655591079
11.923365138503627
12.16815039708698
12.262970849456668
12.299383743939028
12.313320751467081
12.318648381861578
12.320683963932773
12.321461575872231
13.2304432996829
13.595080821192758
13.736997475014181
13.791594976117246
7.8173382291049185
6.293366830624617
9.53285455308024
11.171376449301231
11.869103760946423
12.146969074460369
12.254812868439087
12.296257777085494
12.312125291489293
12.318191545507277
12.320509437138252
12.321394908069443
12.321733144665089
12.321862341998976
12.321911691346823
12.321930541172524
12.321937741172881
12.321940491329403
12.32194154179588
12.3219419430384
12.321942096299422
12.321942154839917
12.321942177200402
12.321942185741335
12.321942189003687
12.321942190249786
13.230640418648838
13.59515818868679
13.737027335200304
13.791606427017056
13.820504157931849
13.812510971959178
13.823558503991006
13.824725338521827
13.825171055647964
13.825341308233494
13.825406339487861
13.825431179297436
12.875890756075307
12.530661501495832
12.40125233959069
12.352175926476018
7.495037289511089
6.192966892215021
9.474476130951938
11.14519554807422
11.858471261890436
12.142811592866927
12.295643664080227
12.253210583493418
8.033680293698467
6.828309512516443
6.4172045675180245
6.266792086763766
11.164481570023739
9.517458785391563
7.742929678359168
6.732838805569509
10.503210388601602
12.447691339653318
13.282052741578285
13.615312809175881
14.75843146680585
15.21997076288974
8.715824747718028
7.044213045463491
9.952220450789689
11.356599574852822
11.94388972637271
12.176146788177293
7.454058161383841
6.180011585320884
6.177284777770618
6.176243547545813
9.464695495150538
11.140799495375852
12.731071606936755
13.396747055187713
8.301222387336784
6.914290487828535
10.610443689264343
12.496081417664474
13.301751392954719
13.623022282525179
7.780702529881173
6.282084899861639
9.526323415686758
11.168452369440931
12.743132537121308
13.401593383433307
12.7236655321412
12.473867567176171
12.379752879592566
12.343991975589828
8.045731829418738
6.832220303077246
10.562160456717685
12.47433072291636
12.3799284525538
12.344058844478507
12.330385319837863
12.325166496644396
12.32317366660595
12.32241255831113
12.322121853218658
12.322010815564145
13.230668564216893
13.595169235521395
7.774622336657538
6.280209335400046
11.16796582108656
9.525236944265375
11.86771952119366
12.146427944364849
12.254604337189955
12.296177855438874
8.03381360870046
6.82835279380379
6.417220104144475
6.266797882125128
9.51746214726094
11.16448307636392
12.74140244673469
13.400898371965335
8.30220484015705
6.914603042585867
9.881874726164135
11.325871033427276
11.93153515607416
12.17133445897913
13.168636120137595
13.57078681595212
8.342250455258132
6.927323635702387
9.209637563872757
10.267931747190588
6.65110812560779
7.499265269978766
9.7363087616955
11.261852600010464
12.78373357483935
13.41788690738637
13.66833150482387
13.76522188188819
8.387703733815194
6.941716343054229
6.457707066574884
6.281870684491226
10.228721740229421
12.322417921454623
8.040357786655862
6.830476843794994
6.417982496787113
6.267082253727607
6.2103844952300795
6.188863513051456
9.472077785373997
11.144117835518436
12.732519892675489
13.397329155864101
8.301360158930844
6.914334319471353
9.881728033954447
11.325806814058815
11.931509314663135
12.171324390054135
8.002556775040315
6.818192954756268
9.829017956604023
11.302692981736737
7.7794035482566075
6.744935547775026
6.387162193119145
6.2555696338053295
9.510945070759895
11.161562376566021
7.742156304578037
6.732581931378778
5.94431944696694
5.668205756082008
9.159408090398497
11.002147261702117
11.800102635657865
12.119947363661737
7.989637086910741
6.813986327090602
6.412059645977168
6.264872487793847
6.2095479846957
6.188545088439828
11.144034178881817
9.47189163127514
12.7324833841078
13.397314482700384
8.301356686131765
6.914333214615675
9.881727430821844
11.32580655001635
12.811414430035331
13.428977130559922
8.308845040502026
6.916714937992566
9.883027457851327
11.326375659359522
11.931738210760921
12.171413577347984
8.592740156311859
7.522719182024158
7.150126159139728
7.012729655721072
6.960948476230752
6.941270893015485
9.896414846335034
11.332233530972957
12.172331790365229
11.934094930437649
8.592987755205614
7.522801978666214
10.205258917032788
11.46603560114849
8.39901130632136
7.457479098545964
7.1263771299849665
7.003823499660208
6.957570420071006
6.939984044875483
9.895714011308286
11.331926990624694
11.933971622802524
12.172283750656181
12.264561785868619
12.299993207559163
12.313553806076664
12.31873743879636
12.32071798619998
12.321474572031036
12.32176357436526
12.32187396522319
12.321916131039892
12.321932236986791
12.321938388916642
12.321940738745564
12.321941636300451
12.321941979135936
12.321942110087434
12.321942160106467
8.633177483175192
7.53622185986291
7.155025557585053
7.014564710092868
9.936199868091734
11.349613270157553
11.941082662512173
12.175053656081111
8.593721646640336
7.523047382031635
7.150245309759489
7.012774292431498
9.935231070783061
11.349190570911192
8.36621515710902
7.446342917634922
7.122310466134185
7.002296615862437
9.929558519291422
11.346715049289658
11.939917857814438
12.174600009017935
12.265453172571991
12.300334662934162
8.627391779526478
7.534292319475814
7.154325763171285
7.0143026518324785
9.936058077576742
11.34955140664728
11.941057801279886
12.175043973863714
12.265624015617924
12.30040010447027
12.313709396625862
12.318796893884015
8.632335685166613
7.53594116872199
7.154923765048173
7.014526591917528
6.961629722777235
6.941530362610516
6.933868415309016
6.930944044475517
6.929827359763891
6.929400871645825
9.889947222273534
11.329404127774664
12.812968677708357
13.429599394334161
13.672887550904234
13.76697429224732
9.006704176542641
7.659140345838377
11.4961215908458
10.275513031529638
11.999726961043354
12.197858118588524
13.179590014640056
13.575097497163437
13.72928133938966
13.788635446791815
9.012114493223137
7.660897382959327
7.20000947010202
7.031377112187172
11.353578016921844
9.945289634398572
11.942675809838146
12.175674082000953
12.265866482245265
12.300492980497143
12.313744910413748
12.318810464536334
8.63233931749681
7.535942379931199
7.154924204297762
7.014526756403713
6.9616297851315725
6.941530386358991
9.89655616021567
11.332295339052477
12.17234147653203
11.934119792846818
12.264584002314425
12.300001717996828
8.627302579833355
7.534262564992492
7.154314971122307
7.014298610313539
9.936055890827234
11.34955045255943
11.941057417857726
12.175043824539708
12.265623958156883
12.300400082459882
12.313709388209553
12.318796890667945
12.320740698411326
12.321483247851596
12.32176688831084
12.32187523104899
8.633159571687408
7.536215887589729
11.469016230556843
10.21220572565303
11.988912207371488
12.193657874219527
12.272783407829978
12.303142007856586
12.314757771529239
12.319197492371005
12.320893737252806
12.321541706786071
12.32188376034665
12.321789218118148
12.321933666082323
12.32191987245601
12.321938934782814
12.321940947247919
8.633177158591728
7.536221751636285
7.155025518337164
7.014564695395802
6.961644167232451
6.94153586396861
9.896559143155924
11.33229664372952
11.93412031765455
12.172341680992167
12.264584081003065
12.300001748140003
12.3135570718841
12.318738686748814
12.320718462952023
12.321474754145294
12.321763643928342
12.321873991794156
8.633159240038697
7.536215777007183
10.21220566841594
11.469016206003605
11.98891219756785
12.193657870410917
12.272783406365775
12.303142007295936
12.314757771314882
12.319197492289119
12.320893737221517
12.32154170677414
12.321789218113594
12.321883760344898
8.633161854292439
7.53621664868499
7.155023667774683
7.014564002420038
6.961643904536197
6.941535763917403
9.896559088671083
11.332296619898969
5.858324407638662
4.553267352513432
8.424300776035503
10.656124217669138
11.656946197656893
12.063572390717995
8.563579775614038
7.512957669561611
10.200155864176791
11.46384526301079
11.986847252034991
12.19285561868017
12.272474978736003
12.303023906089066
12.314712617943725
12.319180238998571
12.32088714614068
12.32153918907245
12.321788256417738
12.321883393006958
12.32191973214433
12.32193361248796
12.321938914311586
12.321940939428622
12.321941712954574
12.321942008415203
12.321942121271135
12.321942164378253
12.321942180843708
12.321942187132962
12.321942189535243
12.321942190452832
12.321942190803309
12.32194219093719
12.321942190988313
12.32194219100785
12.321942191015308
12.321942191018174
12.321942191019257
12.32194219101966
12.321942191019826
12.321942191019888
12.321942191019907
12.321942191019925
12.321942191019925
12.321942191019925
12.321942191019925
12.321942191019925
13.230640418964708
13.595158188810773
13.737027335248154
13.791606427035397
13.812510971966184
13.820504157934518
12.874137862307657
12.530009880149843
12.401006008887034
12.352082208293734
12.333445962742278
12.326334973780508
12.323619899919944
12.32258299183593
12.32218695121827
12.322035680522738
12.321977900748678
12.321955830910369
12.321947400992691
12.32194418105217
12.321942951144571
12.321942481361702
12.321942301920624
12.321942233380227
12.32194220720012
12.321942197200217
12.321942193380593
12.321942191921607
8.633177491689509
7.536221862701856
10.212208818346637
11.469017557242971
8.399845575012321
7.45776202998853
10.171466949574597
11.451518750625137
11.981922504688757
12.190941960878163
8.598003557615144
7.524478936944442
10.206127800354427
11.466408476789354
8.399115633928869
7.457514480855666
7.126390044765167
7.003828347830733
9.930388117064963
11.34707714326094
11.940063394647861
12.174656691566334
12.265474984917057
12.300343018198019
8.627394017976433
7.534293066156675
10.211210402417178
11.46858924955183
11.988741720130102
12.193591641477175
12.272757944966004
12.30313225784314
12.314754043838477
12.319196068006374
12.320893193118987
12.321541498934518
12.321789138724327
12.32188373002067
12.32191986087248
12.32193366165781
12.321938933092804
12.321940946602403
12.321941715694713
12.32194200946184
12.321942164530945
12.321942121670903
12.321942180902033
12.32194218715524
12.321942189543748
12.321942190456078
12.321942190804556
12.321942190937655
12.321942190988494
12.321942191007931
12.321942191015353
12.321942191018174
12.321942191019257
12.32194219101966
12.321942191019826
12.321942191019888
12.321942191019907
12.321942191019925
12.321942191019925
12.321942191019925
12.321942191019925
12.321942191019925
12.321942191019925
12.321942191019925
12.321942191019925
12.321942191019925
12.321942191019925
12.321942191019925
12.321942191019925
12.321942191019925
12.321942191019925
12.321942191019925
8.040239217895941
6.830438369326862
6.417968688315696
6.267077103368871
6.2103825457652535
6.188862771002462
6.18066264363381
6.177533342099702
6.176338473487385
6.175882135290238
6.175707838508293
6.175641264360019
9.464342945101885
11.140640984082498
11.856620001996266
12.14208748441683
12.25293147890323
12.29553668567321
8.033653595295108
6.828300844711906
6.4172014560403845
6.266790926141573
9.517458112118351
11.164481268352693
8.313942373552209
7.428537388151348
7.115800500692886
6.999851239474993
11.346136833992794
9.928233852210553
11.939685449144148
12.174509491420077
12.265418339832273
12.300321320162176
12.313679271077143
12.31878538218546
12.320736301867287
12.321481568419824
12.321766246810194
12.3218749860154
12.321916520949152
12.321932385919078
12.321938445803735
12.321940760474504
12.32194164460018
12.321941982306157
12.321942111298348
12.321942160568994
12.321942179388696
12.321942186577203
12.321942190371752
12.32194218932296
12.321942190772345
12.321942190925357
12.321942190983801
12.321942191006135
12.321942191014665
12.32194219101791
12.321942191019158
12.321942191019623
12.321942191019888
12.321942191019806
12.321942191019907
12.321942191019925
12.321942191019925
12.321942191019925
12.321942191019925
12.321942191019925
12.321942191019925
12.321942191019925
12.321942191019925
12.321942191019925
12.321942191019925
12.321942191019925
12.321942191019925
12.321942191019925
12.321942191019925
12.321942191019925
8.633177491448205
7.536221862621403
7.155025558585409
7.01456471046747
6.96164417294588
6.941535866144646
6.933870515151146
6.930944846205486
6.929400988590605
6.929827665948137
6.929238019276103
6.929175771548683
6.929151995180126
6.9291429134369995
6.929139444522937
6.9291381195161295
6.9291376134086375
6.929137420092781
6.929137346252704
6.929137318048298
6.929137307275174
6.929137303160205
6.929137301588434
6.929137300988067
9.889803532727635
11.329341254665653
11.932931413452252
12.171878480860165
8.59286552038087
7.522761103736407
7.150141378690676
7.012735357359395
6.960950637981395
6.941271716396496
6.933769729157284
6.93090636545188
6.929812969952144
6.929395375561575
6.929235875339675
6.929174952645123
6.929151682387857
6.929142793961142
6.929139398887249
6.929138102084858
6.929137606750481
6.929137417549596
6.929137345281288
6.929137317677249
6.929137307133443
6.929137303106073
0.01281011047015104
0.0729407799717681
0.6262068571502419
2.7664410160869437
4.8794094051202554
6.060398680846064
9.396490007298453
11.110065178683776
11.844179953749478
12.1372198258735
12.251054993104173
12.29481740558035
12.31157438862655
12.317981012748989
12.320429005223726
12.32136418354189
12.32172140860866
12.321857859176003
12.321909979053764
12.321929887133761
12.321937491352152
12.321940395906363
12.321941505347528
12.321941929116363
11.167965593292
11.475654489750855
11.052628452548014
11.008888637694387
10.992227238099737
10.985869807191287
11.793431216821942
12.117329579915609
12.243382452155164
12.291875717656573
12.310449149200837
12.317550973729464
12.32026471051832
12.321301423526577
12.321697435683205
12.321848702226372
12.321906481394638
12.32192855114458
8.63317384116322
7.536220645498159
10.212208188327098
11.46901728698079
8.399845499406515
7.457762004348582
7.126480391440046
7.003862263555055
9.930406484812233
11.34708516000744
11.940066616795242
12.174657946498295
13.17000948120122
13.571327395592776
11.906889665288254
11.326441684146483
8.3598057446104
7.4441634029942705
7.121514120388576
7.001997554028443
9.929396532023807
11.346644344636275
11.939889439079327
12.174588940661273
8.59359635349148
7.523005486614909
10.205364367100586
11.466080855407089
11.164405919873344
11.051282687761775
10.992031956506594
11.00837661627547
11.79595753127342
12.118320982671634
12.243765063952717
12.292022439787933
9.944221293749933
9.170855056830865
8.280905756412398
7.964243497102102
7.846510852790139
7.802001739068649
7.785067485173922
7.778608881139211
7.776143328347209
7.775201777256976
11.521374727736205
10.334712014396041
9.03500843690242
8.233836108639146
10.563448594066415
11.618118034428916
12.048208178233615
12.216658604628703
12.28162076579966
12.306525175533
8.629050015737235
7.534845425345062
10.964556895262463
12.653764341646387
13.365615825845335
13.647968532186228
8.976885794184938
7.649444899574325
7.195896282161934
7.029842540147017
9.944460512592729
11.353216465928949
11.942530542678004
12.175617512132423
12.265844714385505
12.300484642437965
13.59170151943841
13.221835195444612
12.792307193438434
12.499528880686041
12.389474498242176
12.347693678829252
8.64006462177255
7.538517688766691
7.155858051128137
7.014876440750508
9.936368530331794
11.349686857149461
11.941112234978146
12.175065173074218
12.265632173234366
12.300403229236279
12.313710591471624
12.31879735046303
8.314623722145402
9.268939041636347
10.60291805365309
11.634680128102623
12.054765634848296
12.219197922634535
12.282595793971158
12.306898349200587
9.265518249979225
8.313451490464928
7.976184995435635
7.85100259148604
7.05656822766964
7.26773824793417
6.977537678465995
6.94758484471265
13.796957371537683
11.41384882777253
9.014191667503027
7.6615717862346395
10.27675889150922
11.496653975487135
11.999939219029045
12.197940532133856
11.431405289599976
11.1514974363024
12.735739755786486
13.398623149252325
13.660832737239051
13.762336814452194
13.801306677189812
13.816220947693227
11.988505234028523
11.356033758566916
11.943662423815553
12.176058277495711
7.5231379468416755
8.593992495166185
10.958046408274168
12.650893914313116
9.363599768807916
8.3469564166607
11.40173454529187
12.844152811324465
12.396787826366383
12.518854724769298
12.350477193653946
12.332833802079229
8.636091492880855
7.537193383622936
10.212711653449514
11.469233257285468
8.399905916708043
7.457782493421124
7.126487869918135
7.00386507092927
6.957586193990618
6.939990054743021
6.93328067915943
6.930719638045995
9.890666117072323
11.329718680462594
12.813104558193878
13.429653793680298
8.921763720075512
7.631469418608336
12.677310156058903
11.018051980708218
8.727445922221046
7.567548566535427
7.1663714850121725
7.018811312244708
9.938497099046552
11.350615481004596
11.941485411640645
12.17521050516321
8.5937639344675
7.52306152211417
10.205393402252485
11.466093315891467
11.987745051997102
12.193204433325379
12.272609082916077
12.303075256660488
8.628125958719513
7.534537213573107
7.154414586065452
7.014335915012239
9.936076075295713
11.349559259121467
8.366318968198923
7.446378210003653
7.1223233599885365
7.002301457885334
6.956992852398805
6.939763985640606
9.895594156009965
11.331874565410399
11.93395053424922
12.172275534686825
12.264558623856068
12.299991996288565
12.31873726180504
12.313553342902374
12.320717918584435
12.321474546202625
12.321763564499443
12.32187396145475
12.321916129600469
12.321932236436973
12.321938388706634
12.321940738665347
8.04023885591376
6.8304382518664495
9.16022388281575
10.24685352797814
8.045990804771744
7.336161788052769
9.413579622572051
10.35419485244143
8.07808159736141
7.347324252481204
10.113668494930351
11.42661958924176
11.971964670190271
12.187071060897447
12.270250720084604
12.302172152356585
12.314386960904741
12.31905580293439
12.32083960905955
12.321521030540607
12.321781320332386
12.32188074363717
12.321918720172054
12.321933225948506
12.321938766666584
12.321940883033223
12.321941691413446
12.321942000187228
12.321942118128312
12.321942163177805
8.04023921095663
6.8304383670751125
6.267077103067444
6.417968687507542
6.210382545651158
6.1888627709590285
6.180662643617241
6.177533342093376
6.175882135289314
6.1763384734849645
6.17570783850794
6.175641264359881
6.175615835487515
6.175606122550201
8.814299948940883
10.097287453559847
10.635236893001789
10.84819833936449
10.930663271485255
10.962327266767494
12.652781432956619
13.365219257951471
11.837491811161762
11.301180722508466
11.102802165319437
11.02795073593778
7.706624281832845
6.720762913914123
9.775130607505371
11.278983575876575
11.91264382363985
12.16396998387661
12.261361459931146
12.298767161488126
11.467405685365602
11.164898628280127
12.741583590598648
13.400971143765656
12.473783066450963
12.723439877405667
8.077940596924268
6.842654492383328
10.568318879403062
12.477108391801075
13.294033474549458
13.620002557293171
12.8024748978559
12.503322779636129
12.390910744768046
12.348240406575382
8.046789418665837
6.832563323845004
10.562363005340943
12.474422095506194
13.292940146855345
13.619574692524509
12.80232127628331
12.503265472323067
12.390889052090198
12.348232149239173
12.331977448347093
12.325774353972857
12.32340580636645
12.32250122181695
8.04037854774549
6.830483580540867
9.835781866351557
11.305663293237096
11.923399233711198
12.168163687650637
8.001762932977208
6.817934602259182
6.413478542361924
6.265401980996345
9.516652334261106
11.164120216991913
11.051174663863883
11.008335514889538
7.701385550023673
6.719017507667218
6.3777763460282655
6.252056825625008
6.204692995458515
6.1866964732237655
8.820342737416762
10.099931000490278
10.636300347860848
10.848612664049906
12.602486767688074
13.344901723624623
12.703079704160716
12.466154995549731
8.076053370547116
6.842043825975557
6.422131704459937
6.26862953766488
6.210970113611685
6.189086417728532
8.821644067146755
10.100500148495332
7.452319105150393
6.635173484183178
6.347259255409095
6.240613168955456
9.502252831937703
11.1576649280945
7.741123569534031
6.732238886256402
6.382567069373769
6.25385023180934
6.20537276589218
6.186955360555871
9.470962172460109
11.143616469956893
11.043417757588307
11.005383485324337
7.700596637913489
6.718754599548612
9.77401477112793
11.278491776526039
11.094282599402176
11.024717723220036
10.99826157989695
10.98817299693319
10.982851329015253
10.984321944066261
10.982289656017281
10.982075123603995
7.694363020730715
6.71667663600909
6.37692753190301
6.251738985435525
8.855648323383544
10.115353853829774
10.642501277745236
10.851028052182134
7.659162495635503
6.704923042212709
9.766324236857084
11.275101267567914
7.772144232376999
6.742530757567833
6.386292271929509
6.255244185640725
9.510756067045609
11.161477654011366
6.732574475367673
7.742133857401341
6.382688593290909
6.253895713438573
9.509972878321276
11.161126571781045
12.145342403984209
11.864942951633788
11.412551972255361
11.144468857123481
12.142696076679178
11.858175920554611
12.253166058948937
12.295626598303349
12.311883887708934
12.318099291477797
12.320474192522378
12.321381444844668
10.687305371345715
10.121994261391716
7.458372617769847
6.63723166739347
6.348011226390393
6.240895560005226
6.200459732049462
6.185083860391317
9.469867781973866
11.143124606461985
11.857629559567556
12.1424823750564
11.411525375809447
11.144085932622493
7.737523702559757
6.731042891954469
6.382133944084069
6.253688125671572
9.509852302681493
11.161072519409807
11.050022226928338
11.00789701539334
10.991849034800705
10.985725428400556
8.262843003900564
7.411064553216676
7.109402791503728
6.997446683095581
9.926931018525424
11.34556810243252
11.939456845239382
12.174420454624686
12.265384076774822
12.300308195585636
12.318783464460282
12.313674252489132
8.039451880351079
6.830182876665445
9.835616469556475
11.30559067574859
11.923369980681983
12.168152284605291
12.262971576042617
12.299384022294252
12.313320857909797
12.318648422536675
11.474482787036319
11.167530028805944
11.867542631435906
12.146358791414858
11.412916764653712
11.144604920992549
7.73766133906462
6.731088625653932
6.3821505072631615
6.253694324910479
6.205313675918415
6.186932857116387
6.17992638789713
6.177252249470661
9.465285897239113
11.141064940006725
11.856792343962299
12.142154897822564
12.252957463554322
12.295546645431756
11.164472032374324
11.466258617980678
11.051307684571299
11.008386127131061
10.99203558393537
10.985796643759238
10.983414515396188
10.982504759662959
7.694477997064351
6.716714972551199
6.37694143443594
6.251744191478099
9.508723064501538
11.160566277183259
11.864715439002614
12.145253447642482
12.254151710435067
12.296004378903243
12.312028376478702
12.318154508938047
11.474307054918759
11.167464700420144
7.743719861674279
6.733101246628377
9.781981371155034
11.282002255823356
12.1644449058372
11.913861534186616
12.261544314193173
12.298837218351643
11.467430635807538
11.164907907090035
7.743042616189721
6.732876316263999
9.110025449291317
10.225368480081768
7.4873760703083105
6.6470784923016994
9.734055187274121
11.260856866344795
11.905327419207286
12.16111586504901
12.260262475303193
12.298346094445025
12.312923945164464
12.318496748252311
12.320626035256769
12.321439447658257
11.475475738726487
11.167899146816055
7.743834928661573
6.733139462078501
6.382893178475479
6.25397228042902
8.856856533313426
10.11588097387223
10.642713108925925
10.851110549363476
7.65918473760325
6.704930479422806
6.842626348290427
6.89596470343861
6.9164477023755015
6.924287559693334
9.887159019494792
11.328184014901645
11.112927976938767
11.031791294809741
11.812236778866737
12.124706310307669
12.246228888295033
12.2929671874241
8.033012287224969
6.82809263466405
6.890366369434294
6.914302439202713
9.881710630725534
11.325799195180437
7.785474317570849
6.746945544067271
6.387889152471128
6.255841577185699
8.857867615644635
10.116322056569398
10.642890359452474
10.85117957840627
10.931810562364369
10.962766748089681
7.689192969668167
6.714952420613074
9.100754296931772
10.221392406195319
10.684977895443897
10.867550219027027
7.6636149337877235
6.706411570631081
6.250344091526066
6.373203197188034
10.1150245382752
8.854893552101153
10.850976510625852
10.642368933834401
10.931732420566481
10.962736815991926
10.974602636335414
10.979138365404236
10.980871354465958
10.981533369579452
10.981786247385546
10.981882839649378
10.981919734835355
10.981933827575086
10.981939210527447
10.98194126663298
10.981942051995523
10.981942351977322
11.791820609474009
12.11669746000993
8.577964900529953
7.51777569024206
7.148331071716687
7.012057116816701
6.960693478494609
6.941173766784715
6.930892096050258
6.933732356007475
6.929807520382095
6.92939329413597
6.929235080324064
6.929174648978842
6.453248091572956
6.280213529613032
6.215351605147317
6.190753738481547
9.473182707543767
11.144614360601242
11.858235056950846
12.142719206706255
12.253174974204546
12.29563001542758
12.3118851946599
12.31809979094065
12.320474383336979
12.321381517734721
12.32186038830045
12.32172802987023
12.321910945097361
12.321930256130159
8.040236243265177
6.830437404082128
9.835756468107773
11.305652142183282
12.168161936616817
11.923394741658917
12.262975291510674
12.2993854456906
12.313321402214866
12.318648630532667
12.32068405893237
12.321461612161144
12.321758624017722
12.321872074341506
12.321915408784847
12.321931961109541
12.321938283540849
12.321940698495592
8.040238845901925
6.830438248617686
6.417968644993144
6.267077087210178
9.517624110903043
11.164555646415446
7.428544608494365
8.3139635297271
10.156227536332848
11.444962226712345
11.979301675952314
12.189923361337431
12.271347558556448
12.302592185694584
12.314547556968154
12.319117168181977
12.321529985382163
12.32086305185637
12.321784740849
12.321882050168696
12.321919219224219
12.3219334165697
8.633175143241997
7.536221079653437
10.212208413044065
11.469017383378588
11.988912667670961
12.193658053040895
12.27278347657689
12.303142034180532
12.314757781593581
12.31919749621663
8.632442909623373
7.5359769228413835
7.154936731396375
7.0145314474348925
9.936181871017876
11.349605418025284
11.94107950696221
12.175052427151531
12.265627268508021
12.300401350486407
8.627409645692337
7.534298279098275
10.211213101040084
11.4685904072615
11.988742182391864
12.193591821062466
8.008145856087387
6.820011449062962
6.88725033953
6.9131079201096775
9.881058514866435
11.325513702443855
11.931391367511825
12.171278432600786
12.264174867583643
12.299844989526798
8.627260589997046
7.534248558310276
10.21118736165674
11.46857936505413
11.988737773348948
12.193590108181711
12.27275735549681
12.303132032128687
8.62814116726289
7.534542286425301
7.154416425966044
7.014336604031722
6.961557700505037
6.941502931888812
12.503244739072212
10.626374974183681
13.304663432193827
13.624161370336418
13.74821379817843
13.795895173249411
13.814151452645248
13.821131105399703
13.823798026180642
13.824816835089827
12.875672210987423
12.530580262459722
12.401221629443532
12.35216424265559
12.333477249740271
12.326346917450724
12.323624460989786
12.32258473386279
12.322187616591908
12.322035934669739
12.321977997823744
12.321955867989672
12.321947415155725
12.321944186461984
12.321942953210925
12.321942482150975
12.321942302222094
12.321942233495385
12.321942207244106
12.321942197217012
12.321942193387002
12.321942191924071
12.321942191365281
12.321942191151834
12.321942191070306
12.321942191039177
12.321942191027285
12.321942191022728
12.321942191020996
12.32194219102033
12.321942191020089
12.321942191019989
12.321942191019945
12.321942191019925
12.321942191019925
12.321942191019925
12.321942191019925
12.321942191019925
12.321942191019925
12.321942191019925
12.321942191019925
12.321942191019925
12.321942191019925
12.321942191019925
12.321942191019925
12.321942191019925
12.321942191019925
12.321942191019925
12.321942191019925
12.321942191019925
12.321942191019925
12.321942191019925
12.321942191019925
12.321942191019925
12.321942191019925
12.321942191019925
12.321942191019925
12.321942191019925
12.321942191019925
12.321942191019925
12.321942191019925
12.321942191019925
12.321942191019925
12.321942191019925
12.321942191019925
12.321942191019925
12.321942191019925
12.321942191019925
12.321942191019925
12.321942191019925
12.321942191019925
12.321942191019925
0.09087865811498196
0.013932446478451427
0.9229078471248201
4.5789770367894
8.44243821826366
10.664881663710332
11.660604481928514
12.065018333807158
12.223166480786464
12.28411936023297
12.316416666964804
12.307481428836244
12.319831336100115
12.321135873499948
12.321634198904924
12.321824547591575
12.321897255096276
12.321925027005069
12.321935634946806
12.321939686822414
12.321941234501532
12.321941825662414
12.32194205146578
12.321942137714974
12.321942170659248
12.321942183242838
11.475654580151783
11.167965626896256
11.05262846525113
11.008888642527333
10.992227239942956
10.985869807894922
10.983442455491975
10.982515430937548
10.982161359717281
10.9820261195584
10.981974462853907
10.981954731812671
10.981947195234916
10.981944316519732
10.981943216948574
10.981942796949792
10.981942636524549
10.981942575247547
10.981942551841819
10.98194254290162
10.981942539486777
10.981942538182413
10.981942537684198
10.9819425374939
10.981942537421206
10.981942537393447
10.981942537382846
10.981942537378785
10.981942537377241
10.981942537376646
10.981942537376433
10.981942537376344
12.661424388813224
13.368705724052756
13.649173615040961
13.757849152247093
13.799587515716315
13.815563551521121
13.821670734650013
13.824004183498495
13.824895585618789
13.825236086101587
13.825366147926257
13.825415827445571
13.825434803380531
13.825442051549594
13.825444820104817
13.825445877598959
13.825446281525805
13.825446435812129
13.825446494744256
13.825446517254342
13.825446525852415
13.825446529136599
13.82544653039104
13.825446530870186
13.825446531123124
13.825446531053208
13.825446531149815
13.825446531160015
13.825446531163902
13.825446531165401
13.825446531165966
13.825446531166193
13.825446531166278
13.825446531166307
13.825446531166326
13.825446531166326
13.825446531166326
13.825446531166326
13.825446531166326
13.825446531166326
13.825446531166326
13.825446531166326
8.401701949776465
6.946139143660532
10.629085353026301
12.504462769356241
13.305158484277806
13.624355002057332
12.804037440397433
12.503905649633051
8.08538612686759
6.845062848119921
9.843795539902546
11.3091807941312
12.168715962105196
11.92481607506748
12.299467147029015
12.2631885563338
12.313352644644674
12.318660569232524
12.320688619862057
12.32146335439101
12.321759289506328
12.321872328537868
12.321931998196488
12.321915505879563
8.040236677454812
6.8304375449733294
10.561107663544655
12.473855775368067
13.29270963491221
13.619484480802086
13.746410928205156
13.795204121877598
12.865130741680193
12.52666070488478
12.399739804031462
12.351600453934596
8.047625697613537
6.832834544628322
9.837074817053093
11.306230937435323
11.923627897936086
12.168252822046782
12.263010277072732
12.29939884865151
12.313326527489336
12.318650589060017
12.320684807146813
12.321461897971673
8.040119509102155
6.83039952457253
9.835735633320859
11.305642994693805
11.923391056713584
12.168160500198734
8.001762132352418
6.817934341691278
6.413478448738083
6.265401946060887
9.516652313992386
11.164120207909715
11.051174660429893
11.00833551358296
10.992016279967272
10.98578927448062
10.983411701192004
10.982503684821573
11.792050827866912
12.116787817782802
11.402295703185857
11.140642271980738
11.042291837000565
11.004954889592213
10.990726788381576
10.985296993703075
10.983223704758649
10.982431882130518
11.792021379968723
12.11677625992045
12.243168901106795
12.291793824895727
12.31041782161964
12.317539000745676
12.320260136236522
12.321299676159185
12.321848447277574
12.321696768226758
12.321906384012404
12.32192851394781
12.321936966841449
12.321940195561055
11.475653873069591
11.167965364056384
11.052628365892076
11.008888604725742
12.673281926851264
13.373486522177238
13.651037822034652
13.758566855160364
13.799862481079106
13.815668699888716
8.39943182200199
6.945422195928614
6.282359855546055
6.459023663206885
6.216162875909615
6.191062377517905
6.181501613209236
6.177853624278285
6.176460784771434
6.175928850305854
6.1757256815111825
6.175648079701106
6.175618438704608
6.175607116888957
6.175602792345671
6.175601140517918
6.175600509575979
6.175600268577619
6.175600176524441
6.1756001413632555
6.175600127932876
6.175600122802931
6.175600120843463
6.175600120095014
6.175600119809132
6.175600119699935
6.175600119658227
6.175600119642293
6.175600119636205
6.175600119633881
6.175600119632993
6.175600119632655
6.175600119632529
6.1756001196324775
6.175600119632457
6.175600119632453
6.175600119632446
6.175600119632446
6.175600119632446
6.175600119632446
6.175600119632446
6.175600119632446
6.175600119632446
6.175600119632446
6.175600119632446
6.175600119632446
6.175600119632446
6.175600119632446
6.175600119632446
6.175600119632446
6.175600119632446
6.175600119632446
6.175600119632446
6.175600119632446
8.814296676321646
10.097286021579212
10.63523631689322
10.8481981149042
7.132410252864221
6.0767612275098895
5.716116000833013
5.584081675458638
5.9426039110755315
6.0855442479767765
10.105416508186225
12.265466291467613
11.455535769085483
11.160482914116644
7.7418702939425845
6.732486929635966
6.382656891490215
6.2538838487512844
9.509965986882305
11.16112348245684
11.864941697205428
12.145341913511666
8.585705031042624
7.520366031885943
7.14927177102889
7.012409567756159
6.960827114569474
6.941224667778483
6.457532354036814
6.281805766798719
6.2159534572079105
6.19098270886056
6.181471229362847
6.1778420255130495
6.175927158594689
6.176456355433619
6.175725035356219
6.175647832894965
6.1756183444335
6.175607080880664
9.46432293496149
11.140631987141987
11.856616344613617
12.142086053785878
12.2529309274623
12.295536474309118
12.311849417812422
12.318086118490776
12.320469159917316
12.321379522418798
12.321727267705892
12.321860097176462
12.321910833897434
12.321930213655506
12.321937616072447
12.321940443545294
12.321941523543973
12.321941936066795
12.321942093636496
12.321942153822775
12.321942176811879
12.321942185592942
12.321942188947
12.321942190228132
12.321942190717492
12.32194219090441
12.321942190975795
12.321942191003075
12.321942191013495
12.321942191017468
12.32194219101956
12.32194219101898
12.321942191019787
12.321942191019863
12.321942191019907
12.321942191019925
12.321942191019925
12.321942191019925
0.09087865811498196
0.013932446478451427
4.5789770367894
0.9229078471248201
8.44243821826366
10.664881663710332
11.660604481928514
12.065018333807158
12.223166480786464
12.28411936023297
12.307481428836244
12.316416666964804
12.319831336100115
12.321135873499948
12.321824547591575
12.321634198904924
12.321897255096276
12.321925027005069
12.321935634946806
12.321939686822414
12.321941234501532
12.321941825662414
12.32194205146578
12.321942137714974
12.321942170659248
12.321942183242838
12.321942188049348
12.321942189885272
12.32194219058653
12.321942190854376
12.321942190956687
12.321942190995772
8.633177491441735
7.536221862619246
7.155025558584624
7.014564710467172
6.961644172945766
6.941535866144601
6.933870515151134
6.930944846205486
6.929827665948137
6.929400988590605
6.929238019276103
6.929175771548683
6.929151995180126
6.9291429134369995
6.929139444522937
6.9291381195161295
6.9291376134086375
6.929137420092781
6.929137346252704
6.929137318048298
6.929137307275174
6.929137303160205
6.929137301588434
6.929137300988067
6.92913730075875
6.929137300671151
9.210558487706319
10.268323918164507
10.703690649890763
10.874816055012083
10.940899864078004
10.966247489554064
10.975944912915473
10.979651261948192
10.98106729160756
10.98160821500722
10.98181483639317
10.981893759765859
10.981923905961413
10.981935420805335
10.981941499082293
10.981939819087522
10.98194214078326
10.981942385891225
8.261756045502171
7.410692156029322
7.10926633621281
6.997395382293803
6.955130620496713
6.939054379193397
6.932923613545144
6.930583299326876
6.929689587362978
6.929348250186801
6.9292178754247455
6.929168077344336
6.929149056264652
6.929141790872503
6.929139015741647
6.929137955736282
11.329341410854216
9.889803889677745
11.932931476289387
12.17187850534242
12.26440582086607
12.29993346189149
12.313530960068316
12.31872870871911
12.32071465107034
12.32147329804655
12.321763087735064
12.321873779345314
12.321916060040621
12.321932209867457
8.633174820305932
7.536220971976084
10.212208357310715
11.469017359470428
11.988912658124889
12.193658049332335
11.429872153955074
11.150926145980655
11.046184139801456
11.006436428579672
10.991291930770803
10.985512748814273
10.983306099824093
10.982463351903114
10.982141467908399
10.982018521652831
10.981971560725261
10.981953623300072
7.6943305051263255
6.716665794271651
6.376923600198569
6.2517375131399
6.186650372185747
6.204571951015973
9.470783839452608
11.143536322262257
7.737377940737456
6.7309944578356955
6.382116402829783
6.2536815603494835
6.205308838006388
6.186931014671723
6.179925684942795
6.1772519810821755
6.176231022416557
6.175841095445109
6.175692163092566
6.175635276943848
6.175613548506823
6.175605249002581
6.175602078876996
6.175600867997197
6.175600405482335
6.175600228817388
6.175600161337383
6.175600135562318
6.175600125717117
6.1756001219565855
6.175600120520187
6.175600119971536
6.175600119761968
6.175600119681921
6.175600119651347
6.175600119639666
10.162277805409712
12.291782166468785
8.625099996210245
7.533527785354804
7.1540484557731405
7.014198801673194
9.936001886999437
11.349526890425164
11.941047948865691
12.175040136833422
12.265622539098716
12.300399538891073
12.318796811243704
12.313709180360073
12.320740668069194
12.321483236261246
7.536180908205828
8.633054665224877
7.1550107066279764
7.014559148886928
6.94153506316846
6.96164206463742
9.896558707064516
11.332296452992079
11.934120240930211
12.172341651101085
12.264584069499183
12.300001743733219
12.313557070199003
12.318738686104897
12.320718462706017
12.321474754051334
12.321763643892458
12.321873991780448
12.321916141183895
12.321932240861473
12.321938390396642
12.321940739310863
12.321941636516382
12.321941979218408
12.3219421601185
12.321942110118947
7.536221859863983
8.633177483178414
7.155025557585452
7.014564710093017
6.961644172803927
6.941535866090575
6.93387051513052
6.930944846197615
6.929827665945133
6.929400988589448
6.929238019275661
6.929175771548513
9.889824505748297
11.329350431701195
8.360625716533162
7.44444229126525
7.121616027943995
7.002035825820456
9.92941726223296
11.34665339305544
11.939893075969508
12.17459035713611
12.26544945836828
12.300333240199834
12.31368382906955
12.318787123905379
12.320736967250422
12.321481822588922
13.230451603758109
13.595084080485032
13.736998732948653
13.791595458515138
13.812506776012862
13.82050255429535
13.823557891320982
13.824725104482946
13.82517096625018
13.825341274086156
13.825406326444664
13.82543117431536
13.825440665369205
13.825444290630895
13.825445675357905
13.82544620427659
13.825446406305552
13.82544648347374
13.82544651294938
13.825446524208063
13.825446528508502
13.825446530151138
13.825446530778557
13.825446531018212
13.825446531109757
13.825446531144726
13.825446531158072
13.82544653116318
13.825446531165126
13.825446531165875
13.825446531166143
13.825446531166257
13.825446531166307
13.825446531166326
13.825446531166326
13.825446531166326
13.825446531166326
13.825446531166326
13.825446531166326
13.825446531166326
13.825446531166326
13.825446531166326
13.825446531166326
13.825446531166326
11.991562299498
11.357139763026304
11.123769368097475
11.03590086492831
11.0025215743527
10.989798482894322
10.98494257848355
10.983088354391155
10.982380186420855
10.982109702377585
10.982006388424713
10.981966926262759
10.981951853095579
10.981946095663492
10.981943896520924
10.981943056523326
10.981942735672806
10.98194261311882
10.981942566307367
10.98194254842697
10.981942541597277
10.981942538988559
10.98194253799212
10.98194253761152
10.981942537466141
10.981942537410605
10.981942537389404
10.9819425373813
10.981942537378213
10.981942537377023
10.981942537376574
10.981942537376394
10.981942537376327
10.981942537376305
10.981942537376288
10.981942537376288
10.981942537376288
10.981942537376288
10.981942537376288
10.981942537376288
10.981942537376288
10.981942537376288
12.661424388813204
13.368705724052756
13.649173615040961
13.757849152247093
13.799587515716315
13.815563551521121
9.01883301956794
7.663078362883267
7.200792343628987
7.031669129808229
6.96812331066358
6.944002818846515
6.931304166072007
6.934811663336962
6.929964889603344
6.929453399814879
6.929258038064768
6.92918341797003
6.92915491584217
6.929144029029025
6.929139870640942
6.929138282278696
6.929137675578398
6.929137443839521
6.929137355323141
6.929137321512894
6.929137308598536
6.929137303665684
6.929137301781509
6.929137301061813
6.92913730068191
6.929137300786909
6.9291373006418
6.9291373006264845
6.929137300620636
6.929137300618402
9.889803532526107
11.32934125457746
11.932931413416775
12.171878480846349
12.26440581143828
12.299933458279964
12.31353095868731
12.318728708191403
8.632317434499491
7.535935082988544
7.154921558033272
7.014525765454596
6.961629409477031
6.94153024328599
6.930944027092853
6.933868369781415
6.9298273531253685
6.929400869110285
6.929237973639756
6.929175754117306
6.929151988521956
6.929142910893811
9.210561336175378
10.268325131133729
10.703691132847773
10.874816242434504
10.94089993610201
10.966247517128528
10.97594492345729
10.979651265976162
10.98106729314631
10.981608215595006
10.981814836617687
10.981893759851612
10.981923905994186
10.981935420817855
10.9819398190923
10.981941499084122
10.981942140783962
10.981942385891493
8.261756045502255
7.410692156029346
7.109266336212823
6.997395382293803
6.955130620496713
6.939054379193397
6.932923613545144
6.930583299326876
6.929689587362978
6.929348250186801
6.929168077344336
6.9292178754247455
6.929149056264652
6.929141790872503
6.929139015741647
6.929137955736282
6.9291375508503
6.929137396197622
6.929137337125559
6.9291373145620385
6.929137305943548
6.929137302651575
6.929137301394146
6.929137300913858
6.929137300730396
6.929137300660324
6.929137300623333
6.92913730063356
6.929137300619432
6.929137300617936
6.929137300617369
6.929137300617155
6.929137300617075
6.929137300617041
6.929137300617018
6.929137300617029
6.929137300617018
6.929137300617018
6.929137300617018
6.929137300617018
6.929137300617018
6.929137300617018
6.929137300617018
6.929137300617018
6.929137300617018
6.929137300617018
6.929137300617018
6.929137300617018
6.929137300617018
6.929137300617018
6.929137300617018
6.929137300617018
6.929137300617018
6.929137300617018
6.929137300617018
6.929137300617018
6.929137300617018
6.929137300617018
6.929137300617018
6.929137300617018
6.929137300617018
6.929137300617018
6.929137300617018
6.929137300617018
6.929137300617018
6.929137300617018
6.929137300617018
6.929137300617018
6.929137300617018
6.929137300617018
6.929137300617018
6.929137300617018
6.929137300617018
6.929137300617018
6.929137300617018
6.929137300617018
6.929137300617018
6.929137300617018
6.929137300617018
6.929137300617018
6.929137300617018
6.929137300617018
6.929137300617018
6.929137300617018
6.929137300617018
6.929137300617018
6.929137300617018
6.929137300617018
6.929137300617018
6.929137300617018
9.889803532525345
11.32934125457713
11.93293141341664
12.171878480846287
12.26440581143826
12.29993345827994
12.31353095868731
12.318728708191403
12.320714650868743
12.321473297969524
12.321763087705632
12.321873779334087
12.321916060036331
12.321932209865807
12.321938378557357
12.321940734788672
12.321941634789056
12.321941978558643
12.321942109866932
12.321942160022237
6.973737099505322
5.6109756021143555
5.163811767637974
5.00257561056169
8.732629002157836
10.803443411853188
11.71824105129372
12.087762376959493
12.231962685386389
12.287495215287056
12.308773233341956
12.31691043459146
12.32001998850301
12.321207939595032
8.632980988523997
7.536156341729978
7.155001797668388
7.014555812764588
9.936195054113766
11.34961116981744
11.120952214392648
11.034833224358785
11.0021149932309
10.989643360539535
10.984883352938695
10.983065736026898
10.982371547526036
10.98210640269384
10.98200512806942
10.981966444851572
10.981951669213124
10.981946025426687
10.981943869692852
10.981943046275909
10.98194273175865
10.981942611623737
10.98194256573629
10.981942548208846
10.981942541513964
10.981942538956739
10.981942537979958
10.981942537606866
7.694327538390057
6.716664805065942
6.376923241467638
6.251737378806791
6.204571900092399
6.186650352790856
9.470783828111841
11.143536317165367
11.857796900741075
12.14254782891276
12.253108917965458
12.295604696725539
12.311875510984919
12.31809609023799
12.321380977665573
12.320472969521727
12.321727823576374
12.321860309502373
12.321910914999037
12.32193024463361
12.32193762790503
12.321940448064925
12.321941525270333
12.321941936726201
12.321942093888373
12.321942153918975
12.321942176848632
12.321942185606972
12.321942188952361
12.321942190230187
12.321942190718273
12.321942190904714
12.321942190975914
12.321942191003112
12.321942191013495
12.321942191017468
12.32194219101898
12.32194219101956
12.321942191019787
12.321942191019863
12.321942191019907
12.321942191019925
12.321942191019925
12.321942191019925
12.321942191019925
12.321942191019925
12.321942191019925
12.321942191019925
12.321942191019925
12.321942191019925
12.321942191019925
12.321942191019925
12.321942191019925
12.321942191019925
12.321942191019925
12.321942191019925
12.321942191019925
12.321942191019925
12.321942191019925
12.321942191019925
12.321942191019925
12.321942191019925
12.321942191019925
12.321942191019925
12.321942191019925
12.321942191019925
12.321942191019925
12.321942191019925
12.321942191019925
12.321942191019925
12.321942191019925
12.321942191019925
12.321942191019925
12.321942191019925
12.321942191019925
12.321942191019925
12.321942191019925
12.321942191019925
12.321942191019925
12.321942191019925
0.09087865811498196
0.013932446478451427
0.9229078471248201
4.5789770367894
8.44243821826366
10.664881663710332
11.660604481928514
12.065018333807158
12.223166480786464
12.28411936023297
12.307481428836244
12.316416666964804
12.319831336100115
12.321135873499948
12.321634198904924
12.321824547591575
12.321897255096276
12.321925027005069
12.321935634946806
12.321939686822414
12.321941234501532
12.321941825662414
12.32194205146578
12.321942137714974
12.321942170659248
12.321942183242838
12.321942188049348
12.321942189885272
12.32194219058653
12.321942190854376
12.321942190956687
12.321942190995772
12.32194219101069
12.321942191016397
12.321942191018577
12.321942191019403
8.633177491448063
7.536221862621355
7.155025558585398
7.014564710467459
9.936199868294404
11.349613270245975
11.94108266254771
12.175053656094956
12.265627741414772
12.300401531632819
8.627409694222939
7.534298295286642
7.15432793061436
7.014303463518692
9.936058516756672
11.349551598263277
8.366316811161637
7.446377476684419
7.122323092075155
7.002301357276006
9.929561087450395
11.3467161702411
11.939918308364131
12.174600184495173
12.265453240098521
12.300334688800348
12.313684382986256
12.318787335570416
8.632333126780292
7.535940315621758
10.212063089082383
11.468955042861598
11.98888777626463
12.1936483829925
12.272779758977963
12.3031406106714
12.314757237348104
12.319197288258412
12.321541677000795
12.320893659277992
12.321789206740954
12.321883756000915
12.321919870796078
12.321933665448281
8.633175209846549
7.536221101861546
7.155025282699299
7.014564607157049
6.961644133782521
6.941535851228776
6.933870509460078
6.930944844032609
6.929827665118312
6.929400988273653
6.9292380191550365
6.929175771502441
6.929151995162464
6.929142913430255
6.929139444520363
6.929138119515153
6.929137613408264
6.929137420092645
6.929137346252647
6.929137318048275
6.9291373072751625
6.929137303160205
6.929137301588434
6.929137300988067
9.889803532727635
11.329341254665653
11.932931413452252
12.171878480860165
12.264405811443597
12.299933458281995
12.313530958688096
12.318728708191685
12.320714650868844
12.321473297969568
0.013932369125211438
0.09087733716503649
0.9229058899260733
4.57897332767644
8.442435606136497
10.664880403313736
11.660603955551416
12.06501812577589
12.223166400284025
12.28411932933043
12.30748141701008
12.316416662444333
12.319831334372982
12.321135872840163
12.321634198652895
12.321824547495313
12.321897255059504
12.32192502699102
12.321935634941443
12.32193968682036
12.321941234500752
12.32194182566211
12.321942051465658
12.321942137714936
12.321942170659225
12.321942183242838
12.321942188049348
12.321942189885272
12.32194219058653
12.321942190854376
12.321942190956687
12.321942190995772
8.633177491441735
7.536221862619246
7.155025558584624
7.014564710467172
9.93619986829424
11.349613270245905
11.941082662547668
12.175053656094937
12.265627741414772
12.300401531632819
12.313709942343278
12.31879710241564
12.320740779304526
12.32148327875191
13.230452200994721
13.595084314896242
13.736998823420418
13.79159549320962
13.812506789285058
13.820502559367814
9.020064416893323
7.663477992368096
7.200935777679966
7.031722629644238
9.945476300374033
11.353659412849634
8.367473303042315
7.446770627787975
10.16573831927306
11.449054807875239
11.980937705622244
12.190559229441433
12.271592056967645
12.302685812985677
12.314583354080002
12.319130846523532
8.632425070442997
7.535970974365046
10.212078958265133
11.46896185038956
8.399829991007136
7.457756745033798
7.126478471796673
7.003861542932569
6.9575848553198485
6.939989544709432
9.89571700676367
11.331928300844528
11.93397214985044
12.17228395599067
12.264561864894004
12.299993237831394
12.313553817652384
12.31873744321975
12.320717987889823
12.321474572676545
12.321763574611829
12.321873965317355
13.230612437194953
13.595147206250873
12.793545823317661
12.499991153168468
12.38964951395456
12.347760303154649
12.331797454301073
12.325705636637792
8.63418456428559
7.536557641174296
10.965508528213597
12.654183821589225
12.447804920445346
12.369866558464512
13.250272286715116
13.6028599618578
13.739999329206189
13.792746061833725
12.864255098449869
12.526335031581752
8.68759890731565
7.554332495015507
10.975379735634231
12.658533724759014
13.367539828135671
13.648718927347526
13.757674092387667
13.799520445676473
13.815537903348032
13.821660933583372
9.020353184289421
7.663571702134512
7.031735174562715
7.2009694110942615
6.968148309465159
6.944012334475227
6.93481529317131
6.931305551843884
9.8909854872135
11.329858416454234
12.81316492060644
13.429677959477338
13.67291810370476
13.766986042675791
13.803087367017103
13.81690181855069
12.872856008200289
12.529533328541305
12.400825854323413
12.352013666543092
12.333419821578474
12.326324994494897
12.323616089010685
12.322581536320458
13.23090263239552
13.595261104216743
11.9149059697799
11.329353767213394
8.360626656734764
7.4444426110362505
12.631499845363097
10.914120844490032
12.439276997269943
12.366628891254674
12.338991900333873
12.328451817961824
8.634919304087285
7.536802603086438
7.155236156458184
7.014643571831775
6.961674067948274
6.9415472520215875
10.626400889501596
12.503256386191644
12.390885612688919
12.348230840027341
8.640208188783614
7.538565534819564
9.511950194289287
10.395390813422686
10.754091544895608
10.894346878156986
10.948401146727523
10.969118754445226
8.258069787448607
7.409429000725834
10.894484956904249
12.622814581089006
11.581887419795567
11.207342583996223
11.067497604426622
11.014543322110557
8.271115489575745
7.413897755147316
7.110440806134419
6.997836908085908
10.659232964492466
12.517998027377068
13.310657703917823
13.626505634657626
8.97149091233625
7.647688628494108
7.195265176525026
7.029607035624371
6.967342708091099
6.943705677016658
10.627662861933866
12.503823533128681
13.304898678996988
13.62425338392384
13.748249264183736
13.79590876703002
9.013929975708288
7.66148682715319
7.200221067591489
7.0314560415522775
10.67876420437514
12.526754268748277
13.314213306648133
13.627895866046245
12.80530839510326
12.504379717178544
8.085503215553802
6.845100711064359
6.4232275194566215
6.269038075664584
6.211124722787933
6.189145264650589
6.180770402116426
6.177574481116282
6.176354184121754
6.175888135770487
12.291865802475629
10.162458833999601
11.464947366233528
11.16398434377357
11.051123289772509
11.008315967772567
8.879161802470419
8.179294713893883
7.92677322016956
7.832389502526926
9.651889203741398
10.453543723331748
10.777030833023222
10.903217337150743
10.951805315440845
10.97042136654899
12.65634904362317
13.366658568202453
13.648375228563246
13.757541762110584
13.815518515338407
13.799469746114259
13.821653524737323
13.82399760878447
13.824893074139204
13.825235126778077
13.825365781493831
13.825415687480348
13.8254347499185
13.825442031128908
13.825444812304806
13.825445874619618
9.021296615845149
7.663877848258181
7.201079288365214
7.0317761574051225
6.968163821932947
6.94401823918304
6.934817545581242
6.931306411752409
6.929965747211107
6.9294537273677115
6.929258163175286
6.929183465757471
6.929154934095269
6.929144036001077
6.929139873304025
6.929138283295901
6.929137675966939
6.92913744398793
6.929137355379835
6.929137321534547
6.929137308606801
6.929137303668847
6.929137301782711
6.929137301062276
6.929137300681978
6.929137300787092
6.929137300641835
6.929137300626495
6.929137300620636
6.929137300618402
6.929137300617552
6.9291373006172226
6.929137300617098
6.929137300617052
7.988818709702346
8.435083062785486
8.612046338495364
8.680615966860906
8.706951093838393
8.717031290965116
8.720884663014376
8.722356969703291
8.722919406417976
8.723134247698399
10.79895521778917
11.716381310851332
12.087029583065945
12.23167943863944
8.017691168657777
6.823115351853739
6.415339584419778
6.266096361091101
6.188721458958879
6.210011306474267
6.180608738373545
6.177512762491803
6.176330614288981
6.175879133564188
6.1756408264310805
6.175706691983155
6.175615668214282
6.175606058657611
6.175602388137525
6.175600986124184
6.175600450602824
6.175600246051878
5.751451619446422
5.597241815021011
5.539436291323474
5.517514446537336
5.5091639627345765
5.505977698369064
9.058376655632255
10.95563387861181
11.781022595893045
12.112458152440976
12.241502142320304
12.291154624301308
8.032559848929631
6.827945737771461
6.417073981373534
6.266743376110656
6.2102562243852875
6.18881468742069
6.1806443016308314
6.177526339618751
6.176335799294076
6.175881113914617
6.175707448388511
6.175641115349126
6.1756157785707035
6.175606100809949
6.175602404238276
6.175600992274125
6.175600452951895
6.175600246949147
9.464318934543373
11.140630188476333
11.856615613430566
12.142085767774454
12.252930817218344
12.295536432053249
12.3118494016507
12.318086112314408
8.039278043007384
6.830126464003865
6.417856743843946
6.267035349458415
9.517599899599256
11.164544798254212
11.866330800187555
12.145885023248317
12.254395109978208
12.296097666213022
12.312064055412598
12.318168143846913
13.22909240507522
13.594550587538818
8.347827234308024
6.929092118008106
6.280202616177084
6.453218732649599
10.227684196130976
12.321940480722802
12.321941537744515
12.32194194149092
8.040239155703798
6.830438349145998
6.417968681072779
6.267077100667367
6.210382544742704
6.188862770613233
6.180662643485333
6.177533342043018
8.81535051232343
10.097747125378127
7.451543180187273
6.634909596416873
6.3471628318252655
6.240576957077082
10.202986655185192
12.310566706437827
13.225973607402604
13.593326314267287
8.347540074422763
6.92900107303124
6.453186344769449
6.28019057676759
9.525226076807577
11.167960954201119
7.743851298671776
6.733144898772743
6.382895147084571
6.253973017183084
10.211346852665116
12.314418668952714
13.227554179789058
13.593946784803236
11.91446598091723
11.329193963863988
6.753538691086986
5.542631397702759
9.75108020307483
12.099377337459853
12.236450798385922
12.289217109560234
13.217207699491023
13.589884331553993
11.32869994140414
11.913105845272025
7.786235898929543
6.7471976308210575
9.789798790158445
11.285445281345483
11.915250176441088
12.164986456636695
11.419599095798304
11.147096887381984
11.044735078203624
11.0058849055857
8.268631405379356
7.41304717772737
10.89651671017942
12.623713706270156
8.114890380766793
6.8545929379538855
6.42662831316804
6.2703056737367255
8.86568478385721
10.119731231150705
7.457735641762328
6.637015145330777
10.445859268480813
12.421685689470484
11.511048174062836
11.181109778429173
11.057595427956123
11.010778083052353
10.992947811528968
10.986144876994038
8.262963507244532
7.411105836378887
10.895426644418787
12.623231325161356
11.582033473594066
11.207396567266699
7.754284634404578
6.7366085020140725
6.384149106798023
6.254442284419061
10.21163951168105
12.31455347633254
13.227609489648195
13.593968496448124
11.91447324944155
11.329196603811639
7.786366283922742
6.747240787295083
6.387995922401131
6.2558815164265
6.20614255597735
6.187248510281671
10.16959508399912
12.29516204813692
11.466121621618882
11.164421081479718
11.051288420298203
11.008378797408053
10.992032788388077
10.985795576561173
12.663121008353613
13.369389947573733
13.649440443928038
13.757951882681866
11.969167505643455
11.349033591222938
11.1207360403072
11.034751292132125
12.684645868457993
13.37806571533936
11.841836540797502
11.302764894585199
11.103396617662906
11.02817626202941
12.6817583933664
13.37690242399601
11.841443216638275
11.30262149581322
8.353085964351262
7.441877238833219
10.91268410532967
12.630864680479336
13.356371695764036
13.6443622255465
13.75599653059921
13.798877700853952
13.815292108168196
13.821567006052646
13.823964555919005
13.824880448240886
9.02115568823409
7.663832118119588
11.035875682869513
12.685139546831223
11.603697061335714
11.21539903964682
11.070535823476522
11.015698167974378
8.271446721556615
7.414011160646465
9.451611466016631
10.370153359895049
8.082834973384013
7.348975335495869
7.08659299419433
6.988862801132908
9.240802427336014
10.281189711104275
10.708811324672217
10.876802955391103
10.941663361222831
10.966539788851518
10.976056659122175
10.97969395947995
10.981083602697222
10.981614445593115
12.66127990224308
13.368647451971391
13.649150890096564
13.757840402974297
11.969130460456876
11.34902017433297
8.366167178047965
7.446326606234967
7.122304506849692
7.002294377973381
6.956990165610395
6.93976296192015
10.625357480456167
12.50278743306514
8.681357255371283
7.552258932911694
10.97422892976751
12.658026728556054
11.594217514075627
11.211898457001604
11.069215863206106
11.01519646697369
8.271302826707494
7.413961895014156
10.89703026400916
12.623940956229502
11.582282166885951
11.207488486381322
11.883744218951389
12.152689968715292
13.160927377709285
13.567751869279606
8.956695735489664
7.642868796307651
7.193532737953889
7.028960490079134
6.967097930130517
6.943612496336211
9.217903217581728
10.27145076895567
11.494385415403444
11.999034717978779
8.546051593287634
7.507080176763539
7.144444804217491
7.010600748663352
6.482109347673765
6.290927163876418
10.234351931142939
12.325008212453184
13.231897803790844
13.595651684745789
12.79372715321344
12.500058825479158
8.680633526539935
7.552018440695314
7.160750409409
7.016707951841487
6.962456565434767
6.941845265004428
9.896727631225192
11.332370336570294
12.814249928068588
13.430112324916795
11.859412602393181
11.309169801766458
8.354934141998104
7.442506128258828
7.6460494835853865
7.725257159311663
11.069577914378964
12.699922542971816
13.38421758279247
13.655220753403524
12.815109509401658
12.508034567496548
8.682748717459875
7.552721275426967
10.974485542073428
12.658139783889013
8.722402580751561
7.565877904076084
10.227540034101693
11.475591205862823
11.167942069072849
11.052619559887306
7.713204534740122
6.722954240672763
6.379203417024927
6.252591136365108
6.186773610337752
6.204895532534374
10.169296928213992
12.295024358108261
13.219593022650976
13.590821081704856
8.346952408817666
6.928814745702967
6.453120060806986
6.2801659371945835
8.871007409212305
10.122051438283146
7.458388710231824
6.637237137424898
10.445992721714202
12.421746305637512
11.511069629969487
11.181117738948132
7.7473346684102715
6.734301609843188
9.110762028734625
10.22568426605847
10.686691369279238
10.868215857942431
10.938363017418329
10.965276185823587
7.689865219980299
6.715176657047352
10.492677572248022
12.442921864265013
11.518561047292426
11.183896626233198
12.749860590863449
13.404295621241097
6.175600119632446
6.175600119632446
8.849712600190186
10.114976572610757
10.642479034870691
10.851026737712854
7.65914855732941
10.275519482413095
11.496124487401813
7.829989990212005
6.761654913366376
6.393205049831098
8.931660962845362
10.896840312816172
11.756833385026347
12.102952728486736
12.23783182185624
12.28974686982641
