3.095131939946838
3.095131939946838
2.8802432463030274
3.23390148668221
3.1473996647332427
2.9010430058436656
2.6189834127945266
2.5186364784618136
2.860803249896537
3.00344234827243
3.059783805250489
3.0815822084403814
3.5624991089292664
4.043086822428763
2.768822240994417
2.3960340745621176
2.267277760569401
2.559442789211522
2.6807257362396166
3.3778289727865234
3.436210172847352
2.6020493945859897
2.3398484170455145
2.246820959329812
2.0603301119008623
2.467560981688158
2.6435510786470386
2.5276349862966945
2.667951315261235
2.5365210836439056
2.48804575275634
2.300147804541327
3.4208962241568823
3.7075164663369127
4.732986844553358
5.578858367376495
5.940480075147548
4.915130232246703
4.571980589398029
5.505592144395235
5.504613900949835
5.1262016444008855
5.356519950167276
4.724653124185042
4.835591353312332
4.543577934298099
4.132030195241609
3.711176516531108
4.7347709952496055
5.5796615525989495
6.378919532839862
5.050653211781418
4.6197275032159
4.465009228146103
4.732310756305912
5.989951936023351
6.554168314738748
6.783444339587421
5.17067501623108
5.0051142406740645
4.603772716224407
4.459112843050908
5.8554347321894955
6.497552594927775
6.296647772111568
4.359038775361787
4.067104480893093
4.2529256262749895
4.0289990809249945
4.237661370157274
4.638783594326269
5.944454668793551
6.5351081504879875
4.747430918045752
4.5117571457298755
4.7511749572606945
4.5131159170195865
3.8383615118440586
4.796105968405914
5.607160234431526
5.9519731573410715
6.089207278625414
4.6209933642713725
4.1587815618468325
3.994696763379175
3.6635698550836198
4.711478826033187
5.569161173212286
5.149078946460232
4.036589625587908
3.6781978109438613
3.5498620639780563
3.50203261019151
3.483933946342243
4.304428346584321
4.6665655316056505
5.548822799243402
4.153531750782038
3.718541058969783
3.827566469451056
3.6042489165498512
3.522430406432122
4.025656544091548
5.631127594401047
6.873404723697547
7.417220946871611
4.982672785367898
4.2802261917418924
3.761464146319828
4.127891669445423
4.592513905373881
4.148972752433157
3.9910953286956645
5.612612395734556
5.545241774190023
6.363860332601555
7.2021798985075005
4.926992397785961
4.576192066659359
4.44889004785933
4.40120509143471
4.3831262552796195
4.376240371200648
6.702711915869386
11.258481620408732
6.73740655044619
3.6133420623566033
3.2836639677264414
3.649986662191977
3.539437587277024
4.992761590759722
5.693889834465155
5.9869714197159265
3.9822005782765504
3.929039909969851
3.9089221646555687
3.633320937984911
3.2905871366009407
3.168379965063782
4.4572573501298995
5.854503944660125
4.239486293298287
3.490348058662618
3.2405133046928825
3.6315909193578544
3.7931305356283676
3.591828383523046
3.5177889348910103
4.638968123570924
4.8019045156139555
5.224463557651675
4.358402422393327
3.7875590397816725
3.5898122859071147
3.517034597176879
3.7469743008388128
3.8387191199608086
4.466861892148452
4.733060679180771
4.8388763538538475
4.879915876502636
3.954651484569341
3.9186352890914407
3.9049650620096856
4.187348862883295
4.300521423774149
4.046162634631581
4.557567629867962
4.769544043313727
4.853089513410994
4.885385902744347
3.956344105245094
3.9192758398638285
3.9052088647878
3.8998490939232924
4.493899667289393
4.418160079915137
4.713282842551602
4.831143004047906
4.87693547482776
4.894540978689273
3.9591743926547567
3.920346547872376
3.6373733391343817
4.075335901766881
3.9638890109313056
4.21137174665716
4.969051339232751
5.293192704948975
5.050085903399072
4.302253790113256
3.768846464757733
3.583027519370384
3.5144941020838885
3.745940244688615
3.838314440182561
4.466682018907228
4.7329878783674
4.838847924599572
5.239780088681404
4.063602722647331
3.6875804234559175
3.553318136876231
4.336972900902866
5.025144625273356
5.315936943034515
5.431399274134105
4.119736168048308
3.7069550167608383
3.5604375831388415
4.340289972657479
4.359854474156604
5.0352549670784885
5.320019685719547
5.432992236798174
3.837216912525249
3.359934401689576
3.953684196255318
4.207227192874464
4.308308073644517
4.347555357224184
4.6843694868490715
4.819801390938892
4.8725591252236935
3.4281083999650694
2.9972802648013355
3.057384423655982
3.0806589732861847
3.8247826212770426
4.154296409880726
4.287523531038864
5.372148396284978
5.07872760142587
4.629519233874514
4.468621712369598
3.3166444478828105
3.1779399823515297
3.870473405501312
5.166215326686494
4.659820177197677
4.479770878387551
4.412849154770418
3.3007716420557487
3.1721220501065623
3.124316482856716
3.845396286775992
4.16283426671166
4.290887151816392
4.340832130891797
4.360062485616753
3.527937508141991
3.253799370240368
3.1548031199856807
4.144323466932735
4.283589121503679
4.338010600791816
5.39622377790457
4.737999162574568
4.508331273654532
4.7497966275939545
3.6452159261544
3.294697872294749
3.169891229850787
3.123477044449566
4.128556439741523
4.277356940961154
4.655333365950102
4.808367996837156
4.868140913589846
3.679643632036704
3.3065490691508366
3.174241674258052
3.1251137411713197
3.845771066093998
4.162989232301982
4.29094816349457
4.340855706433487
3.521993223055321
3.2517041942598177
3.1540270280783256
3.859323039313026
4.168586509770014
4.293150933668272
4.341706740819205
4.681961442314786
4.487889406210524
3.567092246252473
3.267545985811217
3.1598874757610855
3.862060526211533
4.4772169802152755
4.411888055820263
4.387186978847186
3.7970942934796965
3.5932615922343163
3.5183250213250177
4.981365007310763
4.595416452085199
4.456019591563752
4.403897813029966
4.7074654402544684
4.828864520329336
4.8760567941603705
3.6819279075491327
3.307332966368967
3.1745290942986495
3.1252218236892872
3.845821869535266
4.163010238039658
4.290956433579327
4.660981390135165
4.810595433857083
4.869002171924562
4.8914982574774095
4.900118404022817
3.6888572963329023
3.3097090947267453
3.175400057121202
3.3560471515318486
3.9519363882525536
4.206516680298884
5.3331504088114325
4.71676908805242
5.188887403122205
5.011840696241497
3.7207591923465264
3.3206130083768755
3.1793919067025818
3.127049538015075
3.8466808096444396
4.163365358704958
4.291096242809235
4.661039397008142
4.8106183016351824
3.66297503785259
3.3008197646295896
3.1721397147965416
3.1243231284708792
3.845399411024994
4.16283555858004
4.290887660445156
4.660952855721626
4.810584184804215
4.868997822997491
4.891496588659706
3.6863767633134668
3.3088588225496554
3.175088436783835
3.869146488084518
4.172636230951999
4.294743534186401
4.662552246298698
4.811214643030452
3.6631484725954855
3.3008794602291127
3.1721616274568727
3.867783781826941
4.47975011420584
4.738272272116265
4.198785444240124
4.963373614435212
4.927496829847607
3.6967163497619846
3.0849005287147757
3.0912198893984115
3.5667507740216102
3.2674265044045816
3.911746025606643
4.190124771946384
4.006169773407605
3.938056359522896
4.510665933635789
5.101085427502846
5.740763539180016
3.6496844444017973
3.069849777366589
3.312991235781857
3.6624041683097115
3.5440321703404294
3.4998346764293258
4.971349132814719
6.103764872084186
6.601459377849176
4.7657845604519435
4.208081047848175
4.012718686289912
3.6698742309356507
5.435579576183976
6.315492540779189
5.031411716420034
4.29617019012016
4.044598424178585
3.6809835889682048
3.5508887697667197
3.5024194584329913
5.339473462785709
6.272605481308617
6.670621829000416
4.784794868054089
4.525287573030654
4.1256687822417115
3.708993117206907
3.5611851716071787
3.50629518006532
5.341729566843344
5.84273718030243
5.631009885375641
4.176923808818134
3.4705835502656326
3.727993878393848
3.5681425894284255
6.199916517783169
6.184876879932387
5.359506087819096
3.8173087016779155
3.600556338762695
3.5210515483637996
3.491148897415263
4.966632917628378
5.292208543647712
3.0687112371677023
2.4920224728870433
1.9962607775429524
2.4379651763584227
2.6313950472061602
2.523189068765755
3.3005853018936495
4.216453560964006
4.3119144597644805
2.8377473383423104
2.4186435660222467
2.119146702542135
2.8756798019885537
3.231330586605286
3.8951831188728585
5.17878853637348
4.664148715046378
3.139795233729558
3.3416235242957786
3.4220950337958147
3.708012682733527
3.823423452921335
3.868448517545593
2.7225157483783287
2.3806481508527217
2.7998912985143747
2.9788534115333327
3.516660616972011
3.746822108889481
3.8386595636933394
2.5280540551824036
2.0072367662663564
1.8379355878537533
2.5364224479879525
2.868503013279161
3.0065274696091135
3.060983941527187
3.082043829550915
3.0901261791480668
3.0932189530445258
3.094401104366555
2.1683605407229587
1.8929481231603853
1.7972375094221655
2.5148207789467754
2.85914696449598
3.0027780388245855
3.0595252838518805
3.0814827559634197
3.0899112940097773
3.0931367903106217
2.168022094699458
1.8928352625745288
1.7971965794185172
2.5147989027850515
2.85913746443372
3.0027742278296756
3.0595238006711525
3.081482185372896
3.089911075467448
2.1671582109943714
1.8925471364750048
1.797092080808307
1.7619156747323836
2.4958263043053264
2.8508790105034554
2.999458344918278
3.0582328687980898
3.0809854895545534
2.1647649272657588
2.7000506205673704
2.9378242354071427
3.034075295080218
3.0716666791103853
3.313740060054127
2.3899761295365636
2.1095172694987707
2.011298477781145
2.6252708749487015
2.9064755208842796
3.0216678324436423
3.066862655809234
2.872469289478995
2.8015132985257076
2.77487550950135
2.233333385936854
2.0555971351130924
1.9915044723691708
2.435744809657919
2.6304793956266077
2.708904909596545
2.7394741682336474
2.7512414228406756
2.755749442955823
2.9608268860724785
2.8341214209602836
2.096796955287928
1.8688373809759096
1.7884590181813242
1.7586778726338888
2.4940734288710193
2.654364380568167
2.718273930244856
2.9453821580561064
2.8284653885630844
2.7850422471934584
2.768632590787224
2.078156396882748
1.8624738823565967
1.7861304673233283
2.336560202668586
2.7799710919496055
2.9707403651565096
3.0470153706549024
2.155616869548182
2.5105432456672485
2.6610459857172857
2.720885494475043
2.946462708321679
2.1281631408354365
1.8794667000961411
2.3824654973192407
2.608351146693145
2.7001779441399933
2.9378771506885473
3.257849678747843
3.389068338181596
2.245021856169318
1.9182368383390738
1.8063709519514644
2.346638686534355
2.593298869330025
2.694215429583718
3.151872334151225
2.902625255674135
2.81271108046165
2.779106791232759
2.9703875430897604
3.0468771393695095
3.303499493252005
3.4071293707701376
2.2495842608381222
1.9197249230506679
1.6828053280778925
2.4524132940564463
2.8318349648068493
2.786309085305286
2.5789271071362148
2.503852510650913
2.658334912466609
2.0461354375399607
1.8514597254394625
1.7820884848476897
2.334539106822433
2.588183291439374
2.6921841761890817
2.7330029828202735
2.7487572182437305
2.0724453070238633
1.8605171794930058
2.548280938906942
2.67625422705608
2.7268146970154143
2.7463782124404217
2.0717600032763985
2.4727807951023677
2.645685675422157
2.7148757087709914
2.741778977963163
2.7521253335913416
2.7560875864614554
2.75760253753484
2.7581814171128034
2.075156474455726
1.8614464800282795
1.7857540563292158
1.7576613986517569
2.3222642172809667
2.5829768227616023
2.690114283186167
2.732200175787607
2.7484487776067725
2.7546806642517714
2.074150042049377
1.8611015951632592
2.3735462861239647
2.604616979582557
2.897720074691014
3.018187763880227
3.0655130257007057
2.1606060073630236
1.8903595037044818
1.7962983413619997
2.5143187373014633
2.858928932266017
2.796461734010071
2.7729632642176347
2.7640398529199164
2.9642260392796755
2.133054683978926
1.8811155917981783
1.7929380875453949
2.339957809183876
2.590476284117468
2.6930949662194394
2.934931140476584
3.032933678782768
2.1518062305057333
1.8874149962722482
1.7952290880447423
1.7612177801008309
2.324057869084605
2.5837386703761136
2.8888257760561893
3.0146458445356017
3.064138420882035
3.083256637177988
2.165374312985742
1.8919519386534873
1.7968761811824754
1.7618348196131566
1.7486312990610984
2.317699808566556
2.5810364637026186
2.68934221103419
3.3819719141125266
3.437819376610706
3.4593937912500694
3.46767017272026
2.2647693733837655
1.9246643425601007
2.404189237026796
2.617410127098466
2.7037561464245914
3.388884068171856
3.4405014898664996
3.222757830008859
2.3646959184749434
1.8222823436017732
1.6496527411083273
1.588117987875179
2.234009891574168
2.5450325629470676
2.674950633435661
2.9273624890220105
2.821843166488567
2.093322540545165
1.867653946999388
1.7880263437426716
1.758515345552904
1.7473721414480199
2.487937063772916
2.8474335356928364
2.792161474598619
2.771333738928722
2.0789306004003305
1.8627388798907942
1.786227534063713
1.7578393913843655
2.493619168337228
2.8499157650714917
2.7930909472450325
2.771686081372558
2.763553513128931
2.760453450299087
2.7592702497137864
2.0754693422681862
1.8615536726953672
1.7857933346723311
2.336391735737406
2.5889676245782898
2.692495773970846
2.9346816999491816
2.8245360038622986
2.7835637628548646
2.972206227614095
2.292712932167862
2.07630397388191
1.8618395797221503
1.9176015529357942
2.4008155265157543
2.6160065893764033
2.703202265345454
2.737269936767779
2.750395654496737
2.958628418128213
3.042264243512202
2.3132065330145384
1.9402845747506523
1.814273328289895
2.5238994400860753
2.863085113558829
2.7980138698699464
2.7735510447734133
2.5744102738847303
2.0212165769171113
1.8428145280416288
2.36461076058414
2.7926717372839116
2.771527177156342
2.7634929941388577
2.0766819946872426
1.8619690491753123
2.549040322624892
2.873945260941929
3.00870497106557
3.061830548570356
2.870668114041701
2.6084765573413224
2.031391184372158
1.846352357480941
2.5408528991794253
2.8704158246136124
3.0072930966309577
2.655216208903059
2.5318894984325566
2.486309473854443
1.994511486280973
1.833476185603299
1.7754568081642774
2.503135685142616
2.854065240665343
3.0007383626505266
2.6530041500227983
2.5310836041019136
2.008155213444052
1.8382567683689564
1.9082873725715697
1.9357353846099599
2.5871512606614644
2.8902825912704526
3.0152264437868666
2.6578895331330425
2.5328628867818117
2.486674538447184
2.4692553035959084
2.135976510197083
2.0208973521234523
2.6300495038724305
2.908495172505461
3.0224696729704696
2.660326512485802
2.720604476865978
2.743987417389024
2.7529718549338598
2.0736584888775194
1.860933111831514
1.7855659247125488
1.7575906669322754
1.7470211267001186
2.4877461527401246
2.8473500753334156
2.6003629452948003
2.5117815928545584
2.4787486155639367
2.4662461116362864
1.9883484299706653
1.966362535117123
1.958028980851147
2.420024077226155
2.6239815565364517
2.5204714426078647
2.4820206955914488
2.8448452420166914
2.79119175261987
2.5806523753116704
2.3324802871355685
2.409611189884987
2.8128538252157202
3.2041810885819695
3.3676335512121174
3.196513653498552
3.1334711233601835
3.109720521486964
3.1006961865922107
3.325667438434541
2.5697523684695307
2.328712314562137
2.2427304387953515
2.3737661089018176
2.7967968989835352
2.977595478704313
3.2746032768627664
3.3957148427714
2.5902935378769856
2.335804906575252
2.4109224971409415
2.440248279585315
2.632336033262584
2.523533675423983
2.6662969597381094
2.7229350413411813
2.2172724452700447
2.201113469195147
2.0442187517902997
2.2912047655383816
2.3932340712910007
2.6128480837716346
2.7019551454974646
2.2107314033143983
2.047626017646036
1.988551166679878
2.26716904451676
2.3836131485663863
2.429652969418596
2.4474723951063173
2.6353098888027677
2.7108039262597905
2.5520064041614607
2.1630402847553967
2.0306398130388637
1.9822339747347868
2.2644153054519323
2.3825068751988177
2.429222187020982
2.4473066349987556
2.635241713399042
2.7107771393679467
2.7401972120004814
2.751518764672917
2.2261342496596495
2.053063624637691
1.9905665731145923
1.9672001333236715
2.2578399886962495
2.3798619730289934
2.4281917618536886
2.4469100655428018
2.4540978450058937
2.456848901761888
2.4579005257027786
2.132219416128212
2.5000995972069875
2.6568122785883963
2.719231183822612
2.5550338607823053
2.6789609339380336
2.203526188158289
2.045074348979908
2.2915710128483155
2.569883234185833
2.5004949789845634
2.4744882870687084
2.464626158128132
2.6423496825438755
2.71356763919995
2.214355770776271
1.9081858769925957
1.8027498425400221
2.1837939227835537
2.3497427915515616
2.4164074046195076
2.4423673224414792
2.127062340051959
1.879095308049241
1.9243707120256899
2.238935793403243
2.37223119512884
2.4252149211958
2.6261299615659555
2.5212594894565448
2.4823170820915106
2.140285237836106
2.331749778396132
2.4093229054721474
2.4396297311922015
2.4513062676326975
2.455781043309923
2.288708517510381
2.0749180493784833
1.9986336396215345
2.115539616699737
2.3214152190100816
2.4052385307945396
2.4380491862140987
2.450699542193543
2.636636612547853
2.7113251258731603
2.2136566093785772
2.0486604887322484
2.293105067997358
2.393992050774666
2.4336885054430955
2.4490243415796646
2.6359480498165384
2.189944826457367
1.9001234024451943
1.93256798079898
2.242573905346508
2.3737028237118314
2.425789477928609
2.4459851184240775
2.453743467434556
2.4567133837876063
2.131825993095895
2.0193965076729747
1.9780345925703204
2.2625817424781975
2.3817698075768567
2.4289351045648937
2.447196158886661
2.454207439982781
2.456890809666764
2.1318848001270334
2.019417785149488
2.280547010866372
2.224897685653679
2.2040017586093597
2.196072122392045
2.5284367379043267
2.6682745258181457
2.723706273228427
2.2175123028617256
2.050022727898383
1.9894398957190982
1.9667747581726016
2.102594805573144
2.4867742834944524
2.2996987526159285
2.5733609911834554
2.686284606436681
2.2058251881595092
2.0458890806776506
1.9879066876546632
2.1111954066949
2.319593241553127
2.7722430521528043
3.4214193589101796
3.215918659238199
3.1407234075355377
2.8986992087281145
2.618176366013898
2.518340070090567
2.6641996165621085
2.7221167111407154
2.7445699039675495
2.7531950588509995
3.1780511265335343
3.3571171013662653
3.6809602194031936
3.3070009205203315
3.1744073530811994
3.3556463622720534
3.427573171086304
3.455451895120103
3.4661603683893536
3.231917298886252
2.9305639220730155
2.823021528696575
2.7829935816359095
3.426481216472562
3.4550313717040373
3.7216040224307303
3.56580529739022
3.267095644484319
3.3927390122131444
3.2055949327523763
3.1368684712835186
3.3404333966854236
2.7639353253512504
2.5709974490484866
2.500909024500571
2.474644785504086
3.2761844325027067
3.396341034133897
2.781514121097181
2.5772310090235284
2.50322339041909
2.47551926084937
2.4650183350965973
2.461019105242495
3.2692823697653988
3.643872271196725
2.857268402551111
2.6038190699529693
2.5130562217036174
2.479229002274318
2.46642866659143
2.461556834898496
2.4596985016636808
3.2686121663037
3.643586926626362
3.797911544619579
3.8585686783198407
3.8819924942360546
3.143066531795294
2.899525043959932
2.811563208030016
2.7786735266049805
2.7662125782379325
2.9651158366134345
3.26935419640485
3.3936346876228907
3.6962031215141264
4.100387780398308
3.2094676137711025
2.9227717120223273
2.8201520330525596
2.590847214822549
2.8918590338819454
3.0158545156349543
3.0646076134667424
3.8171583148532036
3.6005021571253715
2.8442304957771762
2.5992743637046924
2.511379903983037
2.857652082985247
3.002178263736356
3.05929184627504
3.0813929487086504
3.5624155347115045
3.2659089856915138
3.642435658318384
3.2937377952599953
3.1695383728995603
2.9088287395867685
2.815005685529804
2.7799725628219396
2.766706469425988
3.4188077403282633
3.706651735438749
3.82288737678004
3.124700975525847
2.89304186442455
2.809160316937705
2.777766200902116
3.676530504331224
3.810991371041605
3.8636391283506315
2.921902613322486
2.6261618491807384
2.5212711830086754
2.4823214796362167
2.64958006909697
2.7164014428340213
2.7423674294263036
2.752350935272305
3.4120211223019976
3.449454806835774
3.9935938887419
2.9590586536534134
2.6388679294180717
2.712201326888433
2.740747017914511
2.751729626448909
2.755936215449956
3.4137181189827563
3.70454302375916
4.103919223654075
3.2105231410803086
2.923138835331965
2.820287332944347
3.6979263602108823
3.8194475644144887
2.9090918479607266
2.621757873143217
2.5196553631550778
2.6647310263586763
2.722324091436394
3.648326785390277
3.295771572218637
3.6551214366770157
3.802499458396128
2.904154436738908
2.620057332202664
2.5190309853693655
2.6644787842093187
2.7222256582531634
2.7446118607936176
3.6597069865564897
4.0848756700377455
4.260014189966098
4.328875819980565
3.2766373126516335
2.7436526191716575
2.5637745421204357
2.682457817906939
2.729227296973053
2.7473061015017306
2.957358527148261
3.506946300359862
3.7428653397957983
3.837110662437632
3.129136479870432
2.894609783287586
2.809741746879137
2.7779857913788226
2.765951044791456
2.7613679534991227
3.6682251396719203
4.088504700396093
3.968776612884713
3.9239755817761313
3.1560070772689572
2.9040791058006095
2.6200313729213542
2.9042584716805093
2.8133154840097685
2.779334879528537
2.766464041234464
3.670809456887383
3.80872511475881
3.120274356080438
2.891475714308144
2.808579348445388
2.7775467566443135
3.423918107021075
3.7087670911004076
3.823720561438969
3.1249610835180066
2.8931338486806117
2.8091944327533875
2.777779086305339
3.4240274976560436
2.9959168953481705
2.8469043486549808
2.7919632553637124
2.7712585890401313
2.763390696939194
2.7603913286804937
3.415824927900175
3.7054161439819526
3.8224005728462775
3.1245489862842093
2.8929881129539403
2.8091403808759488
2.7777586710888427
2.765864666204536
2.7613350141664066
3.41627092400959
3.705600934487503
3.8224733838283034
3.12457171998774
2.8929961529020627
2.8091433628536144
2.982609436047592
3.051659625294182
2.8670219743088197
3.4656356654583007
4.000739038305982
3.1794485593324864
2.9122993796049585
3.0239790822986996
3.0677584672419456
3.0846474915699504
3.826673334980184
3.8697041505021827
4.172865936829091
4.294833840091207
3.0424048362710785
2.863697724515395
2.60605546199594
2.8983312527225227
2.811120997217909
3.693330973005454
4.099170459640086
3.9727280847915187
2.9531436894008447
2.6368518418225304
2.5251863903153082
2.863642658994139
3.004580630530398
3.0602266945057544
3.8150731173851264
3.122259771700576
2.892178329520135
3.0159817007117313
2.854172203987507
3.000781318153363
3.5265260942618464
3.750833540127539
3.840228831163745
2.915127510475263
2.623834251988706
2.520417395879257
2.861575706202868
2.7974503392067582
2.7733376638436615
3.6742905375491675
4.0910855979587755
4.262486708640628
3.0336319025104794
2.6640749798531607
2.5351127623623393
2.487518011707368
2.847250333985472
2.7920928547420414
2.7713077237914274
3.6732630491312923
3.8096973138649157
3.8631379614832353
3.137226806494988
2.6984642406683945
2.9371648114996765
3.0338151473271795
3.0715660777071907
2.874151165679863
3.4689248139364395
4.002188938788355
4.226868219283863
3.246927356018925
2.734123590898652
2.560369748643959
2.6810965397241913
2.7286981862937885
2.7471026482614764
3.4095345202122376
3.7028082362742456
3.8213727680843417
2.9096518513410707
2.621950636589883
2.5197261231995096
2.4817403262917312
2.6493431140811072
2.7163086489116757
2.742331646115029
3.4072715034555596
3.9748686352588387
4.215823621589479
4.311668385417694
3.2716561769197527
2.742058730503155
2.563205543266509
2.8800350977536557
3.0111385606679875
3.0627762740534763
4.097724088623095
4.579664857140228
4.778363803337026
3.4026421258223163
2.988755885633928
2.8443032119689278
2.790988608301079
2.9752319724089724
3.0487742402823583
3.0773422514333486
4.407897255632692
4.709097936754023
4.188891769141241
3.235753504280245
2.9318921062626924
2.8235101644081544
2.9884267470413586
3.053931713296227
3.0793296516703585
4.10616938607558
3.9753176092671847
3.9264445598084765
2.9399545194361627
2.6323473713609826
2.709639524152831
2.9418050469104937
3.0356449895323014
3.072273580536
3.086380817920497
4.109758269196625
4.584797470399642
5.132946314726018
3.256783935802485
2.7372908938599565
2.5615022623684114
2.879303934182441
3.010846544902323
3.0626628177661592
4.0976661076236205
4.579640105538956
4.77835393885559
3.16894157670945
2.708851610424349
2.941478274948385
3.035516187858983
3.072223788392268
4.102547521489765
4.581723182580113
3.348461078132853
2.9704876556894604
2.837650038107995
2.9941343363757937
3.0561582918205015
3.0801870088289465
3.0894149443963803
4.111301011129612
2.992073230110873
2.845508669301247
2.9972988925050714
3.0573916814711177
3.080661766626692
3.089596820357036
4.111393458625344
2.992098928730513
2.650083990192363
2.716598766257098
2.9446887111677786
3.0367812424291443
3.0727127765628115
4.730242657088531
5.577622629485745
3.13090218900947
2.511193660629897
2.308298406845181
2.767079140781731
2.965470599931874
4.666489762379636
5.167690116255054
5.373037909610037
3.314150208509142
2.7556083557027042
2.568036095495604
2.882107066086153
3.0119658249428674
3.0630976524328144
4.400092614579746
5.425592140169259
3.3264948059515085
2.759524401705496
2.758915499934962
2.9621257468889404
3.043637365494061
5.060669312236465
4.305695438737685
3.5110692530843766
3.0247815382736167
2.8573502465643497
2.7958718046120463
2.977219243074363
3.0495519124535804
3.0776420555430737
3.8233514790427217
5.521310816162596
6.353356081559234
3.2905707463927825
2.5593597389929448
2.87838379114493
3.010478988436085
3.062520002137516
5.848403511638178
6.048515368730353
3.4674984355975615
2.8036310814466203
2.9803725589272325
3.0507852311711288
3.078117421254002
3.0886218993043064
5.867393080176856
8.643607516281659
4.26717418399963
2.826464326144011
2.9896206578652507
2.844617532736097
3.7100793003896597
4.409082522770477
4.386121150834999
3.293120920407072
3.1693116194444393
3.1232588823056986
3.105845453088498
4.119639099144539
4.589004733404048
3.3504927420051205
2.971175955524214
2.837901170291375
2.9942355473635436
4.06245206551745
4.56456735457388
4.772340727491548
4.854176266562851
3.423162535055488
2.9956277950942773
2.846799411506866
2.997818138918447
3.2830803691208232
3.1656171744379864
3.864733906755074
5.952915651962691
3.4464614749527076
2.7971218694225555
2.5827452484582425
2.8884014664831104
3.0144767061381144
3.0640727539779045
3.8169038351528446
4.457148606798094
4.729126786672557
4.837339752396096
3.4186225441548608
2.9941096331057517
2.6507640803184462
2.530267081584607
3.3041187699444325
3.9284670724971265
2.375313513302602
2.259768409051482
2.7447120625676424
2.7532495283763976
2.567196211281405
2.4994960167692817
4.0712803859906055
3.69024011127602
4.400061977419576
4.382691383222367
3.5349201721987806
2.8243295923021514
2.4142689680124554
2.4415415113162577
2.452039820103607
2.4560617209490125
3.042399507084474
3.30164429732218
3.6576078316805103
2.481828512134181
2.140124324405461
2.022395419624075
2.4501075421129226
2.636393314224505
2.711229558964023
2.740371887396277
3.657546454683528
3.8034628836397655
4.145436139453684
3.989795523679243
2.957983331019207
2.457285748014524
2.132015691291137
2.5000083526560366
2.656775241220511
2.719216704375863
3.3962728586860518
3.6973003930501864
2.4920816814049833
2.1434971704786636
2.505142311606844
2.658857885441935
2.7200307029390203
3.6471525116470382
3.2953663431022657
2.384905725316398
1.9630396892173436
1.956764485092559
1.9543728683184254
2.418297064182749
2.6232661428775117
2.520208936420688
2.481921953605284
3.279861049517699
3.9174255172033505
3.9045045383447685
3.8995804194197197
2.5433044292003952
2.0118532334531127
1.8395490462481499
2.3630094042058594
2.6001943579225237
3.33870398979988
3.6732354738995117
2.315140382429026
1.9409039961919348
1.9483068829952093
2.2495325007406177
2.376513494329901
2.6058602088132545
3.3414809507782683
3.945375896970401
3.915122048926344
2.5471713714822073
2.013021081736327
1.839956847294941
1.9089612910022797
2.2320707717486865
2.369450239959005
2.4241285723068637
3.490186939029737
3.479427972579953
2.2676994739773653
1.9256150890334047
1.8090216936087713
1.7663740563209351
2.326654452658382
2.5848409170455247
2.690855671931698
3.632160441093185
4.0731040162066465
3.69087139560421
2.490425610130098
2.300987931092136
1.936363477775126
1.688361502676612
2.129791409914811
2.327376287814505
2.407595803899867
4.627221145838691
5.530906588654483
7.329842564071698
3.2365800774053732
2.205888499855389
1.7745304121574343
1.7534335667227599
2.3201290005684805
2.5820694222977716
2.6897532716417567
2.732060118534282
2.748394961492501
3.9316650292973816
3.909919530997971
4.498328633859511
4.745768561784477
2.5531364316574816
2.163406079248366
2.03077097487185
2.453978357784407
2.637983472559183
2.5256002752136384
3.806736427810963
4.780973542258066
2.560354210528263
2.0169941921506203
1.8413431242043303
2.363889417575269
2.6005641898313216
2.697096034293274
3.9034712376927954
4.495493494988997
2.685272564140731
2.2055077252304267
2.5325807803587805
2.6699441068983054
2.724357118931045
2.7454325029235362
4.219872279404985
5.3396117657694075
5.84185227346105
2.967876799436861
2.2914367237746274
2.07586244177503
2.4746499591884237
2.6464493764221153
4.467964618059949
5.457407934920768
5.486162438272511
6.337876919548285
3.2875061909672967
2.3827313045542784
2.107072435176683
2.1586680261037543
3.849572821195992
5.155541558214889
5.764095526225045
5.601938677235843
2.920716605203374
2.2774599157391755
2.0710168821599164
2.472441967610466
2.645547199464469
2.714821431522063
4.511708391285789
5.477755321862632
5.899126370003264
2.978957505868884
2.294700751422802
2.5712233108926466
2.329221373603481
2.58592982493517
4.124492027168629
4.929643385622563
2.7815161077737507
2.400223962270567
2.6157603600652353
2.7031050764131477
2.737232345632608
4.52589830276988
5.48432954489007
5.901829663686192
3.199204543035518
2.3580797361396963
2.0987189501209387
2.485022337818538
2.6506808466500393
2.716832450943813
4.203026784846589
5.331459930006431
5.838444065893306
2.9672153077840364
2.2912416310821015
2.5697421352833567
2.6848410420796482
2.7301532249933342
4.210886317269418
4.6275664336661135
5.151183279663677
2.828615280053924
2.2497563168684858
2.0613578414118656
1.9936344156558927
1.9683576384186223
2.2583473452771217
2.380066225101619
2.4282713614537474
2.446940703953393
4.655960059279623
5.544002616669794
3.3540402590022373
2.7682303133895787
2.5725227376558646
3.8335971694947726
3.8723770653081924
4.48178144318892
4.739092832157075
2.739947311157055
2.2225536413409444
2.051801655928791
2.29444741279554
2.3945272420318515
2.4338963056697978
3.7533361515031585
4.428647840483121
4.717553269105798
5.1892168977857045
2.641754748705255
2.1917862554007197
2.3530238688808174
2.417695665208924
4.019863367466154
4.881497565676263
5.25737278074607
3.06097989737411
2.4896224584435505
2.300704461585455
2.3970193699916797
2.4348635534189507
4.3279952138918825
5.391461640601086
3.090568153514303
2.6830637289122103
2.5419995700600446
2.4900969884957234
4.065425861469276
4.9025576190658455
5.266024887091985
5.040169579173169
3.0120451392876513
2.3044028991401913
1.9374606753595585
2.4102822751672393
2.4400007416849783
2.4514486526072554
3.76365212334186
4.433293208057327
2.6710199363075646
2.2010290079399515
2.530615131973774
2.669152383263871
3.6209425635125045
4.068294394991894
3.9612715486407706
3.9211396045170797
2.373620240347318
2.1039912900989326
2.316566694651263
2.5805544039517434
3.838164465220687
5.529471867843182
3.120550512609591
2.025936051111172
2.451745073850274
2.6370662131383122
2.911456626218282
4.315580970134837
4.051568802223103
6.061239088385365
5.31832732113715
2.66667022253218
1.7768481132527412
1.754307972099891
2.32057086947597
2.582257245130952
3.101186677482386
5.097007279627177
4.31747854244102
2.4625454036482988
2.1337576174684982
1.881352351741573
2.5591436685819593
2.6806060639146954
2.9297249661509213
3.4943933662231133
3.4810291357330088
4.0075173805238435
2.22907213802435
1.545305641579488
2.3738511059676357
2.796835150341023
2.977611033865051
3.5161003233710915
3.4892729434040346
3.4790799053421146
3.475194374934632
2.1109689013132473
1.7449670815407148
1.5111202092732097
2.3536535247563064
2.7877216945229986
2.97390126577943
3.048253319710369
3.30406934090748
3.928444624564851
2.2121689493173537
1.9074658580681119
1.8024899857515326
1.763935259552619
2.3254269146932613
2.4068253456511055
2.4386634384859582
2.6316828952804565
3.6014420987471025
4.059911680517025
2.405362625925033
2.114694435792966
1.7461427422938274
2.316439368192773
2.5805002264509933
2.689128778061655
3.631269905799866
4.373070949114406
4.372402898001587
2.4744645397695617
1.9908766968369827
1.9673171938947835
2.424402543400769
2.6257939194527307
3.121054956096107
3.579860816598697
4.050601712726518
2.5804854889652047
2.0230371371591582
1.8434483652211335
2.364921384085289
2.6009977727523483
2.6972677869030552
3.385775422853521
3.692931157958273
3.81747604313216
3.8661489515013265
2.3608498294873885
1.9554528114690966
2.4188073972329382
2.623477580760174
2.706148448985796
3.39002908353166
3.967173443598339
4.212704273637634
2.439545762614292
1.9800983764804407
2.430406760410129
2.628275937621798
2.7080379461084005
3.64100192436167
4.076888302181616
4.570756259743943
2.343900727937005
1.8161445511402172
1.6475281938422577
2.26556999434818
2.5587062515611834
3.318254850190823
3.9348784000037322
4.199572109023759
4.305312156386736
2.4598925153646807
1.8499623142675896
2.368109845976811
2.602336673479486
2.697798045981089
3.635736967585134
4.074635507541567
2.4086909328315476
1.970494835782187
2.4258975509308183
2.626412279283265
2.707304328088334
3.390582091801125
3.6949328237794234
3.0843319456013183
2.878708049186333
3.7269999348394482
2.4997090948792726
2.146000698057801
2.5062595089949147
2.6593107387184935
2.533380117884882
2.670265955355787
3.621519509747928
4.3685820928736705
4.693010302288185
4.823195377115974
4.539125492884692
2.510088028497222
2.001776103313749
2.4405357835802053
2.4516539653601686
2.637028781892732
3.6042347386396427
3.522425113880363
2.446383698943422
2.2853592872078354
1.9313292543716487
2.242024746290337
3.6374406519486167
5.417180145043323
6.772460027522893
6.397105416148306
3.0726133308211097
2.321993806507092
1.9430966103850444
2.5909048009506055
2.6932651203338405
2.7334220748822706
2.5601188020573145
3.563715207527427
4.341815695928402
2.8452478221237607
2.4210833860122416
2.27630250316239
2.5633293625445175
2.682279893172363
2.7291581494300647
2.7472795143253297
3.6610652660063567
4.085454694050773
2.588944032518322
2.1749457079731256
2.0349016883808373
2.455883760626289
2.6387656561443817
3.8710073151109654
4.811646192025882
4.869408371361255
5.252395748530374
2.6539941669499116
2.0448586077562223
1.8510183365645227
1.7819261943492228
2.334457898240823
2.5881489019926307
2.692170512705801
3.900746800626959
2.368897435976684
1.9579962049578332
1.9548426770412495
1.9536394775275931
2.417950396973909
2.623122498236521
2.7060085397314446
2.7383549990588056
3.926172844822325
5.194487764138024
5.383663431983454
2.6791363417506275
2.052236361042851
1.8535664147665947
2.369871008002994
2.7950430718266808
2.9768821323357244
3.0494200146034958
3.0775912103011613
4.105283778696918
4.582890173232792
4.779648936193922
4.857014279460245
2.575832864629377
2.0216431226932916
2.449759378794878
2.6362502101965073
3.8695974068424013
2.361653946855378
1.9557071882308075
2.4189275790164175
2.6235273696869794
2.7061680658324496
3.908481183331756
4.497696482129899
4.745513808210547
2.5530840812969577
2.014804651881754
3.749484342710428
4.753379855299277
2.554699707267422
2.0152915616267983
2.4468166767892807
2.6350401820104508
2.7106979528878696
2.7401666369147057
2.7515070377367845
3.9333649177240195
4.50861264624007
2.503629572605038
1.9998071944427562
1.8353341249283461
2.360939853643867
2.599324278896586
2.6966047780978473
3.9031996489409226
4.495374021313018
4.744577679587688
2.5528916974538105
2.014746659458575
1.840559134387534
2.3635049278639744
2.60040261575058
2.6970320263925083
2.7348817274557744
4.213670530884776
4.97008719572541
5.293614149612733
2.858237925245189
2.2587266863162925
1.9227012341538625
2.4032522801798066
2.6170204546069677
2.517915329264711
2.8604903066521787
2.7970449964528696
4.249999786340647
4.643937917962973
4.803868832531576
4.53216956844474
2.6936195001112715
2.208123831284123
2.0467031613933164
2.1348319248457712
2.8837913619589317
2.805725991103148
2.7764685749314006
2.5754443215450262
5.098020306757714
5.739445707244114
5.592776039869315
3.613457658114791
3.2837040924408942
3.165846878188466
2.9075342293665742
2.814527109368482
2.5888721628974682
2.507536215750803
3.5355775448828823
3.4966432163347534
4.310419383679695
2.6424969687904705
2.353675023972464
2.7877314209426363
2.9739052290560464
3.0482548713949167
3.0771420007317474
4.105054889361124
4.268040197677042
2.8266834175658326
2.4150373150190347
2.8152715828770023
2.9850930782333327
3.052630005065342
3.8114529235423014
4.148760307842029
4.285340214134399
4.338687870714129
3.054233614255818
2.6709710641815168
2.5376173202391348
2.869019092896659
3.0067340681019177
3.0610642827655523
4.0968490469419985
4.264779384625178
3.034255056064739
2.6642839940528145
2.5351887321337943
2.8679699989593854
3.006314067650451
3.0609009510003213
3.8153941650813468
4.150398432079743
4.285986441783459
4.338937768909302
3.0543008072438407
2.6709935088219257
2.537625465278551
2.488459471654585
2.8476618959210085
2.9981650224933203
3.05772911640701
3.080791631857634
3.5621499813662454
3.7652612122170814
2.694545156216951
2.7339182222396525
2.3844516860981133
3.008206827392905
3.0616369049884575
3.0822949388133765
4.41060560972017
5.430539985931983
6.313255335750078
3.524703466639978
2.821208837300683
2.591218013577872
2.8920171146718108
3.015917485063066
3.064632054308277
4.400934392637912
5.425988584282661
5.8777697017208475
3.4297783884270077
2.9978378941628803
2.8476014708317083
2.9981407221741776
3.057719650085292
3.0807879887692087
4.734987127898706
5.579758838039096
5.940846300861963
2.986987188082073
2.6483537489974864
2.52938802096164
2.6686579349164883
2.3625483593600736
2.7917411112508432
2.97553835177588
3.0488941556514444
3.809670566150628
4.453920411925584
4.40310526115132
3.071475724675255
2.67672051133946
2.7269961567936507
2.948988529189551
3.038474227223379
4.085274266625481
4.574345158048356
4.776242937181469
3.6529550608116295
3.070900277021919
3.085853781199729
2.8792505029957094
3.010825203490781
3.0626545257645783
3.0826862178609313
4.107878434571447
5.674784311240016
5.568624443870377
3.8735285807447655
3.372043728238771
2.9784613062002503
3.050037802074275
3.0778293491860396
3.8234403511966515
4.15373947751641
4.942966589938744
3.446945425441271
2.7972718879053033
2.97778862668683
3.0497746683619598
4.091071053983112
4.576823318814011
5.129534469313611
4.030730349347387
3.423674098613187
3.2167280000855003
3.141025296364956
3.342123507679129
4.88455924613189
6.5099534290565195
6.765928392951775
3.619177204065425
2.849856414197017
2.999047345570337
3.0580727980556754
3.0809238920945057
4.7350669100739236
5.991284230109857
6.5547251019159205
6.783664447279268
3.6227980724139885
2.8509451346208246
2.9994849182215093
3.058243217760048
3.0809894719112534
4.735105407989148
5.991302836179543
6.554732877150579
3.3300255054432673
2.76064278450468
2.393327973638013
2.8055781321229034
2.7764126858456026
5.246453408747214
6.230638794787761
6.196565401497105
5.758901787915961
3.4031172753119048
2.7836325602649716
2.5779805762923576
2.8863649802113227
3.013664707634121
3.0637574690257923
3.0831102130001806
5.08563861176834
6.156987478692415
6.623387261289862
3.5898616624405344
2.841016943900195
2.5981522184785635
2.696140271293718
2.734536291813688
4.524195051818596
5.483541097673048
5.901505563137123
2.9794163623897627
2.294835754201199
2.230212045205466
2.5433790840276624
2.674286687032022
2.92708493227539
3.0298340570663056
6.254016638422712
3.2708226335042556
2.553481899723679
2.8758570062074473
3.0094692758964943
5.410493530629866
6.76926577016455
7.374093622345576
3.7401430645280804
2.8858704428865245
2.6137443603568418
2.901594557959347
2.812329542418156
2.9839011468768293
3.0521643698144487
5.066080102187438
5.725683957439188
3.3956060800259165
2.781284197279588
2.400147521246184
2.808628965244676
2.9824008089476495
3.0515780902083893
3.0784229551327087
5.082683974560018
6.155620915736645
3.490824622217877
2.810820149263516
2.4098514782044527
2.8129609633772445
4.259220938941638
4.328567909526015
4.056221577594099
2.976698255201929
2.6448655553970823
2.3544806356223944
2.4182672846221807
2.6232538039514313
2.706060278039324
3.908421719497977
4.497670344765886
3.0965071045609975
2.883043226959969
2.6127659940159487
2.7019227203563734
2.736774962181617
2.7502056738175997
3.6625542308812418
4.387423434458455
4.377878672767747
3.0647422093324503
2.871710526879942
2.8012306131231037
2.7747685566271043
3.946033426508333
4.514153761617271
4.752138802236508
4.846317206448343
3.421044541060011
2.994919697970139
2.651037992652041
2.5303669476015034
2.6690523925702454
2.7240095370268276
2.7452987061207184
4.219793725906559
4.972844669122368
5.685203203892511
3.6361519156614217
2.8549545563548318
2.7949761888854026
2.976854923094611
3.0494093683210863
4.39257161666476
2.8579067901992317
2.604041267355446
2.513138132971152
2.3089809566527344
3.190612215060546
3.3621791693750414
3.194535137835119
4.1641828004986055
4.291418037549102
3.5066176590355527
3.2462746277414394
2.546144758630736
2.6753970802358067
3.143445150559505
3.113497671836537
3.102134203244356
4.117758116971188
2.993867322969395
2.65068213756722
2.5302372047420882
2.8658291278183183
3.005456683992057
3.0605674837972625
4.096595063912448
4.579182847047656
4.7781716975306265
2.7485554744814897
2.3893199065541464
2.4318732181885303
2.448326433348448
2.454640341539153
5.374447289656918
5.079557630005792
4.629808219876521
4.161809973236734
2.607320231514942
2.031047174367673
2.4541058369258475
2.638035815512133
2.7118746231590203
2.5523913697578227
2.6779022975584894
2.5401306198958293
3.553061718690317
4.336853354684209
4.6799616403219835
6.876722083037054
2.739665036272631
2.2224661790549445
1.910852427802699
2.232915127766921
2.5445561109178993
2.674759343793596
3.3749554095537673
5.264398232339363
5.411225080303337
2.6843670573950034
2.5424711528106743
2.6739219982121294
3.8906261250739624
4.820946305113537
2.7579279910677585
2.07508364344811
2.3043573586510586
2.3984723509158794
2.435427199363975
4.328377873114754
5.021338351423243
2.8011658868557583
2.241392080472672
2.058427160107512
2.297274593449089
2.3956538029153926
3.4744702317373024
4.299958456359443
2.458723669611555
2.2897556459128245
1.9327475334392175
2.242653487563113
2.2107036773728357
2.047616208586626
1.9885475280418148
1.9664377405879987
2.423988517173681
2.625622629693052
2.706993390185283
4.506734858515253
4.422975811281247
4.089788205534908
2.589992619930282
2.335701254981322
2.091088864383947
2.3111301633168035
2.5782395155306483
2.6882286691463957
2.543867567815593
3.3108912629075418
2.389191116655253
1.9643862689962452
1.9572770799556571
2.253482934715268
2.553483422648929
2.6783398785442243
2.928778669069226
2.822364522814552
2.782746168229812
2.767760511932978
2.5723559672990373
2.5014137038624886
2.6573455991987442
2.919988409284387
3.489952970797546
4.0114384118158215
4.5425879474258055
2.1777701625578585
1.7658561330001514
1.6299517325415183
1.580846662717903
2.230097375245077
2.543329132793742
2.6742666252067777
3.3747179269978
4.252378984411661
4.325910645627999
4.3543316436672495
3.5261655730551897
3.02974259681964
2.859139404015889
3.002775005902874
2.6536917857267777
2.5313341670890663
2.4861011606588264
2.299460964603843
2.2319278998123697
2.2066592485159946
2.5330857695838107
2.4867581173636175
2.299693042219442
2.3966168145504403
2.807050117224618
2.981760319258592
2.8417584483085037
2.4199488284645096
2.6239503913778757
2.5204600081215895
2.6650560376147623
2.5354693125923653
3.079602487193573
3.0891909949784644
2.880439464461638
2.8044798910169115
2.7759975056695323
2.96911771940623
2.837150097892334
2.596800908067391
2.695604564013622
2.73432874305337
2.7492664563508766
2.7549936691391723
3.1788439893297324
2.3523360990314206
2.5957020321519657
3.107344252315845
3.3283892128185046
3.1822337766032893
4.158050582815856
3.464585304395278
2.2639995927488155
1.9244144413614634
2.771727349842127
2.9673723661139313
3.511477327099891
3.7447117284523497
2.1720636201744226
1.7640872746323313
1.6293278947359187
2.422347476257906
2.818523521733458
2.986409665711032
3.278302437233954
3.3971795433797523
3.2071968580858172
2.198217641801449
2.529379998287469
2.4853678977022327
2.468759626905028
3.0483979886360757
3.0771971839006205
2.0151387251557766
1.7142744552953422
2.300199169553526
2.573574864834537
2.6863698815213986
2.7307469408359233
2.7478902983032425
2.7544668470270706
2.7569830172778325
1.9323111462361047
1.6870110190267593
1.6017603238190943
1.570346566397216
2.2244278621273255
2.366347944078825
2.7934552247902653
2.7718241511365043
2.7636060955349597
1.934082908607052
1.5716949329447305
2.072330420522849
2.303189047631156
2.574852112760377
2.686879050969889
2.9323418183421333
3.0319113413991405
3.070829697038516
3.085826690577132
2.3258028413955376
2.5844794928885704
2.690711951919028
2.732432020516462
2.748537858731286
2.3893140573535256
1.8295055280618795
1.65214733089362
2.2679941155836847
2.5597516418569883
2.6808492930842047
2.7286020670059257
2.5583935096916774
3.3180999269907234
2.9601708185363833
2.2891623415456657
2.0750751927498166
2.4742914477973974
2.6463029238724847
2.7151176250678883
2.944075361326277
2.6337560932079613
2.524053583770062
2.483367487205052
1.8566858931398402
1.661480143079918
2.27287922091082
2.5618562232695545
2.681690988020666
2.728929260837092
2.558510686287078
2.878019019338712
1.9642844565975925
1.6976193376927484
1.605600127457107
1.6876966980053605
1.9832161027998643
2.1092912569223126
2.3187939038246097
2.5815017855775504
2.88787021744686
3.4752401239895807
2.2666565444979407
1.9252767708218517
1.6846625741825576
1.7189693975641365
2.1444574765462066
2.505570942792591
2.6590316448174773
3.136086591308564
3.1107117135183624
3.1010736523896445
2.021096803592747
1.8427728159899288
2.202187064488433
3.1334188781108034
3.109700716734141
2.172449358433539
1.8943107495739753
2.225512003962546
2.3667884032968516
2.42308801737988
3.2499431788088087
3.3859243255496616
3.2031340066403087
3.3672131567120145
2.0856703044352534
1.7369495185879291
1.7391557004876663
1.7399991263786057
2.1544407626427504
2.510019957529526
2.660834111428527
2.7208027437993603
2.744063797790366
2.9560249019363
2.2879371805436275
2.391929810659838
1.8302703056087823
2.3584496011834646
2.419823555336257
3.025174502013671
3.2944917688081814
3.40357779966461
1.8164529702521732
1.6476350564224291
1.58737576818529
1.6803538594775302
2.125927395487168
2.325762536362541
2.406958023134701
3.2416625907890593
3.6320828324645165
3.7933267793644005
3.8567888205572576
2.3586649794012255
1.8205057314085804
1.770648783007962
2.1688581892687706
2.343591302650041
2.4139891251442713
2.4414334095027095
3.4996827020645904
3.7399023523563657
3.572491892519144
2.290678443852671
2.0756000263286967
1.99888452916196
1.8350106371768276
2.3607808979825267
2.7909431725736256
2.9752134717516694
4.052574734929625
5.64548031257962
5.557623129526565
2.911869589171679
2.4425822767211756
2.2840021948495077
2.3903576273495917
2.611648112102921
2.701481098573586
2.7366040931699045
2.561256755916813
2.8791985214043794
3.4712504320117463
4.003213589544094
2.96177918032953
1.9859270936231208
2.805239566051643
3.200865306908123
4.167332697943507
6.578645005811582
3.580579501384212
3.0475163462249046
2.4854340536119315
2.650848582987498
2.71689811818924
2.7425589451710684
2.752424352502557
3.9338657496200145
4.199159258804824
3.7340913472254247
2.3297166525914226
1.5715930833536698
1.6739525903937995
2.447477357812067
2.635311929867895
2.5246230034548796
3.8061737235579653
2.7056911562136357
2.3750179302354253
2.1044644296312525
2.009456961998759
2.6243524986241744
2.906087115804067
4.016348128560485
4.879866622809134
2.5804553278673477
2.023028105326803
2.631108357906054
2.90894238220769
3.741903254752656
4.119679005748571
4.273841512611363
4.653871563799697
2.534138259256584
2.009080584272968
2.6241647325045268
2.9060076943171245
3.740460875323774
4.119072371672698
4.273601117119388
4.334144266066707
2.4661718869724893
1.988325572241906
1.8313020628552354
2.7197155566800806
3.646991100864328
4.3802929612025725
4.3751596334212275
2.475060333972861
1.9910597814352058
2.615149009943023
2.902190075045745
3.019965286769483
3.0662024995728485
4.099474410972646
4.580411953167257
4.778661534825932
2.559881208973838
2.0168518555209096
1.841293490013581
2.538191493636754
3.0808649947916438
3.8248803205728765
4.4607041172444335
2.493434352020977
1.9966927057241652
2.617972534097663
2.903386542258664
3.0204407821489507
3.7960510862093537
4.142348681673716
2.423902504816475
1.9752388671631476
1.8266887482794794
1.772943400603769
2.5017815811914588
2.8534754079675873
3.0005014733010373
3.0586390721774936
3.814316997216728
4.1499508255843995
4.285809880053182
2.4556303480458688
2.833253308192204
2.9923614740145945
3.782532696769991
3.8525931791535686
2.357684565325431
1.9544509822778537
1.8193216221161184
2.526579630470615
2.864246054478887
3.7198370131822096
4.413508255438364
4.7113866979518955
2.7338176845753672
2.0681356829444044
1.9961357258307761
2.1145292990366493
2.3209916946122253
2.5824361024534226
3.8392332431756038
3.608441280147339
4.062923656433279
2.4060440863687402
2.1149232560230304
2.0132656824022637
1.9757386350045578
2.4283613832935087
2.446975353204789
2.454122855721719
6.1958690610033
6.639332648696543
6.816977923025043
6.413134786024172
3.3023625727041646
2.5628590748930895
2.1665492123601586
2.342637984276437
2.5916092213012956
2.6935447915563056
2.5457879284164884
3.8183303213459134
4.151618126443404
3.00324690393472
2.8495628952228977
2.6011346650588427
2.6973220095585346
2.7349940418770595
2.749521946953072
2.7550914583519814
3.4133183986815374
3.977561628057158
2.9545155906781466
3.040648180178724
2.483293015369923
2.8454021782380945
2.9972560462326228
3.0573749874595784
3.0806553415383897
3.824780898997306
4.154295695352821
4.287523249360833
2.8316051592933986
2.4166426168363433
2.815986225119346
2.98538249049039
3.0527430483895284
3.0788717910776944
5.860311359980691
3.1905893239207037
2.529372923605526
2.4853652424326564
2.6508205499529085
2.7168871436907494
2.7425547136884396
3.173354091816486
3.124779933132331
3.3355104745763464
3.419702473585975
2.7888065737178582
2.4026249989363753
2.809735977511095
2.9828497568043337
3.0517535424417197
3.8110348881540235
2.7070105770626416
2.3754602448614315
2.2598217281691877
2.2171527089576144
2.5376800875003074
2.6719962363098397
2.9261271032047342
3.0294553179394885
3.296271684632932
2.561052512299003
2.325697807560454
2.7750275452698814
2.5749336675772105
2.8850614699438797
2.6134644734266512
1.8932534938897647
1.6739039458658889
3.0298348760333456
3.8005563937126
2.9035875045498836
2.6198619553437625
2.5189592339386317
2.481451789482221
1.993022132844598
1.832953113611981
1.7752633178122674
2.503031483889802
2.854019858757293
3.222012286718499
7.3818312481273285
6.611131301897224
5.497695339833545
3.11368849737488
2.333801696401208
2.0904391211216447
2.6642578407965325
2.922887274180532
3.251490423142467
4.192386390618959
4.006995571876621
3.6678740875630007
2.3138490847347657
2.0835945033057124
2.001821791058988
2.620539228101876
3.1186677963465943
3.33301689426209
2.9652469197806965
3.044861955212661
2.3139607886974325
2.2372932411904864
2.0569885309025815
2.647892386059403
2.9160163535915657
3.025452703309091
3.068329403360299
3.0848667577446687
3.0912069635678345
3.093632144480876
2.328048196913478
2.0884691423851436
2.003609371941836
2.621432813109084
2.9048517470103246
3.0210229132335975
2.8559935271788977
3.0015125924247377
2.301321663047672
1.9364707471107925
1.8129103558992616
2.709249976532221
3.158578959807225
3.596240009977821
3.7789844109856263
3.5867058924320965
2.1365897245455874
1.882305765485341
2.7484029859180037
3.1759371226401156
3.356263951342512
3.9520338999777747
4.206556325526747
4.308045655680922
2.4604889597901964
2.133076825343302
1.8811230501213803
2.747743235699538
3.1756458981022924
3.3561463941506173
3.1923445047118983
3.131909427802979
3.3384153024817005
1.803090109726956
1.642994702441381
1.5856666467023959
2.5741404531665353
2.8847219653250558
1.9660306360586988
1.6981956133392093
1.6058082918840018
1.5718612465775839
2.565556913201311
3.093510441083559
3.0945124821977075
2.8823337293346607
2.805184212229576
1.9451461141567987
1.6912824285659873
1.603308199505636
1.5709260339651632
2.3888079031670055
2.8035530449597226
2.980340872311667
3.0507728419763636
3.0781126466001467
1.8769495220325572
1.553796371429286
1.666686614873881
1.711940132205654
2.6505915009974923
3.132280619112138
3.3385664279926055
3.1859469204742146
2.0420492981757987
1.7229828883669043
1.7338008160801595
2.663469171978795
3.1380846418063344
3.111468576764125
3.1013618310392146
3.097510068110191
1.8814586559226019
1.5552211167819747
1.4461141881427386
1.4064893559971465
1.3916422185488515
2.4489547767385487
2.830308881236564
2.991173262707595
3.055003479875015
3.5507311456109907
3.5023600723694024
3.2447685476076895
3.1514557293118175
3.116525907071444
3.332142348921189
3.941160568239231
3.9135237554302145
2.5467741352013995
2.161345271890842
1.8906065324542474
1.7963879993001048
2.6997920296124804
3.1543626415249184
3.3475369840407936
3.6769444055114393
4.092214021653437
2.5905792991714476
2.1754703394101633
2.035089162651587
1.9838918408759125
2.611548905754628
2.9006633738343868
3.2420250263944235
3.150437667753956
2.9021205257018003
2.2719102859751232
2.221675475867913
2.928048837894686
3.253682418311058
4.502718495772989
4.421469794372254
2.865073894084931
2.427513495815327
2.627080395993609
2.7075673652410943
2.940945533199888
3.7575745408487133
3.578930516111282
3.772026439004857
2.6963933881521083
2.3718972168346983
2.1034077830976945
2.4871415084240285
2.651544030636696
3.3637364827261003
3.955392501475952
3.918915738365478
2.7360279339931504
2.2213387319284594
2.051373181295223
2.4634580014761416
2.6418712412421548
2.713379954856606
2.7412018909335987
3.4067352734353498
3.7016467548915957
2.49320027014141
2.143864618213901
2.505306335372319
2.658924379897324
3.367309635696266
3.432118757220603
3.4572015598568298
3.4668306470889823
2.4315629474716554
2.123463286551332
2.0163670235794138
2.447315345032692
2.635245295816212
2.710778546951077
2.7401977554844135
3.657457679421454
3.803427621450539
2.519166052247192
2.152365700074962
2.5090962641293992
2.6604600503002804
2.921295127980722
3.0275435175826817
3.5385063606256
3.2575191811299757
2.939409530104652
2.283016481867131
2.072945459136776
1.997907664936863
2.438733224012889
2.6317116605158146
2.9091971388631777
3.485020864564693
3.7339098547649723
3.325091021500222
2.3930998588384704
2.8054759885313425
2.776374075616175
2.969271556305402
4.049481361728633
4.245877195358447
4.642216752213298
2.718416841667413
2.215866414750292
2.2005802227585747
2.717027116818028
2.944866055287041
3.0368510990454918
3.072739774938494
3.821024122592105
2.709718601255941
2.376367649239638
2.797967290777652
2.773533408603483
2.764256914102499
5.237667683323455
6.685844149714287
6.36573038294161
3.293017286012735
2.38425622181363
2.107587414184869
2.4890280797036235
2.652312089521639
5.535819305735281
5.516138070649252
5.508638989120556
2.9020396703839806
2.271886108397843
2.750324604237121
2.9585992244304995
2.833306753472013
2.5954566821595546
3.5824248459736743
4.051709624099246
4.559953176773339
2.699914890754134
2.2100936270849894
2.1983886599861338
2.529455160570306
2.865490761954076
3.720454385701474
4.413788030998082
6.262764259400466
4.670865450847913
2.537668822463717
2.0101492672410726
2.2765432796551406
