-43
-39.666666666666664
-41.75
-42.523809523809526
-46.52727272727273
-48.05555555555556
-48.02122015915119
-49.862208713272544
-49.94736842105263
-45.65365853658537
-44.013607362655975
-47.09536749482402
-48.272495119158435
-48.72211786250318
-49.51189245709341
-45.487321587525
-43.95007230548317
-43.362895328924594
-46.846817613789995
-48.795591501195275
-48.92192290104594
-48.97017720194254
-49.60664269353157
-49.849750878652166
-49.94260994242494
-46.887909004873165
-45.103083083444666
-44.421340245460826
-47.251107596687284
-48.33198254460103
-48.744840037115814
-48.9025375667464
-49.58080665187329
-49.83988238887346
-49.9388405147471
-46.26843522286847
-44.866465153858314
-47.42113018245594
-47.77889140475962
-47.91554403182292
-49.20380866820892
-50.31391596155375
-51.97400719395211
-50.7540036540529
-45.343731858207434
-44.51325989806919
-44.196047836000126
-44.074883609931184
-47.1187729375429
-48.28143520269751
-48.725532670549626
-48.89516280895137
-49.57798974505438
-49.83880642621178
-49.938429533580965
-46.26827824203174
-44.24837120376437
-43.476835369261366
-46.890338836519106
-48.194181140295946
-48.07417059561884
-48.02833064656057
-48.010821344062876
-47.386099396878166
-44.67534089157205
-43.63992327783797
-46.334598885691335
-48.599941356735826
-48.84719119576626
-49.55966621931283
-45.50556954092298
-43.95704240345611
-43.365557669445344
-43.139630604879926
-47.997606055193586
-49.23515357195093
-49.089820671909315
-48.41627445502711
-49.39507067067181
-49.15090356823841
-47.821572056543644
-45.459710635142834
-45.17559383763476
-48.157240821510925
-49.9141626156479
-49.34917904793299
-49.13337452815107
-52.14111448026971
-52.053900935158254
-46.458282426455995
-44.93898033295962
-44.35865857242288
-44.136995384309024
-47.14249752425367
-48.90853117720187
-49.583096007351955
-49.22272285610409
-49.703106549710206
-45.56035887177726
-43.97797006562158
-43.99158531383737
-47.70498980838991
-48.50535012258246
-50.04712853685726
-48.16389953298974
-48.68063803961174
-48.878014585845484
-45.24520178542534
-43.857590770430534
-47.03577445836562
-48.24973260466634
-48.713423355633395
-49.508571450983744
-49.81229099731783
-47.456165585970176
-49.028341715592276
-44.6845876508075
-48.587727135579286
-48.84252577843056
-47.08574823346272
-48.88685487695718
-49.574816397408824
-49.8375943152693
-45.61172862714981
-43.99759156618013
-43.38104607139057
-46.853750580490946
-48.18020567008227
-49.30490041850577
-49.73449558543503
-49.28055234904943
-45.39895752921389
-44.534354227342135
-43.58607116406261
-43.2238592648457
-46.17567657422397
-47.303170457826205
-46.49776682175485
-48.04423197368803
-48.63492909930923
-48.86055532423966
-48.94673687340976
-45.27145136349025
-43.86761721706098
-43.3314002876927
-46.21675358976659
-47.318860481607075
-47.739827855054635
-48.51865707230673
-48.81614336186556
-48.92977301328993
-48.97317567800424
-45.28155008822342
-40.78130464291655
-42.15253378427571
-39.5861267661611
-45.40422039045643
-48.244568393958076
-48.711450802667905
-49.50781800279554
-49.8120032057187
-49.928191614360564
-49.972571637363
-46.28131936522905
-44.25335246957427
-43.47873804349375
-48.127133570906146
-49.284628680474796
-49.726752470518235
-49.8956287310799
-45.633895801472214
-44.00605867333674
-43.38428021853801
-47.47301990352655
-48.416745503291736
-50.013284583848446
-49.387040270753815
-50.383904205912785
-50.14663835823465
-46.34780693629178
-44.27874846189081
-44.10647243813053
-46.51280480750037
-49.28604395062027
-49.109259066860645
-49.65976723871157
-49.252008660524154
-49.09625874286089
-45.328563635559156
-43.88943216381657
-42.721698867140674
-42.893698426355336
-47.2856343331746
-48.345170584418575
-49.36791140883102
-49.758563642074485
-49.28974552864254
-45.40246901135377
-43.917661505418785
-42.73248151615269
-47.842088941788326
-48.557717331712496
-48.83106305334917
-48.93547182833501
-48.975352431655864
-48.990585466632574
-44.6701660469926
-43.63794666309512
-43.24367394229276
-48.037347073782314
-48.63229930155439
-49.47758481963075
-49.80045515733785
-49.92378065238281
-49.97088679981058
-42.57247188205018
-42.83669879008944
-42.93762448821815
-46.684378607064374
-48.11551133297497
-48.66215539186052
-48.87095484260661
-49.5687431247092
-49.83527453152099
-46.228876537354395
-44.23332109179231
-47.1792906705219
-48.3045509197734
-49.352396077548185
-49.75263731287116
-45.57927793981602
-43.98519650657691
-42.75827759116483
-46.61587418816683
-48.08934497333566
-47.416092754340376
-48.39500126718525
-49.386945035965276
-49.76583384071058
-45.5843185649172
-43.98712185404102
-47.085250929705225
-48.268630935074654
-48.720641875518744
-48.893294691481586
-49.577276187675906
-49.22049988279623
-49.702257449462685
-45.560034544342564
-43.977846183565006
-43.37350400635246
-43.14266583549239
-47.38073142137395
-48.999528428629475
-48.99981987576458
-48.999931198664264
-48.99997372022822
-45.29178602952103
-43.87538436833486
-42.71633308673366
-46.5998528131154
-48.70125934136242
-48.88589122222198
-49.5744483140534
-49.83745371993822
-46.22970891326189
-44.85167301984745
-47.41548009002994
-48.39476725024236
-49.386855649447035
-49.765799698098746
-49.29250945609931
-46.02155872644972
-45.39020071199974
-47.62117936454907
-48.473337381647475
-49.41686676914325
-49.77726292578226
-46.20671807570416
-44.842891301330226
-44.32195582828652
-44.122976183529325
-48.37321064355072
-50.61468973587273
-49.61675659781779
-49.85361404633054
-49.944085541173834
-49.97864257719096
-46.28363825789968
-44.87227219650808
-43.715144342874666
-43.891194820865806
-47.04861006347223
-48.25463536955089
-48.715296045180445
-49.50928675474034
-52.90273416279005
-47.40054185738096
-45.29889140935283
-44.49613237067753
-44.18950570267975
-47.16255468111121
-48.29815834065387
-48.7319203408504
-49.51563667064723
-49.814989671091304
-49.92933234262667
-46.264803424289354
-44.865077930241384
-44.3304303664348
-44.74424715781291
-47.99248105075339
-48.61516200569738
-48.85300496633874
-50.79795485956852
-50.30479163486702
-50.116420045032555
-46.95429855648117
-45.128441635661055
-40.104788429252736
-45.602331517095884
-47.702206122034916
-49.122320837758764
-49.04672240249148
-49.63588035846559
-49.860918672905285
-49.946875660250264
-46.271504375346126
-44.86763746578812
-44.33140802201824
-47.216756544016064
-48.31886161002996
-49.357862274823724
-50.990793191940995
-46.670245391000094
-45.01994298105928
-47.47975349592723
-48.41931750672241
-49.39623301298989
-51.005449509747045
-51.62011551625124
-50.618829061506894
-46.52816773577007
-44.965674145803305
-44.36885470163984
-44.140889959116215
-47.143985119458286
-49.52713337675843
-50.437415010817006
-49.549043678192795
-46.119546080011915
-44.80959456184295
-43.691203616767034
-43.26401628845815
-46.809049181106786
-48.16313125486221
-49.29837857222973
-49.11397047307709
-50.89763481325123
-46.01662806792754
-44.77028337928129
-44.29422206991632
-47.820586762967054
-48.54950423023495
-48.8279259277378
-50.17034153047823
-50.06506467494701
-50.0248524943628
-46.301288875642
-44.26098014381332
-43.48165155579796
-46.892178456079925
-48.19488381244181
-49.3105069699954
-49.736637097544396
-50.51743831138768
-51.43371182536853
-46.839425254718755
-44.466529950037845
-47.26836852789414
-47.72054164489468
-48.5112903955398
-50.04939751922451
-49.40083418463394
-49.15310503467732
-48.44044693064811
-48.786269746016906
-50.154430284902396
-49.44095313119049
-49.16842910866907
-45.356130262317365
-47.6081656107824
-48.46836657002983
-48.79693409930708
-49.54046971664131
-49.824475050616854
-45.60671751395998
-43.99567749126308
-43.38031495982927
-46.8534713207241
-49.416166979842814
-49.158961641304565
-50.29678592157067
-50.113362134657535
-47.57116452740236
-44.74602948129985
-43.6669239164972
-44.49081024569152
-43.56943884307758
-43.21750628354122
-48.02735191754523
-49.86454946909448
-49.33022851223841
-50.362204045120556
-50.75638362312325
-45.96267491425002
-47.8398450521262
-48.55686024212857
-49.44876966300941
-50.407482735649545
-50.15564455518934
-50.67748491866836
-45.932538290816595
-44.73816394253131
-43.663919548027444
-43.253594701551016
-46.80506848912497
-48.161610765823895
-48.67976380834672
-50.11374863671606
-50.04344811305157
-50.01659570243865
-45.68010107301512
-44.641741505356606
-44.2451234430547
-44.0936288238075
-47.743966960867155
-48.52023807004408
-48.816747249265084
-48.93000367775117
-48.973263783988436
-48.98978767421414
-48.99609923865399
-45.290306109248455
-43.87481908909138
-43.33415115802568
-46.83583831748504
-48.17336379442945
-48.6842530658033
-48.879395402980435
-48.95393314313801
-48.9824040264336
-48.99327893616278
-45.28922884955537
-44.492441601253226
-47.27826589795379
-48.34235609260813
-48.74880237987059
-48.90405104700365
-48.96335076114036
-48.367967247667536
-47.522516993112355
-45.34548176541984
-43.895894314397275
-42.72416718902208
-42.89464124141886
-46.66796046773387
-48.10924016178274
-48.65976001761437
-48.87003989106035
-48.95035965556669
-45.272835143140355
-43.86814577385438
-47.039806110922164
-48.251272558912106
-48.71401156581416
-48.89076213853037
-48.958274849776956
-45.275858478301124
-43.86930058512642
-43.33204327707812
-43.126829246107945
-46.75664839374508
-48.14311593512729
-48.67269941163679
-49.493016288532985
-47.33421349896259
-48.36372617460447
-46.28482906985125
-44.25469305744947
-43.479250102497176
-47.50929517129131
-48.43060142262687
-48.7825090965893
-48.91692586714103
-48.3502345160839
-45.6616417261111
-44.016656673499504
-43.38832829438741
-43.148328209662715
-46.764860267100104
-48.146252591637605
-48.673897507812704
-48.8754399318005
-48.952422287588796
-48.98182693096589
-48.993058505308866
-45.289144652461346
-43.87437545207517
-43.33398170376416
-46.83577359171668
-48.17333907138588
-48.68424362244096
-48.87939179593699
-48.953931765370015
-45.27419956767368
-43.86866693765103
-43.33180124527941
-47.452974719436455
-48.40908892428007
-48.77429205340375
-48.91378723593118
-48.96706965438979
-45.27921779473881
-43.87058372982665
-43.33253339474113
-46.8352203868961
-48.17312776594716
-48.684162910945375
-48.87936096688896
-48.953919989721506
-48.98239900227556
-45.9031070733557
-44.72692221779154
-44.27765958001891
-47.19622646601468
-48.31101981802512
-49.35486697681058
-49.13554712365672
-49.05177439415958
-49.019776058822025
-49.007553782306495
-49.00288528809747
-45.292898149486525
-43.87580916036212
-43.334529331599825
-46.835982766936716
-48.17341896921033
-48.68427414069427
-48.87940345287248
-48.953936217923165
-48.98240520089702
-48.99327938476789
-48.997432953406644
-45.90884953170257
-44.729115641701064
-44.89653138215051
-48.66868243724984
-48.87344795209921
-48.9516614190478
-48.9815363050442
-49.61098148483469
-49.23337416070997
-49.08914099729523
-49.03404883117572
-45.92283555248244
-44.73445782627161
-44.280537926332386
-47.19732589647503
-48.31143976309271
-48.73699339280309
-48.89954041531657
-45.87145790939716
-44.714833312874894
-44.27304202922752
-47.81249670730704
-48.546414103943704
-48.20871161577418
-46.843652765879035
-44.46814471561325
-43.56078138096071
-43.21419942726889
-46.790020833345324
-48.15586307276708
-49.29560237370582
-49.11291005960047
-48.42509381634571
-48.78040537818655
-47.68005434071415
-44.78762168895632
-44.30084471490472
-44.11491245575783
-43.425858663618875
-46.870867467598174
-48.18674373917564
-49.30739773867864
-49.11741548811038
-49.04484872565251
-49.01713068884714
-49.00654334088891
-45.29429540132022
-44.49437685182164
-44.1888351541447
-45.30819658811224
-47.589856576441704
-48.46137314121287
-48.794262847196904
-48.921415400377846
-48.96998335393664
-49.60656865018197
-46.141518664109896
-44.19995335339782
-44.07637538483345
-47.119342744852
-48.28165284972255
-49.34364979306554
-45.4230586082248
-45.16159400910865
-43.825655441601356
-47.023576248194786
-46.39097133673331
-48.003439728254826
-48.619347848031175
-49.472637804588594
-49.798565565734606
-45.59682097136596
-43.99189734836328
-43.37887107372388
-46.85291980530772
-48.17988834219929
-48.68674522129015
-48.88034732167117
-48.95429674372334
-48.98254290949886
-45.285128052273876
-43.872841247322775
-43.33339568969445
-46.83554975425994
-48.17325357308536
-47.44814298749635
-48.40724336690347
-48.77358711321408
-49.53155196148865
-46.112864838752515
-44.189008566019
-43.45416085930449
-43.173474011894456
-46.774465108878246
-48.14992131474029
-48.675298835342616
-48.87597519128756
-48.95262673852005
-48.9819050242726
-45.284884401798365
-43.8727481811225
-43.333360141569145
-46.835536176084304
-48.173248386683774
-48.68420898396701
-48.87937856521726
-48.95392671168477
-48.98240156983706
-49.61131198657629
-49.233500401141924
-45.38098528435011
-44.52748944065831
-47.29165298137428
-47.72943551471463
-48.51468755151951
-49.43266112859378
-49.78329583426183
-49.917226374191706
-49.350349299563405
-45.425617591999135
-43.92650347643399
-43.971926826052744
-47.07944694547371
-48.266414010368386
-48.71979508563145
-47.03886928027629
-48.25091472144709
-48.71387488406497
-48.890709930747825
-45.25005097567913
-43.859442996289566
-43.32827801318957
-47.45162896452839
-48.40857489164571
-50.010163687908545
-49.38584819458012
-49.14738089583182
-49.05629449291535
-45.31329865041486
-43.88360145832922
-43.95553971332268
-47.6912216141382
-48.500091140342015
-48.80905180688785
-48.92706428032154
-48.97214103407676
-48.98935882190875
-45.28773149915011
-43.87383567554159
-42.09770754997487
-46.363558884382186
-47.99296910317169
-49.851416402632665
-49.325212127226514
-49.12421997904687
-45.33924387741474
-43.893511653197336
-43.95932507092717
-47.074633503333644
-48.26457543907377
-49.33712680263754
-49.128770980088966
-49.04918613762935
-49.01878743279908
-49.00717616076789
-45.91257110575513
-44.73053715649749
-44.27904036373734
-47.196753878464
-48.311221271654674
-48.73690993650001
-48.89950853784537
-48.96161567703611
-48.36730450451305
-45.05012789275357
-44.40111316249756
-46.625347549738684
-48.092963475468395
-49.88961085416629
-49.3398011095307
-49.1297924744258
-49.049576313746705
-49.01893646681431
-49.00723308669623
-45.91259284952491
-44.730545461878506
-44.2790435361106
-47.196755090202764
-48.31122173449769
-49.354944102040214
-49.13557658287305
-49.051785646578935
-48.40174636811387
-48.771487446512566
-45.822546027674356
-44.696150636510495
-47.35607582560661
-48.37207684030933
-48.76015469532139
-47.054285279405164
-48.256803109143775
-48.71612404802617
-48.891569034934726
-45.25037912427865
-43.85956833790122
-43.32832588942501
-43.12540933037381
-47.374140022945696
-48.37897674971338
-48.76279022619445
-48.90939392886995
-48.96539156041541
-48.98678075237628
-48.99495069671344
-45.907901394014566
-44.110719496580366
-43.424257095726524
-47.48828971184848
-48.42257805106902
-48.77944444135857
-48.915755273006695
-48.967821377661515
-45.27950492747848
-43.87069340477392
-43.95060927559316
-47.07130436575504
-48.26330382167196
-48.71860709926084
-45.8023475323611
-44.68843549782244
-43.64492497235632
-46.9545433517459
-48.21870508288137
-48.701571896898216
-48.886010607813276
-48.95645992654161
-48.36533518306167
-48.75757961139329
-45.81723370736872
-44.076087521962975
-44.029062847270104
-44.01110101984733
-47.09441015602137
-48.27212944821677
-48.721978188628945
-48.89380511767007
-48.959437164381264
-45.27630244297435
-44.487504153291674
-47.276379960650154
-48.34163572865879
-48.748527225326214
-48.903945947319855
-45.25510668413399
-44.479408093832006
-44.18311759736203
-47.16011464200355
-48.29722632864863
-48.731564343942324
-48.897466703178345
-48.96083576559271
-48.985040593599784
-48.99428601520664
-45.907647508270664
-44.72865650960535
-44.27832202054538
-47.19647949578027
-48.31111646679541
-48.11883591585607
-48.0453912807728
-48.63537191521221
-48.86072446486384
-48.94680147937932
-45.27147604077474
-43.86762664294491
-43.33140388805999
-46.83478895373442
-48.17296297314327
-48.68409996569539
-48.879336923942894
-48.9539108061333
-48.982395494457
-45.28507174473834
-43.87281973975802
-47.04159140703509
-48.25195448134726
-49.332306025756594
-49.12692960717262
-46.57634684076169
-45.60211091511245
-48.93818983707502
-48.976390618612825
-48.99098201876346
-47.142453471427864
-48.29048036176982
-48.7289876138816
-48.89648247987498
-45.25225589324398
-43.860285199856946
-43.328599706326855
-46.83371785162299
-48.17255384854212
-48.68394369400338
-48.87927723346803
-48.9538880064007
-48.982386785734086
-48.993272350801554
-45.28922633417121
-43.87440665171208
-43.333993620965025
-47.453812132432255
-48.409408787581846
-48.774414230313276
-48.913833903357975
-49.58512146851055
-49.223496513423775
-49.08536807176078
-49.03260770185858
-45.92228509006548
-44.11621357958796
-47.134559581197784
-48.90549915275529
-48.963903888318185
-48.98621251219926
-48.99473364827959
-45.289784500140144
-43.874619852140846
-43.95210904503229
-43.36367329420613
-46.84711477008547
-48.17767101605028
-49.303932266815266
-49.11609179564563
-49.044343120121624
-45.92676762096977
-44.117925754037785
-44.04504362989347
-47.107375079392106
-46.42297964203317
-48.01566581295709
-48.6240177968381
-48.85638757755722
-48.94514493583357
-45.888877286194
-45.33952091149834
-43.89361747080123
-47.04953543340472
-48.25498882941294
-48.715431054834085
-48.89130433508932
-47.104379984184206
-47.65790359496309
-44.77916085695558
-43.67957897590364
-43.87761005950524
-47.04342114636155
-48.25265337957942
-48.7145389923767
-49.50899758630059
-49.19441977777517
-49.07426174702491
-45.3201615308002
-43.88622284537569
-43.95654099407677
-47.073570080604085
-48.26416924773548
-48.71893766260236
-48.89264374007159
-48.958993557612416
-48.98433693276566
-46.52188128568498
-44.34523894678948
-43.51383555468347
-47.5225056385102
-48.43564737209722
-48.78443647778146
-49.53569604999706
-49.204617683459816
-49.07815700038238
-49.02985331768733
-45.303199020180244
-44.49777773160329
-44.190134174629634
-43.454590803535716
-43.791672224727414
-47.010595814396
-48.24011521846057
-48.70974984098573
-49.50716829324651
-50.42978902750368
-45.83792687926538
-44.08399161029246
-43.41404795161199
-46.86635617704288
-48.185020579516646
-49.30673955025694
-49.73519807125419
-45.572616742256365
-43.982652155514906
-43.375339724288345
-43.14336701735014
-46.762965260261424
-48.145528763434136
-48.67362103004099
-50.11140230418863
-50.042551893775
-50.01625337713637
-45.67997031638486
-44.02365757201821
-43.39100239966976
-43.767383615740975
-47.00131839130263
-48.23657155816692
-48.708396283198134
-49.50665128017738
-45.485319636084746
-44.567341616826745
-43.5986712256456
-46.93687599260943
-47.59392276343279
-47.226858308939065
-48.322720140884186
-48.7413021137135
-49.519220189006205
-49.81635845330512
-45.60361724965989
-44.61252728442445
-47.32413454736294
-48.35987635766437
-48.75549452563017
-49.52464120797604
-45.492191177048674
-43.951932323169984
-43.98163978121118
-43.37495303171366
