-70
-70.66666666666667
-62.285714285714285
-70.875
-59.018181818181816
-57.770833333333336
-51.11405835543766
-48.57142857142857
-63.669117647058826
-71.29002217294901
-74.20094856303992
-72.8406875431332
-63.050604235829084
-59.311125165585835
-57.88277126099707
-57.95522260615918
-50.56648869248154
-48.98031144878567
-48.374445653875476
-59.885671299088756
-64.28256824339078
-60.39972753233456
-58.29858036486299
-52.55174165225527
-49.73861060315291
-48.664090157203454
-59.99630565470546
-64.94286079566282
-66.832276732283
-61.37362951368725
-59.288611808778754
-58.492205912649005
-52.00766604166931
-49.530792212358925
-48.584710595407465
-48.22333957386346
-59.82795391243093
-65.49659014092911
-60.86344263410756
-52.91339787389461
-49.87675098757627
-48.7168550888342
-48.27381427892634
-61.08330151169261
-65.9760902561515
-67.84496925676186
-68.55881751413408
-60.797041431891756
-57.832306781541185
-56.699878912731805
-56.88536394540412
-50.15783904723172
-48.824221173790825
-48.314824474140764
-47.502218259881566
-63.87874800175109
-70.1340257453717
-62.016751425615816
-58.91622853147575
-57.73193416881144
-57.279573974958566
-51.544481857315205
-49.353871596987055
-49.75320091114575
-61.64837692269818
-66.1919298569488
-60.51100478314949
-58.34108449249965
-51.94994279560041
-49.508743894301574
-61.55500265105211
-66.77429804760466
-68.76789149176187
-69.52937642768096
-61.785795937532384
-58.8280113849162
-52.13593231846717
-49.579785570485306
-48.60342439298874
-57.500997439729346
-60.28153393744941
-60.725570383868984
-60.27714322540764
-60.72389328110384
-52.86009476415525
-50.47442500011179
-50.18121422493003
-57.485625539677045
-60.2756623941011
-59.48725967637655
-59.18611663502857
-52.89075034121021
-58.52057624235068
-60.670978385841835
-61.492358915174826
-60.570030382182864
-60.83576622012366
-60.319234289438214
-53.323562771942136
-50.65145402638819
-49.630799307222425
-59.1294877152774
-60.90356187236008
-58.49102795805337
-57.56952200180004
-50.41916417109789
-48.30600450024353
-48.116883318382605
-60.405325229902175
-61.390888438824554
-57.44110216532223
-57.78652002339181
-57.918457904853206
-52.40654779241875
-58.95366131490157
-61.45443615228596
-60.55554517570662
-53.413825498585055
-50.68593132004854
-58.91447829280899
-59.58536760337884
-59.841624517327546
-59.939505948603795
-59.97689332848383
-52.574766171848964
-50.36543917581296
-50.1395853443398
-58.08775871095508
-61.74172477727533
-63.13741562087092
-61.81642011908773
-53.895436871393535
-50.25185650634299
-58.74867646763374
-61.99417289655825
-63.233842222041005
-61.23521781456518
-53.055403356655795
-49.93099225540221
-48.737573409550826
-58.17027179324859
-61.77324197019494
-61.29535215108653
-61.11281448306466
-61.04309129810745
-51.127915591259374
-49.81279143067025
-58.58096853199981
-61.930114165329165
-61.355271997738
-61.13570182788484
-61.05183348591652
-53.603390764865985
-50.140304819931536
-59.324101503676836
-62.83199969109897
-61.6997616146205
-61.267285152762526
-53.68568597866834
-50.78977278324249
-57.10004023605787
-59.510347924931125
-60.4310035387355
-52.748220837526745
-49.813658973844724
-47.45668810650764
-56.444949165676505
-59.87815939052189
-59.95346102838936
-59.9822236946462
-59.37517606679935
-52.344930629503004
-50.277649810459565
-48.8699848131258
-48.950338617667725
-56.39743890487611
-59.241978096960615
-57.85635943100615
-58.56316817355762
-58.215111100916815
-59.3182331066926
-53.55924833166205
-50.12344391079375
-49.429117389469106
-49.16390825761357
-49.06260738337161
-56.4403217575
-60.49442586662818
-60.806887864884736
-62.78033969427572
-61.68002925169273
-53.84334019580373
-50.84999133571845
-57.12304167635037
-60.13716768208255
-61.288461369897284
-60.49214845010951
-60.80601796918115
-52.891463603685295
-50.48640683062463
-49.5677568881886
-56.63327169893991
-59.950092197381025
-61.21700489320316
-61.08288849347856
-61.64969457598243
-53.8317533807201
-50.84556556617787
-49.7049433178135
-56.68567225226138
-59.35207343897063
-60.9885820534004
-60.37760474373079
-60.14423217779197
-60.05509178964512
-52.60463532614464
-49.7588141887888
-48.671807240221746
-56.90908337437497
-60.055442882903165
-61.257245274334515
-60.4802249626006
-60.18342961346728
-52.65365601280251
-58.43001426743877
-60.01835280076391
-52.59060228110432
-49.75345404254905
-48.66975984654283
-57.526335328327875
-60.291212149690885
-61.34730112074479
-61.75069121254347
-58.19656858438626
-58.693116506864996
-58.882780936208725
-58.33719231301128
-58.74682999157501
-52.10492378546491
-49.56794136481972
-48.59890030899423
-48.228759562162985
-56.12182023124335
-59.136701131567065
-60.288283163457834
-58.874046392556764
-58.951890002962344
-58.981623616330275
-53.43067494727942
-50.69236723675809
-49.028392774244956
-49.01084507472667
-49.622176438684946
-57.89012609507681
-61.04820184654549
-58.54627551206029
-57.59062468963538
-57.22559855684586
-51.52386508215314
-49.34599668961356
-48.514124986687534
-57.46688810169748
-60.886539318404886
-62.192729853517186
-58.983446309647306
-57.757609075424725
-57.28938091662686
-51.548227775706806
-49.355302410493564
-48.51767945577388
-57.468245788076494
-60.88705790845561
-58.48472400479096
-57.567114105917284
-51.654312414211844
-49.39582313671824
-48.533156995942875
-57.47415768235881
-60.889316051133555
-58.48558653854249
-57.56744356449393
-57.216744154939285
-51.52048300157488
-49.34470484978535
-57.784141379029606
-61.007719287303466
-58.53081255038142
-57.58471836384079
-57.22334254114096
-51.52300336083302
-49.345667541358104
-48.51399926324129
-57.46684007961419
-60.88652097560128
-62.19272284718966
-58.98344363346832
-57.75760805321531
-57.28938052617761
-51.54822762656846
-49.35530235352778
-49.13571342276478
-49.66987190351646
-57.90834414153322
-61.67319450983311
-60.021069444216636
-59.39001382281679
-52.35059814798489
-50.27981460988778
-58.75935551292687
-61.99825192889282
-63.2354002737516
-60.617778948612504
-59.61793657208591
-58.617996778895325
-52.05571387710111
-49.54914485240801
-49.20975466887282
-58.35062898545886
-61.224098298753866
-59.23149596705326
-59.08842359115582
-52.235400930165355
-49.61777919934025
-48.61793666785538
-58.124574624224216
-61.755787204817274
-60.05261704647813
-59.40206393461712
-58.53554076862333
-58.822592360002766
-52.133862435136116
-50.19702893415548
-48.83919037858044
-48.32054220158584
-58.01098004617538
-61.71239793694032
-63.126213764645584
-63.666243356996425
-60.782346362594225
-57.826693764536564
-57.31576891976537
-57.12061299475953
-51.48376416576418
-49.330679502532995
-48.5082743418348
-46.95807554547162
-56.25449611457838
-59.805412798263525
-61.16174228021219
-59.20767808737346
-59.07932597065809
-52.849959937101865
-49.85251985189761
-58.59614343858928
-61.31787647512034
-59.26731604302228
-57.86603766519659
-57.330796952567496
-51.56404729375684
-49.36134492870303
-48.51998749235226
-56.85109339085226
-60.03329268020453
-58.15861470601187
-57.442551437831064
-51.60673370873228
-49.377649688365764
-48.52621535636502
-56.853472223227826
-60.03420131331846
-58.77699576172798
-57.67875198311558
-57.25926018761876
-52.15475666974153
-50.205009821605834
-50.07830678382587
-48.793842552372006
-57.57373070453856
-60.30931557249378
-58.264046069193306
-57.482822635086144
-51.62211593731607
-49.38352517686205
-48.52845959327009
-56.85432944544676
-60.03452874307018
-61.249256783763784
-61.713241608221175
-58.800298097150275
-57.68765268322964
-57.880693941288555
-57.954429140636016
-51.802253593120554
-49.45233163872564
-57.20721716555489
-60.16931985793903
-61.300742408262195
-58.64273742309808
-57.627469861032054
-51.67736626124902
-49.404628922715
-48.53652050689598
-56.857408440471474
-60.03570481451843
-58.77757004808424
-58.29700532973429
-51.93310605361968
-49.502312831124755
-57.2263082822531
-60.176612015634554
-61.921561753400454
-58.87986931206744
-57.71804618280188
-57.2742692363382
-51.54245562746366
-49.35309764605278
-48.51683731069469
-56.84989012852981
-60.03283307489474
-61.24860909615441
-61.712994213568486
-59.418237589551474
-58.54171855508594
-57.588884086956455
-57.842967694533314
-51.759679109144535
-49.436069632900285
-48.548529789556326
-56.86199557826722
-60.037456945245324
-61.25037525746876
-59.24153287216138
-58.47422335901537
-58.18113720488473
-50.652780390640075
-49.01327194453528
-57.03951128546431
-60.72329590060753
-61.5123424276084
-58.723561438468195
-57.65834188779619
-57.251464224920376
-51.533744888215885
-49.34977043972727
-48.515566430965926
-57.46743868441893
-60.886749622290864
-62.19281018245366
-58.98347699257076
-57.7576207952586
-51.72707949445601
-50.04165167685932
-48.779841547372044
-56.95034880775534
-60.07120487589397
-58.79112986492699
-57.6841507301371
-52.317050415485156
-49.03093253881858
-65.08069888596764
-70.59313013033444
-72.69869150503568
-62.3783325872745
-58.4363062567878
-51.36828028433986
-48.66853459623177
-47.63732350435546
-60.84018366933228
-65.88322750364138
-60.39309097659313
-60.15014739238769
-60.05735120056993
-53.22353233307326
-50.61324579864984
-49.61620506287627
-56.65177725497771
-59.33912670205685
-60.36560285119285
-59.5216138740219
-58.58120478212297
-58.222000472347
-52.52249073616897
-50.34547173615991
-49.513924472310755
-56.61270954577109
-59.32420416500252
-60.35990294923647
-59.519436705207106
-53.01806727888591
-48.680663165200926
-48.25999019421667
-48.717341406198976
-56.308441889379
-59.207984261938016
-60.93354488518494
-60.97461640486693
-60.990304329415835
-53.57988871838183
-49.51329384822988
-47.9599928263078
-57.87326243944172
-61.659794492017355
-63.10612103661034
-59.332330696564405
-58.50890504183278
-51.39601055268509
-48.6791266162225
-57.52991311598071
-61.52864672046953
-63.05602704542788
-58.695162505814956
-57.02946047201698
-56.39321891023597
-50.587890359941895
-48.37045216958971
-47.52346614882723
-47.19994627689199
-57.58295049059696
-61.54890519489888
-62.44573110534978
-61.55222014365066
-61.2109293256022
-59.22646586690626
-52.28812838761764
-49.63791929594665
-48.625629500222324
-48.23896920472032
-56.74375395643716
-59.992292664591155
-61.2331240373363
-61.08904545866787
-60.41597834991741
-60.15888959108435
-52.64428255833691
-51.010026061426174
-49.14972764844182
-49.05719087264918
-57.056286823254354
-60.11166959711388
-61.27872196808728
-61.72449630714797
-58.804597009607164
-58.30732871042341
-51.93704923416412
-49.50381899206895
-49.19244173079262
-56.48991406530766
-59.27730046513037
-60.96002131883333
-59.13062753637004
-59.667929267776586
-59.25512627820983
-52.29907569060405
-49.64210079360232
-48.62722669020291
-56.89205511950494
-59.43090467956201
-60.4006589191811
-61.38910606673117
-59.294523326012836
-59.112497900057235
-59.66100436290877
-52.454107323670335
-49.70131760810224
-48.64984550063638
-56.90069473630543
-60.670272697029816
-61.49208936603412
-59.95189343482286
-59.36359093843445
-59.13887938048049
-52.25467332675817
-49.62514059979404
-48.62074847262393
-56.27154667182639
-59.81192553160514
-58.69209396798944
-58.88239036111308
-52.156703239100956
-49.58771935618979
-48.6064548294684
-48.231645132215405
-57.35899039842624
-60.22729207431343
-61.32288582451405
-59.88726343297905
-59.33890447442308
-59.74748397904009
-59.2855134739473
-52.31068256655297
-49.646534225711605
-47.39285213308205
-47.76809015103434
-55.94586017376961
-59.06949037027448
-60.26261093705383
-59.482274463387206
-59.80224644185769
-59.924464862185864
-59.35311415595001
-52.33650372941533
-49.65639703229598
-56.66712922122124
-59.344990631367736
-60.36784267288198
-60.1405033985283
-60.05366752270294
-53.840159282081565
-50.23074234604197
-48.852067756044356
-56.35990277583972
-59.227640571474815
-60.32301893858472
-60.12338225552945
-59.42909383925373
-59.163899262231745
-52.26423007119265
-49.62879095134621
-57.2746186253445
-59.57703093593741
-59.22040620496793
-59.702221667716266
-53.08788492193203
-49.94339910932993
-48.74231240605776
-48.28353810884335
-56.142743774220925
-60.380761191319216
-61.38150581098683
-61.76375624164127
-60.055660947687294
-58.78519261267073
-57.681882901574994
-51.698150193305196
-49.412567678340594
-48.53955284171658
-57.476600678057565
-60.27221520370622
-58.86790897806151
-58.33151173047831
-51.946286325874475
-50.125381235895
-57.46429923555916
-51.61504062828395
-49.380822649292696
-48.52742731959413
-56.85393515198823
-60.65241212512046
-62.10330122337315
-58.949287612499624
-58.362595602875615
-51.958159308628275
-50.12991631175911
-48.813555637899164
-56.963226444436906
-60.69415768416145
-58.411042675548074
-58.15700433123267
-57.441936329400036
-51.60649875821839
-49.377559945255136
-49.144215066296915
-57.089527107384235
-62.59650221085537
-59.13767362643282
-57.198484679693195
-56.45778041264677
-49.99451667074816
-48.14380358834762
-47.4368940942947
-47.16687869453647
-52.62604788806377
-54.71126496965485
-49.94544112215173
-48.12505839680033
-47.42973406824926
-58.28875560544556
-62.436532748087416
-64.02084263881669
-59.681723258363476
-58.02432713627373
-52.446986240458564
-49.69859759635206
-49.266840537347505
-48.483890026940564
-56.83730538597272
-60.0280261309776
-61.246773006960076
-60.47622491240284
-52.7654938652497
-50.43829067209617
-58.201853993537334
-60.549237319765936
-59.591755999510795
-59.226030678766456
-59.08633603678858
-53.470671532850226
-50.089610584262296
-50.03422819743646
-57.42948187304582
-59.636183432951114
-61.09710241455742
-59.801021844471464
-59.305963118856965
-59.73490150084933
-53.100367507442186
-49.94816703272733
-48.744133590739814
-56.936709581990634
-60.06599515523209
-59.407173917455935
-59.155526597135726
-59.059405873951235
-59.64072501346787
-51.21029332395386
-49.226222935893496
-48.46837548372663
-55.59531138028514
-58.317558657128785
-58.12129661360142
-59.90043314992516
-52.54556098242544
-49.73624979735116
-48.66318840962803
-49.489383409032705
-57.22136968246883
-60.17472563837379
-61.302807232652555
-60.497628082084084
-60.80811100234959
-52.892263071216064
-49.86867821129859
-47.47770358517991
-56.45297636423947
-59.881225507538495
-61.19070015837601
-59.83677300133986
-59.31961884564356
-52.94174364809189
-49.8875781098822
-49.9570586590545
-56.781971743530164
-59.38885657153598
-59.76656398232789
-59.910835375447675
-59.96594214401514
-51.334515214099206
-49.273671475782265
-48.48649921324758
-56.22026801770913
-58.5562708511299
-52.65017065943174
-50.39424112716531
-56.94896058706292
-59.45264063402345
-60.408961315007446
-60.15620932224899
-60.67770064048943
-52.84245074547065
-51.08571957342231
-49.17863999729649
-56.48464227221581
-59.27528681935093
-60.34121818583699
-60.74836773816005
-60.90388502864315
-60.34525335901951
-60.13187504841538
-60.050371786226634
-52.60283244526579
-49.75812554957074
-49.28957819219633
-56.52701689201699
-59.29147248385463
-60.347400559546905
-59.51466121728629
-59.81461708106186
-59.3111560371494
-52.32047715413751
-49.65027542526311
-56.04675698665056
-51.07358766968983
-49.79204001116882
-48.68449837506675
-56.91393095652995
-60.057294494523106
-60.63991853828948
-52.82801926659669
-49.844139261500594
-48.086364529155205
-48.032988314714906
-56.04704226873815
-59.108138491499545
-60.277373205760476
-60.723981125781876
-60.276536182835265
-60.10562742272391
-60.04034608533648
-60.63344482203543
-52.82554652702117
-49.84319475902807
-48.70403775006305
-48.26891849116108
-56.13715957716883
-59.142560240345404
-60.90855513261727
-60.34703718000663
-60.13255640740262
-60.05063204220122
-52.60293185420231
-49.75816352040571
-57.32403454951334
-60.21394012813431
-60.69975184613969
-60.88531541028477
-60.95619438471462
-52.948825890110456
-49.89028328561674
-49.958091944239555
-48.74792456960215
-56.32012361831552
-59.212446285344406
-60.3172152377177
-61.35723341655857
-53.10200916945949
-51.18486206931969
-47.36240709475011
-55.79090303492897
-59.01030201003679
-60.2400029951814
-60.70970697550741
-60.889117931340834
-60.9576468185151
-52.949380670455824
-48.65442721535259
-47.013900975601956
-47.62334368895306
-55.89057194500585
-59.0483721460645
-61.490612470687445
-61.18739728849804
-61.07157939480668
-61.027340895922
-52.9760014392107
-49.90066342171009
-47.48992084841979
-48.423201089798965
-46.92558045472742
-56.24208409438161
-59.182637839667514
-60.305829424620924
-60.734850434195266
-60.89872187796487
-60.34328121094944
-53.33274787863462
-50.036928436204526
-49.39607141872885
-56.56769368498077
-58.68897564746356
-59.499233257409905
-60.42675811351605
-60.78104108313824
-53.499957270899934
-50.71883072956155
-49.03850092903484
-57.0491479000415
-59.49090878233975
-60.42357844697775
-60.7798265585935
-60.91590122880275
-53.55146926281601
-50.120472570895394
-49.42798243862006
-56.57988260996353
-59.311665391270544
-60.3551135638481
-61.371709289023656
-61.14198031447298
-53.63782378939654
-50.15345706496675
-47.58647942800392
-55.87649105029343
-58.424959734126475
-60.01642214083588
-60.62430668838116
-61.474531913057504
-61.79928905079135
-61.92333523931655
-61.9707166671583
-52.10027094216003
-50.18419812557147
-49.45232343455439
-49.172772178091684
-56.48240096471941
-58.656396727316654
-59.48678921723055
-61.0400389018748
-61.01529349964395
-61.005841597057056
-61.00223129152722
-53.58444441252585
-50.13306795730043
-50.050827436875245
-56.81778822957415
-60.02057124059709
-61.24392549221713
-62.32923922480418
-61.507724204695634
-53.15949153553409
-49.970750401906635
-48.75275967018582
-48.287528608650824
-56.76230199826517
-59.9993773861447
-61.853864148918824
-61.32614708311199
-61.12457710041714
-61.04758421813944
-54.219801677752336
-50.375752837617775
-49.52549082385087
-57.235161487683484
-60.17999363919957
-60.68678544116535
-60.880362684296465
-60.95430261172405
-60.98254515087569
-62.2294008184028
-53.4351474730843
-50.0760416008501
-49.41101131821589
-56.57340021879631
-59.309189338173034
-60.3541677957228
-61.37134803774527
-53.10740047501448
-50.56888737604807
-48.98122766437983
-56.409237470840054
-59.24648474814033
-60.330216773580936
-60.74416557260248
-60.902279944226514
-52.92823240632843
-50.50045126350867
-47.719019417947905
-55.92711682158346
-59.06233104680248
-59.641842330074084
-59.86319594341977
-52.531337635186475
-49.73081696213966
-56.695555104981146
-59.35584835280377
-60.371989953430166
-60.76012150748673
-60.908374569030016
-52.93056034585469
-49.88330646853405
-56.75380091349611
-59.37809627195427
-60.380487902366696
-60.763367435145824
-53.49320653807203
-50.098218190320374
-48.801448032889084
-56.34056776209552
-59.220255253397475
-60.3201979980969
-60.740338740893236
-59.66475024708302
-52.45553812410698
-49.70186412523792
-48.650054251606775
-56.28274048333105
-59.19816719838636
-60.311761111828034
-60.11908214834785
-60.045485333215524
-52.600965986299975
-49.75741262568441
-56.70571374450188
-59.35972860782123
-60.37347207896182
-60.76068762906422
-52.87414895448222
-49.86175923438245
-48.71112874866511
-56.306068865361524
-59.20707784741946
-60.315164676896856
-60.73841618327111
-60.90008387291649
-60.343801446728456
-52.09687861352025
-48.328800405082404
-48.125590579226746
-46.81190335509804
-56.19866330606569
-59.78408656309904
-60.53556239448153
-53.40619275534682
-58.71745772530757
-60.74618042057588
-61.521083536420086
-59.344934233684796
-58.513719164634296
-58.81425724896799
-52.13067870602084
-49.57777886909452
-48.60265790126274
-48.23019483469369
-48.08792660281833
-57.92212879375961
-61.67845977846049
-63.113250541621866
-59.95308791390575
-59.36404718884526
-59.13905365263004
-52.25473989279601
-49.62516602575799
-48.620758184477964
-48.23710852767591
-57.36107722979818
-60.846123161718616
-59.70515630035809
-58.651311750605764
-58.8668129402091
-52.1507531937727
-49.585446641108994
-47.98755274080438
-47.99524557005405
-57.2686938006062
-58.33869987676497
-58.74740582968871
-59.52155160105106
-52.400841108465734
-49.68097172434615
-57.91258389582113
-61.05677996311725
-59.16758604978114
-59.064012174976064
-59.02445047514705
-58.391305261715196
-51.96912542249959
-48.280003028283765
-57.99549545984982
-61.70648335126569
-58.79771667269798
-57.68666666682826
-57.88031731653669
-51.773945395282865
-50.05955285806179
-49.40471317890251
-54.0988585886449
-50.32955668828314
-48.889811476204514
-47.103809762830615
-47.657685789787124
-57.13975743777918
-60.76158652355042
-62.14500213287207
-59.583249931316324
-58.6047476610769
-58.230993051914375
-58.088231494666225
-50.617293567085554
-47.763649206590436
-57.180231861433974
-60.777046377711486
-61.53287328295059
-59.3494375161407
-57.89740527672162
-57.96081230277405
-50.56862376660179
-48.98112697453111
-57.02723299949006
-60.100572023939066
-61.89251706107704
-61.95894517054216
-58.89414850679996
-58.341534338607616
-58.1304545090229
-58.04982918846107
-52.456727157611255
-50.32035228437268
-48.886295706756904
-56.991010678396556
-60.086736328432764
-61.26919830690173
-59.24872263727285
-58.476969604916825
-58.18218617747762
-51.88924904001708
-50.10359493132352
-47.56743378770379
-56.48725025178618
-59.894316967654746
-61.19570065117806
-58.602615042129955
-57.6121444752118
-51.671512484756384
-49.40239297905736
-48.53566645241569
-56.85708222068824
-60.03558020964904
-58.1594884645094
-58.06091917262906
-52.46096315462873
-49.70393630250722
-48.650845752892934
-56.90107679867012
-60.052384643117406
-60.020009153182315
-52.591234951430806
-49.7536957011101
-48.66985215189948
-58.14440457458666
-61.7633615718605
-63.14568014099485
-61.20154289612447
-59.84091455862867
-59.32120077976153
-52.32431390440709
-50.26977492220964
-48.866976873471934
-57.601665529454586
-60.93801971489182
-62.212393615220876
-59.60899118702133
-59.8506479233429
-59.32491859425747
-52.325733983180676
-49.65228335528455
-58.5196599026713
-61.90669635272934
-60.11025921176726
-59.42408128257242
-59.78001862469991
-52.49956672652858
-49.71868155488581
-48.65647793812886
-58.13929607949909
-62.37944428911831
-60.90886684410636
-60.34715624320078
-59.51456789674608
-59.19654744703745
-52.27670056811745
-49.63355425731488
-58.51250602382551
-61.90396381416165
-63.19938541865944
-60.604022498067195
-58.99464808679226
-58.997955751059486
-53.43691326763714
-50.69475006310203
-49.02930293291905
-58.28170255565344
-61.19777074529138
-62.3116096802207
-60.264922340371136
-59.48315734089271
-59.184549682306994
-59.68852569477817
-52.46461953702878
-49.70533291630817
-48.651379211895744
-57.51931455062748
-60.288530451236795
-61.3462768030829
-59.27816400301233
-58.488215205954084
-58.18648161484993
-51.89088975109676
-49.48618763844034
-57.2201490067228
-60.79229337047795
-59.68459514971147
-59.26149207865646
-59.09988108625791
-53.47584528136821
-50.09158678034692
-48.79891505967257
-56.3396002524194
-59.83791968633554
-61.17415880658721
-59.830454767176406
-58.69917150619211
-52.08671986390098
-49.56098808551083
-46.742142426381825
-48.13757514863423
-53.61485492952001
-50.14468374117675
-48.81919629401023
-58.81948294960217
-63.25728654354617
-60.00810477103718
-58.76702776956538
-58.29297853765895
