3.095131939946838
3.095131939946838
3.095131939946838
3.095131939946838
3.095131939946838
3.095131939946838
4.417620969149985
5.060634860312117
4.964157768854463
4.927794170069813
4.913974922267461
4.908706673666774
4.9066958727984264
4.905928032631568
4.905634775500315
4.905522765870341
4.905479982673766
4.905463641045302
3.962546851491915
3.6522794734247537
3.540286673352191
3.49842140383563
3.482561279335188
3.476522245842589
4.618106051450881
5.147158312701336
5.364873791341066
5.450443421580404
5.106873865628769
4.981434123123895
4.934337780051746
4.916466327595541
4.9096571366895265
4.907058746939352
4.906066613362648
4.90568770500325
4.254844438930367
4.029693315333447
2.3985083524425876
1.967308841035294
3.7154739716835485
4.736864471813718
5.197320358922964
5.38478460123163
5.860680580729779
6.053362104924524
5.315686294415041
5.058272345018716
4.963272454500892
4.927458469248667
4.26204701107929
4.032297511005623
3.9478468855712907
3.916058463895647
3.9039840365961744
3.899381847994524
3.5319964611420254
3.6299312314352
4.646115614566366
5.159060385455536
4.941662551087294
5.0008169117419845
4.919252730156716
4.910719787632434
4.570413127811557
4.446743256659816
5.073351336674026
5.335358353707457
5.065414371530308
4.965948063807441
4.274732819630196
4.036877645249334
3.9495591005364226
3.9167071187589153
3.6360831718150544
3.5342816989513217
4.64726360709935
5.159547253448162
5.369802443340068
5.452355483498097
5.484221850007657
5.496442815472385
5.123293790222187
4.987545853248894
4.936649306116639
4.917345926844819
4.909992629838692
4.907186823394319
4.906115523929743
4.905706385677046
4.254850627646092
4.029695554123491
3.946873647322704
3.915689685184566
3.9038436058942962
3.899328270876828
3.8976049451132155
3.89694689428248
4.823936431559679
5.233606595187069
5.399113770799395
5.463704416572524
5.488579290717748
5.498110509244661
5.50175547767239
5.503148369409828
4.773641664365794
4.521255574922609
5.10565644744051
5.3483096170864854
5.444009412216191
5.481013784616976
5.495214490863004
5.500648383519146
4.445009973693374
4.097558549163202
4.265061483820052
4.330834161617714
4.356223949613027
4.365961224402902
4.369686274331529
4.3711099554818205
4.371653875708079
4.371861652610558
5.0405472852509
5.3221548015441416
5.433824993528386
5.477094974358353
5.493713428658935
5.5000744133676704
5.502506036764907
5.503435117966089
5.1257823142001016
4.988471060473346
4.5979193223554145
4.456946447418511
4.729044855617789
4.837307741249938
5.239142983771
5.401294645819975
5.46454729708654
5.488902692774327
5.49823425009935
5.50180277347832
5.125201546233228
4.9882551618470865
3.9879597661941983
3.6612086254485225
3.8049170641518497
3.861285737405717
4.807026973275034
5.226591638761491
5.025719927518387
4.951047712835262
5.285859127966631
5.419640449686645
5.471629405125707
5.491618786586573
5.12157580275189
4.986906961380482
4.936407751886501
4.917254020727674
4.572735068734453
4.447606025227271
5.073727300344501
5.335509371914917
5.439028982393356
5.479097957169317
6.334758367294694
6.695791621064602
6.36934639481313
6.2488990527515575
5.777431327191216
5.606885664434354
4.17007958528148
3.7241928627701415
3.1798198137665015
3.321783171003616
4.156845505753023
4.604791526238342
4.788360819224425
4.860393882508718
4.898853489906911
4.88819318531542
4.902931497142234
4.904490053116471
4.90508549927855
4.905312958553731
4.2547202861964495
4.029648402212838
3.946856006998089
3.9156830004073853
5.189182267888425
5.778433019676648
6.0207716818097605
6.115996447014997
5.730185068189691
5.589327463660475
5.536443190039108
5.516375517753238
4.449860064618939
4.099265734432996
3.9727633537371005
3.9254807242366523
3.907569258827833
3.9007492787065714
4.49429585498322
4.744142994836899
5.200369309714352
5.385990984405576
5.458628178389184
5.4866309532196516
5.4973649364078785
5.50147049345037
5.503039485821504
5.5036389056736255
5.909758033028018
6.072674454109012
4.616197011448318
4.157132237917681
3.9940915596166833
3.9335170991684087
3.9106229436710334
3.9019133657061906
4.494808107067783
4.744349527750024
5.200455783518274
5.386025193256552
5.08373456640452
4.97280069403726
4.931069529991924
4.915222233859965
3.9655559713922965
3.653338609890427
4.0821591076748325
4.258931844568588
4.990411686296598
5.3018723366349985
5.826046634468311
6.039673153066713
5.311091550020386
5.056601850776067
4.962646302263633
4.927221016913826
4.576273172738621
4.448920165654635
5.074299869116347
5.335739349759178
5.479132412833151
5.439118529265286
5.117124678858605
4.985251043719312
5.690616679851393
5.985656599025078
5.683229492684891
5.571788416125169
5.529800810998076
5.513846613217614
5.507764807934481
5.5054435359582685
4.446489657906386
4.098079505732299
4.265268597747861
4.33091449087751
4.356254812364375
4.365973039249427
4.369690791047944
4.371111681275517
5.040216988964821
5.322021588420037
5.433773042609118
5.477074972798592
5.116390644295025
4.984977880944163
4.935678283059017
4.916976456873877
5.2719353421087956
5.414182986434469
5.469524187815881
5.490811631473963
5.49896456093032
5.50208189698663
5.503273079772666
5.503728139171771
5.125886556247491
4.988509810519284
4.937013725896729
4.9174845753652185
4.91004550920644
4.907207009906135
5.267931900507195
5.412612178758534
5.468918005458057
5.4905791812953355
5.90439763243406
6.070569929356985
6.135269359430284
6.160163941485414
6.1696994639355225
6.173345603899004
4.645278949285748
4.167116457489234
4.292572581761485
4.341483322232521
5.027140182437223
5.316743187713495
5.431713906312421
5.476282092057936
5.493401978873851
5.499955310305492
5.502460523025819
5.503417730284914
5.503783394870847
5.503923072726573
5.503976425855571
5.503996805073944
5.909904823115992
6.0727320681606
4.6162137399174386
4.15713799218371
3.9940936713479314
3.9335178935447854
4.841178275715205
5.240743812400673
5.401924973209221
5.464790871439453
5.488996143276081
5.498270005510747
5.501816439666769
5.503171660635128
5.50368939708445
5.503887167666353
5.909859856680274
6.07271441925263
6.13609712143789
6.160481388128534
4.641579141798473
4.16584841265928
3.997288199162201
3.9347192917315095
3.911079424608605
3.902087331306325
4.826365976365701
5.234613252266516
5.399510415690682
5.463857730441205
5.488638117506647
5.498133018024115
6.81094011769451
7.391401202213706
7.625952570078981
7.717494991555549
7.752750401275577
7.766259237236903
5.846472115579004
5.2455447686814045
4.687022568295471
4.489741833491229
4.388975449589589
4.416598248577708
5.048074907553209
5.325189335778729
5.435008194187743
5.477550484999615
6.334074917742429
6.695515679235749
6.369246131805642
6.248861479723213
6.203481536844469
6.186235051519602
5.755232749441602
5.598647068666496
5.539967465865081
5.517716528248157
6.820196253464696
7.395236436156258
7.627463743413497
7.718079101587793
7.220489778705261
7.039009970738569
6.492130142862514
6.2946401033020365
5.025059754931302
4.6107717138830075
4.461701003805633
4.4060416913745355
4.3849654590187015
4.376941689940635
4.373880759431109
4.372712153068835
5.040921813386161
5.3223058474664775
5.433883897972361
5.477117652943167
5.493722117379766
5.500077736004808
5.503435603028391
5.502507306460215
6.813448390646053
7.3924408106906485
7.626362248397384
7.717653350554099
7.2203376380557245
7.038953318413794
5.244218567023887
4.6865699056407735
4.181226055637638
4.002917854378054
4.873627327437922
5.254133528263221
5.4071925291046625
5.466825701074437
6.3293349755907595
6.693601427481241
6.838207859668737
6.894263495712796
5.202778911861295
4.67238981894135
4.484382701369923
4.414583847358979
4.711825233048019
4.830572269963236
5.2363553468439346
5.400196727660662
5.4641229919495835
5.4887398963834695
5.498171961125037
5.501778965681993
5.908995095848404
6.072374992519329
6.135966116510082
6.160431149515418
5.746051384097097
5.595233831887511
5.158273330473315
5.000525490898786
4.941552552962419
4.9192109048592485
4.259320730981361
4.031312104576123
4.238590458145462
4.3205474472745475
5.387915943574604
5.861982119058386
6.053875557671416
6.128819230048613
6.15768941030672
6.16875269651061
5.354164795016019
5.07222693111408
4.627254924853488
4.467786756029241
4.105565795535182
3.97509439505412
3.926360346304659
3.9079036883444944
3.9008767930936474
3.898196094020914
5.180318273438593
5.774660819356727
6.01927009939563
6.115413777317215
6.152541381565546
6.16678228244969
5.353511484777501
5.071990520211186
4.627172544580443
4.467756373820311
4.408324825886858
4.385833228284422
5.046694141072324
5.324632930899199
5.434791276572093
5.47746698026816
5.493855950417811
5.500128914430965
5.908318120431528
6.0721092518971655
6.1358635482685715
6.160391815523148
4.9838509698292315
4.5962923002873035
4.150276254701462
3.991574229835504
4.8683473394918435
5.251958565157328
5.406337456672874
5.466495474330703
6.0666776943927
5.894491704632371
6.13376651507068
6.159587533169716
6.169478948368062
6.173261323738891
4.645254725438937
4.167108157216364
3.9977498659476005
3.9348928663198066
4.19957800636017
4.305314465685039
5.011101672621507
5.310257707906051
6.259473591086789
6.665284161734563
6.890000501491896
6.827143477626964
5.201549860703269
4.671968190320873
4.176245293735933
4.001095832988706
4.226427213081516
4.315807461438549
5.015763173533552
5.312143996243862
5.42991870339971
5.475590688597994
5.8982358428644535
6.068149315237873
5.713020410549813
5.582926383855859
6.380344963896873
6.714155763759408
6.376013243998161
6.251396599203556
4.667625257974019
4.174762028893045
4.612362418451164
4.791366398363081
5.2200811709196815
5.3937798790581315
5.4616420480710985
5.487787857274556
5.903250903814527
6.070119563657569
5.713728864547611
5.583190816981859
5.534120589404268
5.515491464261786
5.9146161483116515
6.074580759817819
4.616750462834826
4.157322607524924
4.288716236782953
4.339993132060613
4.060307714849548
3.9582993562604365
4.852805556139717
5.245548030261585
5.465521476699393
5.4038159232213365
5.48927643414605
5.498377246288647
5.501857428172982
5.503187320671779
5.503695379243677
5.503889452729192
5.125943941945914
4.988531142379492
4.937021789819848
4.917487643324211
4.910046679289517
4.907207456579695
4.906123403374464
4.905709395104634
5.267317754576568
5.412371144539421
5.4688249795537445
5.490543507636902
5.498861993122208
5.502042697134656
5.9091032867411215
6.072417460139086
7.499317622860618
7.0743657878196275
6.194317566547875
5.758103744602257
5.215117801927469
5.021502885115608
4.9494604671228215
4.922216317139472
4.911849603276348
4.9078956359701635
4.5694089740072155
4.446370057169195
5.073188695721477
5.3352930214617595
5.438944739464674
5.479065542025959
6.6957858415502365
6.334744052192626
6.839060171157345
6.894591705793351
5.202873517656328
4.672422271109424
4.81510231956093
4.870744045821893
5.25294601085211
5.406725691568846
4.741519118323085
4.509610310600511
6.314353164590271
7.180727132240159
7.024178454627965
6.965287050217407
7.454938294447958
7.650925502652861
5.813154985937769
5.234106626706049
5.028478852322055
4.952085694673634
5.286282385614104
5.4198062073737345
5.471693325674125
5.491643291171542
5.502203475690962
5.499282683458597
5.503319528442123
5.503745882405543
5.909801909450017
6.072691675381091
6.136088343369044
6.160478021878897
6.169819615780119
6.173391524665654
4.987865475702085
4.597706111237566
4.456867503830891
4.404217879547327
4.3842720685264505
4.376677310055871
5.042667324121888
5.323009714533457
5.434158376354275
5.4772233268589385
5.493762603349772
5.500093218124439
5.50251322271081
5.503437863215521
5.503791085468305
5.503926010346688
5.125956946811343
4.988535976629171
4.597942176746602
4.4569549093553285
4.404250870893961
4.38428461300052
5.046013417914688
5.324358586538914
5.434684316701949
5.477425804176091
5.493840175454625
5.500122882045844
5.502524558287048
5.503442193745185
5.503792739689212
5.503926642218284
5.909876046746541
6.072720773712682
6.136099573958125
6.160482328630458
6.169821263306964
6.173392154329184
5.355702543897234
5.072783320120987
4.968706241969319
4.929518318124641
5.277067696945826
5.4161956614085405
5.4703007300866044
5.491109385584569
6.070655452976751
5.904615409647016
5.583262727661401
5.713921532887545
5.154055079542048
4.99896314134752
5.305340725717367
5.427261419787818
5.4745670044773025
5.49274476212028
6.808389788019673
7.390343919777738
7.101803801054793
6.994588891193989
6.954064979058737
6.938648261993415
5.600175121570523
5.160012863448779
5.00116954659801
4.941795649423015
4.919303338227223
4.910739084603093
5.269379884637926
5.413180401217829
5.469137297831638
5.49066327425029
6.339862479379699
6.697851817820271
6.370094883205274
6.24917953324273
5.380721798424231
5.081821961070592
5.338759183307051
5.440294145848524
5.479584731687787
5.494667182880253
5.500439117311075
5.502645400007414
6.3451435380812296
6.699982357644612
6.8406970796111946
6.895221979399306
5.586761499314132
5.155288517274934
4.999420061922626
4.941135267738235
5.281814366787739
5.418056011801109
5.471018342986172
5.4913845208405165
5.499183703048365
5.50216564824785
5.909153724038873
6.0724372578703
6.588497009141527
6.796993524618172
6.405947115654207
6.262590630866178
5.385129567230395
5.0834116513971725
4.972680040610848
4.931023830885472
5.2776832370575315
5.4164369668439
5.470393820016293
5.491145077843159
5.4990921128321375
5.5021306447477905
5.503291703740729
5.503735253475348
6.345623532486663
6.700175947658575
6.370939090129417
6.249495857826417
6.203722080483106
6.186326674478996
7.1247634025456
7.51967939061687
5.774861348416634
5.220909836455485
5.0236323793488795
4.950262086907802
4.922520807990891
4.911965661262707
4.907939930167703
4.9064031086818325
5.26760224892123
5.412482802363543
5.468868073629041
5.490560033438737
5.498868314974424
5.5020451132632235
4.445441057672065
4.097710333170722
3.972187509904873
3.925263379540915
4.837295269995094
5.239137824459461
5.401292614145042
5.464546511967859
5.488902391549065
5.49823413484593
6.343200123631953
6.699198452590621
6.84039135486934
6.895104270527515
6.916118057334742
6.924161501911602
6.927236292720831
6.928411118644848
5.597017730659009
5.158901444155409
4.657299254938801
4.4788450224082865
4.412500769990144
4.387419694537885
4.377877247352554
4.374237837073034
5.04159355393588
5.322576740769342
5.433989537556877
5.477158324473148
6.801003813256305
7.387280557028814
7.624328397786235
7.716867124554175
5.832241622909697
5.2406642235332885
5.030884297346422
4.9529904007179955
5.286651252697993
5.419950657743142
5.471749028572049
5.4916646452933024
5.499290851344025
5.5022065972011704
6.812867169086118
7.3921999317851395
7.6262673284615365
7.717616660220258
7.220324526649902
7.038948436109979
7.484954521558414
7.662677487512593
7.731669979548026
7.758186414959298
5.442765956650986
4.753566802373394
4.513983609211055
4.425691779693178
5.064163850965545
5.331665745284679
5.4375320296004475
5.478521910782959
5.494260079615846
5.500283450790617
5.1246608943281124
4.98805416264798
6.111590967285555
6.604691144664482
6.336105410396143
6.23642208516506
5.007256552231045
4.604525291241334
4.459391254549298
4.405170312184963
4.384634193661255
4.376815386417837
5.0427280894170226
5.32303421507337
5.434167930124446
5.477227004991948
6.333932035947707
6.695457988579507
6.838932260926098
6.894542451437754
7.4259253718849765
7.639538505938139
6.238303891082675
5.77368771126802
5.2205045235096295
5.023483409879173
4.610219190704286
4.461496774459448
4.730888454287298
4.838027967719367
5.239440924825873
5.4014119693324965
5.464592635172474
5.488920087521859
5.4982409055908175
5.501805317298843
6.699833111908135
6.3447735078737155
7.345111005222653
7.607674784091312
7.180862102245012
7.024228884349872
4.880133614706391
4.24636495503884
4.323572746597042
4.353432628592447
4.364892439780966
4.369277655709056
5.039409114735815
5.321695738675883
5.4336459632008545
5.47702604561321
5.493687020233352
5.500064314552151
5.908291614138115
6.072098846706833
6.135859532107757
6.160390275353559
6.169786048618979
6.173378695706648
5.750661254886119
5.596948004583245
4.47457473088717
4.1079472470563045
3.97597496339206
3.9266925471761787
4.196232913941991
4.304004261456021
5.0105191230345625
5.310021901497448
5.429090062055176
5.475271498471822
5.493014737641705
5.499807217638471
5.908186121534591
6.072057434722916
6.135843548005564
6.160384145555964
4.983848599683204
4.5962914653718885
3.991574124049426
4.15027596673853
4.22258259033718
4.314307468407581
5.384942334971246
5.860746153737535
5.637633124718805
5.554671148182499
5.523305696341668
5.511371959492547
5.9129283818870935
6.073918596515281
6.136561848431516
6.160659599281379
6.1698890767139165
6.173418071649191
6.174766560447411
6.175281715074346
4.9884487597495255
4.5979114711169515
4.15083464708476
3.9917793523606924
4.222665516017892
4.314339831057038
4.051123691846355
3.954877110519917
4.851202546131054
5.244886113668702
5.403555455085434
5.465420849161017
5.89404906990883
6.066503680132443
6.1336993119058025
6.1595617556987055
6.169469086426072
6.173257554500966
5.75061815122973
5.5969319804951585
4.804553018779933
4.532416112739613
4.432585966997152
4.395037245810138
5.050736879255466
5.326261760118085
5.435426245418317
5.477711412434554
5.4939495932601705
5.500164723466189
5.908332813329681
6.072115019662203
6.135865774489535
6.160392669263052
5.746037674589181
5.595228732762707
4.803994488984774
4.532214849966736
4.395008771454059
4.43251078367308
4.380768167460697
4.375340927265294
5.0420791412587285
5.322772550033487
5.434065894737413
5.4771877218929745
5.898892881199612
6.068407502376482
5.713113256535431
5.582961040123991
5.53403359272485
5.515458346185357
5.130056753663041
4.990059604700375
5.301729456976226
5.425850041723462
5.474023163383046
5.4925363371655
5.499624254031353
5.502334010829454
5.12539056559601
4.988325430847703
5.986195015585031
5.691956889771938
5.683424753210058
5.5718615357550325
4.466903460081686
4.105255741011395
4.332020148829807
4.268119960972777
3.9572375852705686
4.057456944737061
4.852308304948975
5.245342719231916
5.403735134277209
5.465490265553294
5.489264460712751
5.49837266525857
6.3432611688500415
6.699223078342963
6.895107968436859
6.840400959304747
6.916119474114903
6.924162043702807
5.211385703145251
4.6753406736029985
4.485464263325872
4.41499050679907
5.05948314295909
5.32978289615641
5.06339183247281
4.965190599060057
4.928185761653617
4.914124073852669
5.270766966776868
5.413724633835419
5.469347318540283
5.490743809807896
4.769528771151035
4.519767252372583
4.123745686123507
3.9818086395677144
4.86379442795924
5.250081932713707
5.405599495080166
5.4662104495361135
5.489540731855543
5.498478364898181
5.907640814994306
6.071843362895797
5.714348584785524
5.583422113282235
4.8001199649504755
4.530818290799432
4.431989030943735
4.394811158599188
5.050637636273729
5.326221784524382
5.435410663111544
5.477705414214487
5.500163844750082
5.493947295351387
5.50254021144389
5.5034481737109
6.813454335160029
7.392443274243253
7.626363219166806
7.717653725793669
7.752811308949905
7.766282542379425
6.277635274039312
5.787565063476292
5.225293781668169
5.02524320613094
4.950868321725949
4.922751062703931
5.663259734845698
5.974649036782527
6.098057988559606
6.14586595434711
5.740858399726444
5.593301811078172
5.537946561978961
5.516947625325072
5.915212553006343
6.074814720019152
9.129709394508787
8.157486914465736
6.219065231454612
5.370802910636359
5.078241704306924
4.970747704826509
5.293882853510055
5.422781334988447
5.472840408175623
5.492083006710858
5.905015282972932
6.07081248276141
5.713977987830198
5.5832837983707595
5.534155792808366
5.515504865475262
6.819151930289904
7.394803887091084
4.27833639623129
4.976915329742013
4.038177162328958
3.950044686970437
4.2057474538649515
4.307729221247066
5.012175046382552
5.31069214743445
5.475372323782035
5.429351803625978
5.493053374065417
5.499821993656013
6.811739213224043
7.391732430478898
7.626083101005032
7.717545448168974
7.2202990786901875
7.038938960018883
5.630956143283218
5.170827721819397
5.454093060296437
5.3742837575645375
4.981920639781583
5.108179759998545
5.298424812414899
5.424557979674729
5.097596126970521
4.977975445404634
4.9330288919948435
4.915968146755564
5.271522372288935
5.414020985917145
5.469461676051926
5.490787661089209
5.498955391450768
5.502078392569786
5.909117929879079
6.072423207898479
5.714557019471602
5.583499903242494
5.154138707209328
4.998994122916228
4.940974466021192
4.918991085669165
4.910620020046212
4.907426318730194
4.906206981657574
4.905741316306076
5.267330846117726
5.412376282765547
5.4688269626521295
5.490544268121186
5.4988622840414365
5.502042808320186
6.072417478042478
5.909103332352227
7.074365795786461
7.499317626086471
7.141622099651511
7.009542640839193
5.235838179631498
4.683707852298524
4.488528751082535
4.416142402926913
4.388802415511752
4.378404199743676
4.37443894017003
4.3729252937700664
5.041015665409554
5.322343696581326
5.433898658096826
5.477123335660965
5.116407900708635
4.984984303004002
4.935680711807277
4.916977381057867
6.078179273099705
6.590875960272305
7.299253423665167
7.589497485649827
7.174303675684489
7.021777739019155
4.879483075197972
4.246148732037366
4.323488653780519
4.353400285965933
4.364880053448851
4.369272919793845
4.693293757050224
4.823306648558523
4.873912365957983
4.893381863287429
5.262258038816963
5.410384693552151
5.468058221597863
5.490249456312268
5.904262193953768
6.070516740122617
7.073519903895398
7.498975102987336
7.668156861179919
7.733781291758728
7.226097282336891
7.041097511731979
5.244828694355433
4.686778164700085
5.17626041991061
5.3764398127414
5.080276864350251
4.971508517720619
4.930580065213577
4.915035870076283
5.659867854230696
5.973281964136941
5.288715313712274
5.048453812352991
5.325342005887904
5.435067711051464
4.750997552488807
4.513051548948746
4.121404200189377
3.9809449036062965
4.2182840814460265
4.312629390344858
4.349220473736788
4.3632788220234335
5.036765209598395
5.320629114468902
5.060068391777704
4.9639455251001525
5.681314952073732
5.981917557272381
6.550808994737749
6.782116096481205
5.5515781448004375
5.142863356038424
5.758677144343167
6.012900816017764
5.302086683790347
5.05332539246364
5.720173485073727
5.997512621443411
5.687526652501841
5.573397224076321
5.530410635751907
5.51407886559163
4.777261066458424
4.522564663609493
4.124720392471534
3.9821681034877905
4.86396213941814
5.250151079770449
5.405626689164198
5.466220953203537
5.489544761020866
5.498479906407722
5.90764144761364
6.071843611251218
6.135761015842294
6.160352494859543
5.351378727401869
5.071218623234937
4.626903551105125
4.467657165509286
5.082452203595343
5.339012076223808
5.4403925780227524
5.4796226007573425
5.1172995384761695
4.985316112203874
5.299803873341231
5.425097230509149
5.097789681470761
4.9780476409203605
5.687474516602467
5.984393957558279
5.682771544359186
5.571616921137223
5.149946086222612
4.997440498456616
5.695927400563582
5.98778967069153
4.591443033405455
4.148603193530417
4.285278225436946
4.3386638982723325
5.025892927762056
5.316239295267929
5.058473337321164
4.963347783937529
9.348475305761564
11.906071357288834
5.969896438671018
4.586197403100575
7.326994464065107
8.762856084784932
6.573906305844639
5.890412159375332
6.065073585141013
6.133146973475342
7.101306767634315
7.5102134951763135
5.772083569481719
5.219950454386446
6.21859772619399
6.6486250772796565
4.450550186512688
3.8179487805588153
5.139323090704929
5.757162639431899
6.012296739416895
6.112706676898313
5.729007560104275
5.588888723789276
5.944557408033657
6.086308287786583
8.163378730786265
9.1322275212398
9.531934656668938
9.68918570055178
7.875833329943005
7.276509560209196
5.702805117356249
5.195930348247042
4.670039619829297
4.483520992636582
4.414259807745382
4.388087685789264
5.047684865046744
5.3250321706144925
5.434946923871674
5.4775268985518455
5.116551892818747
4.985037889859463
6.1101790812996315
6.6041082989782165
7.3048474872884315
7.591718666281159
5.397858550009077
4.738547371767656
4.84101817053142
4.880740803341643
8.056626866112353
9.756517753018706
6.84923241835051
5.98345052946857
5.6824293327787
5.571488762301028
5.5296872140578985
5.5138033479591435
8.440813055349086
9.93167285264138
10.56826678181783
10.822054863449328
6.63642763255881
5.505720881997835
5.50466306524593
5.504259068843934
5.504104763775398
5.504045825625566
6.813736947375578
7.392560394154289
4.976338531752029
4.2781469967920085
4.03810887819765
3.9500191738594563
4.515894824958764
4.752838805889762
5.2040081702620204
5.387430206063142
5.084241072275129
4.9729899345075665
4.5924637773980015
4.454925764188077
3.9734228679731247
4.101047584496122
3.404998982620017
3.2100145844500516
3.138519731421963
3.111633349592767
4.42659428876352
5.0645582860276575
5.331824360536876
5.43759381766429
5.882568422545276
6.061987435903433
5.710803828782735
5.5820989054309
5.153644686172343
4.9988110982807825
3.9911811303846334
3.662337978895977
3.80536532821885
3.861459489313739
4.807109594738099
5.226625951651995
5.396361946627215
5.4626405711417005
5.48817106333593
5.4979543058904925
5.123831887460543
4.98774593571353
5.300790382558812
5.425482929600587
5.877560471241655
6.060015707241002
4.612519112861536
4.155866799742118
3.9936271184737744
3.933342382621809
3.6419742943164373
3.5364678130545912
4.991161047695977
5.69319256067261
5.986691365172985
6.102749837787377
6.1476717020648515
6.164917468862231
5.74764937975355
5.595828140099057
5.15848260111521
5.00060297968813
5.697303927083915
5.988342357328323
4.276247288645409
3.760128156683097
3.3339897751883765
3.1842780014279954
3.1288842638445367
3.107980989640382
4.42460893825895
5.06369053733888
5.331475400300589
5.437457879821409
5.882512249408919
6.061965325191906
5.710795872501286
5.582095934891417
5.153643638616783
4.998810710171467
4.94090522090681
4.918964753953111
4.5733426630777325
4.447831745662882
4.40080515932085
4.3829741180276205
5.045437248952015
5.324126361630859
5.434593775470258
5.477390948337602
5.493826821785056
5.500117775561055
5.1246019331157555
4.988032241732061
4.936833188570416
4.917415888245503
4.57279256417487
4.447627385495734
3.972472472862352
4.098479995815567
3.907527515009211
3.9253709375024
4.188398198893989
4.300933035406014
5.009153149375345
5.309468911566772
5.428874095424251
5.475188303836095
5.49298285699017
5.499795025233226
5.502399271137392
5.503394329994924
5.125767803641709
4.988465666404025
4.2821262535337175
4.039543126083287
4.554718187025252
4.768404810889091
4.8526467104121425
4.885215636682385
4.897713472611136
4.902495655454511
4.904323518910692
4.905021880481852
4.568386816450332
4.44599011441961
5.0730231073785
5.335226503930774
5.4389188383244464
5.4790555756769574
5.117097268666011
4.985240843757168
4.935777730951818
4.917014298421167
5.271950839711344
5.414189065708195
4.744018070510909
4.510517992048264
4.391932779911609
4.424393615702017
4.702576063133771
4.8269481670145895
5.234854430498247
5.399605438184907
5.463894458145481
5.488652209836994
5.498138410122842
5.5017661419079875
5.125188511952211
4.98825031622151
4.9369156295071175
4.9174472538659755
5.272128146755237
5.414258617490055
4.744041348431022
4.510526445777218
4.4243967830816855
4.391933980866447
4.379597254257958
4.374894195406675
5.04188249616875
5.322693255853721
6.727094484296675
7.3565124947836384
6.148994973468278
5.741974641764787
5.593717193793083
5.538103650221234
5.517007399651823
5.508970575683284
5.505903873009308
5.504732947445731
4.774166638983801
4.5214454891536064
4.428484789477576
4.39348356108897
4.703210236508018
4.8271967958139275
5.399646015257287
5.234957421958038
5.463910141707166
5.488658227563433
5.49814071266171
5.501767021979759
6.344756639149002
6.699826308050958
4.792785564213182
4.2171717122130055
4.3121949647590165
4.349053124814513
5.030486431711184
5.318094694990715
5.432241257830674
5.476485169093527
5.493479789001257
5.499985066454585
5.502471894021491
5.5034220743715645
5.125777673872582
4.9884693355064105
4.936998425372605
4.917478754197459
4.910043289081044
4.90720616238381
4.906122909144788
4.9057092063416246
4.905551195139479
4.90549084157415
4.905467788759516
4.905458983396457
5.267215053758912
5.412330835793265
5.468809422352745
5.490537541710702
5.121190609712871
4.9867636961164905
4.93635358308346
4.917233410297809
4.258666638922797
4.031075626825941
4.5510690456519525
4.766945208486569
4.852079288725282
4.8849974383598465
5.258812230359089
5.409031188880901
5.467535677388199
5.490049046245781
5.498672834267779
5.501970402320199
5.5032304831129295
5.503711867311251
5.125880767636751
4.9885076587234725
4.937012912468312
4.917484265892225
4.910045391177098
4.907206964848999
5.267931882031782
5.412612171507741
5.46891800265969
5.490579180222224
5.498875639453673
5.502047912580478
5.5032600960495
5.503723179417124
5.125884791847488
4.98850915464039
5.301100188415716
5.425604046367914
5.097971583174229
4.978115488417542
5.296878671183634
5.423953292680703
5.097379071179864
4.97789448193031
5.29678884752158
5.423918159807509
5.473278616703773
5.492250971832154
5.499515111760605
5.502292301395161
5.125375725385847
4.988319913974879
4.936941939791016
4.917457263853666
4.9100350929008485
4.907203033528902
4.906121714292141
4.9057087499869745
4.905551020833122
4.905490774995865
4.905467763328993
4.905458973682879
5.267215049775041
5.412330834229636
5.468809421749257
5.490537541479274
4.769460331686497
4.519742479643877
4.754385184260969
4.847192125001363
4.883117458111871
4.896909882743568
5.263706884034946
5.410953632637806
5.468277846389448
5.490333684923319
5.498781725604879
5.502012019798512
5.503246383178617
5.503717941121744
5.503898070892733
5.503966875898845
5.125971484101589
4.988541380512386
4.937025660056868
4.9174891157737175
4.910047240864086
4.907207670958049
4.906123485241617
4.905709426372469
5.267317767400173
5.4123711495724915
5.093218706043225
4.976342221839097
4.932410626082212
4.91573279781678
5.271425973765277
5.413983169407935
5.469447083483349
5.490782065486314
5.498953250940628
5.502077574503231
5.125299324491122
4.988291511658875
4.936931202790839
4.9174531788679126
4.910033534929812
4.907202438780107
4.906121487168368
4.905708663240712
4.905550987700065
4.9054907623403174
5.267228087368609
5.412335951343858
5.468811396708594
5.490538298843709
5.121190879457594
4.986763796445269
4.9363536210182515
4.917233424731486
5.272040579108047
5.414224267733127
5.469540117004868
5.490817739557826
5.498966897474177
5.502082789972793
5.503273420936855
5.503728269495668
5.909794685565206
6.072688840048543
5.714652501145819
5.583535537395892
5.534251101145394
5.51554114713878
5.130086170678115
4.990070534346894
4.937603658368359
4.917709009885876
4.910131104672882
4.907239685388271
5.267945298865983
5.412617437026809
5.468920034830835
5.490579959516875
5.498875937567507
5.5020480265155225
5.125288811026094
4.988287603218771
5.301010259271672
5.42556888955159
5.097958965350876
4.978110782145231
4.594269523114474
4.455594759822682
4.40373743509626
4.384089380012554
5.045927589012331
5.324323994237494
5.434670829803933
5.477420612120819
5.898988685093903
6.068445147604285
5.713126793831066
5.582966093109796
5.153950483662495
4.9989243912411885
4.940948139912347
4.918981074713615
4.910616202706414
4.907424861584086
5.268021228061604
5.412647235750269
5.46893153530857
5.490584369703483
5.498877624653733
5.502048671296792
5.503260385917182
5.5037232901460404
5.503900114104463
5.503967656345949
5.503993455405279
5.504003309800984
5.125984444844408
4.988546198344545
4.597945775388441
4.4569562417656075
5.077798902065557
5.3371444221879045
5.4396655729534285
5.479342895581931
5.494574554188848
5.5004036989484035
5.502631865943307
5.503483188210973
5.503808399143125
5.503932623737695
5.125959299427773
4.98853685115761
4.937023947862807
4.917488464361685
5.414265237444632
5.2721450230724916
5.469555925887705
5.490823801499153
5.498969216365398
5.502083676212198
5.503273759523423
5.503728398834913
5.503902065512109
5.5039684017264054
5.503993740116603
5.504003418551228
5.1259844835303845
4.9885462127250815
4.597945780451227
4.456956243640122
4.729048825878656
4.8373092924718595
5.2391436255051405
5.401294898527087
5.464547394742444
5.488902730241815
5.4982342644349895
5.501802778957599
5.503687403333241
5.50316644141924
5.503886406093702
5.503962420283471
5.503991455397418
5.504002545864507
5.125984173087507
4.9885460973257905
4.597945739823948
4.456956228597729
4.404251368840927
4.384284802337081
5.046013501150237
5.324358620085819
5.434684329781243
5.47742580921123
5.493840177383635
5.500122882783506
5.502524558568931
5.503442193852875
5.503926642233993
5.503792739730345
5.125957171596018
4.988536060187466
4.937023648858889
4.917488350604271
4.910046949037655
4.9072075595547355
5.267932125887314
5.412612267210417
5.468918039595133
5.490579194386184
5.498875644871999
5.5020479146512935
5.503260096840655
5.503723179719344
5.503900071923865
5.503967640234195
5.909892861569332
6.072727373372845
4.003892256136117
3.4149487873448643
3.978287219062355
4.217208192549808
4.312209212942568
4.3490586136485785
5.0304888567568495
5.318095674234131
5.432241639896624
5.476485316218336
5.493479845372325
5.499985088011915
5.908259106044758
6.072086085437746
5.714435836834921
5.583454676854361
5.5342204876524885
5.5155294933373264
4.777741077689141
4.522738231123823
4.124780856592262
3.9821904004434177
4.863972541975853
5.25015536867303
5.405628375892142
5.466221604698181
5.489545010931481
5.4984800020204565
5.5018967019858485
5.503202325526388
5.125699496040431
4.988440274012761
4.597908483605405
4.456942434315525
4.404246162195891
4.384282822590922
4.0760850285766725
3.964167311098357
4.522066294184658
4.75531873487784
5.20504517045727
5.387840240661898
5.459343981587306
5.48690575718347
5.119896444677047
4.9862823071318365
4.2814102731012555
4.039285125258274
4.241790512975981
4.321793103404595
5.018419150998716
5.313218259871437
5.430338106794856
5.475752230036049
5.493198950813399
5.499877667087572
5.908215028819528
6.072068782559393
6.135847928024058
6.160385825265102
6.169784346243569
6.173378045078405
4.987861315709881
4.597704646553951
4.45686696150904
4.404217674845881
4.384271990691557
4.376677280377091
5.0426673110605815
5.323009709267126
5.434158374300713
5.47722332606833
5.493762603046876
5.500093218008614
5.50343786319861
5.502513222666549
5.1257832908301815
4.988471423519708
4.59791945017008
4.456946494742515
4.404247694803097
4.3842834053412325
5.046012887007207
5.32435837256419
5.434684233277335
5.47742577206012
5.493840163150651
5.5001228773407735
5.124603748775419
4.988032916770082
4.9368334437654
4.917415985337925
4.910019349667932
4.907197023611524
4.569160520690246
4.446277710254457
4.4002177831598255
4.382750660127047
4.69881830674208
4.825474506586295
4.874748985665517
4.8937026830897885
5.262389815969862
5.410436444401807
5.468078199317071
5.490257118081751
5.121090701255281
4.98672653596801
4.9363395326206065
4.917228064281289
4.90994767733369
4.907169662828691
4.5691507897029116
4.446274093307985
4.4002164159206405
4.382750139961179
4.376096929823784
4.373558296198779
4.6950514810420145
4.823996558306271
4.893483975909336
4.874178641114157
4.900878122318814
4.903705382843907
4.904785730695184
4.905198449671416
4.905356103458395
4.905416323183907
4.905439325267378
4.905448111309918
4.9054514672836955
4.90545274915222
4.905453238782515
4.905453425804659
4.4460471816873435
4.568540335137233
4.097923733120182
3.972266523264702
4.214769238979483
4.311256459194095
4.669391677138041
4.81390914776836
4.8702829929367
4.89198970799673
4.900306446388345
4.90348688822309
4.904702253640254
4.905166561422968
4.905343922815388
4.905411670531595
4.905437548103476
4.905447432492422
4.905451207998297
4.905452650113982
4.905453200953271
4.9054534113551735
4.905453491721548
4.905453522418774
4.905453534144071
4.9054535386227345
4.568540375270241
4.446047196605772
4.724624208143068
4.835580049002539
4.5435738771816485
4.436750815732572
4.396614142684399
4.381379308862006
4.375574063260648
4.373358687431774
4.694969631567483
4.8239644357879605
4.874166243741627
4.893479221775094
5.262298029507258
5.410400398576202
5.092510254578294
4.976077815779389
4.932310521895842
4.915694690468713
4.909362791464617
4.906946374488441
4.569071374931759
4.446244575161638
4.382745894838626
4.40020525776288
4.376095310792268
4.373557678142448
4.372588777152919
4.372218746561344
4.694502155138053
4.823780964077064
4.874095433646971
4.893452067434872
4.900865915925277
4.903700717723164
4.90478394838452
4.9051977688319575
4.905355843392496
4.905416223846352
4.568527101176372
4.446042262293902
4.400128780221156
4.382716798768971
4.376084213924297
4.373553441970651
4.695049490595602
4.823995777142855
4.874178339632363
4.893483860297435
4.900878078092272
4.903705365941125
4.904785724237474
4.9051984472045795
4.905356102516119
4.905416322823983
4.9054393251298976
4.905448111257407
4.90545146726364
4.905452749144559
4.905453238779586
4.905453425803539
4.9054534972403365
4.905453524526762
4.905453534949253
4.9054535389302885
4.9054535404509085
4.905453541031732
4.905453541253587
4.905453541338331
4.905453541370699
4.905453541383062
4.905453541387786
4.905453541389588
4.905453541390278
4.905453541390543
4.905453541390643
4.9054535413906795
4.568540376254886
4.4460471969717865
4.724624208291633
4.835580049060621
4.878645854228894
4.895196572849081
4.901533193740413
4.903955731867864
4.9048813750717395
4.905234985426372
4.568462627818757
4.446018295812291
4.400119720360335
4.382713351901839
4.376082899330345
4.373552940130785
4.695049284819173
4.823995696384566
4.874178308464548
4.893483848345236
4.9008780735200395
4.903705364193677
4.9047857235698595
4.905198446949555
4.905356102418705
4.905416322786777
4.56852713637282
4.446042275377312
4.400128785166967
4.382716800650629
4.698804440847859
4.825469067519757
4.874746886911817
4.893701878320167
4.9009614782506175
4.903737240176883
4.567929766847604
4.445820209049506
4.400044838021384
4.382684862391933
4.698791361656505
4.825463937037946
4.874744907229295
4.893701119208333
4.90096118786555
4.903737129196836
4.904797859370233
4.905203082799332
4.568451278695871
4.4460140770163425
4.835574793548125
4.724610764905735
4.8786438289228675
4.895195796626501
5.263003044067361
5.410677257669598
5.092609790341401
4.976114965580914
5.296065508893006
5.423635225785323
5.097264893280184
4.977851891842993
4.932982124486899
4.915950344885712
4.909460315410731
4.906983606757509
4.906037918034232
4.90567674518982
4.905538796456821
4.905486105753356
4.9054659798449
4.905458292453714
4.9054553561347465
4.9054542345611685
4.905453806158247
4.905453642522903
4.905453580019767
4.905453556145693
4.56854038150372
4.446047198922908
4.097923739188103
3.972266525511371
4.525593075946926
4.756734989621064
4.848107051409574
4.88346949849897
4.897044727006987
4.902239957161659
4.904225812864014
4.904984554548817
4.90527439906475
4.9053851143388085
4.905427404469966
4.905443557958906
4.568536824825798
4.446045876817858
4.400130146588641
4.3827173186096
4.6988046529592635
4.825469150723123
4.874746919017224
4.893701890631024
5.262389490472971
5.4104363165753195
5.49025709915698
5.468078149971518
5.121090694512717
4.986726533460153
5.300376541051743
5.425321133885752
5.0978700441137565
4.978077615558584
4.594257831397214
4.455590428778837
4.4037358000382625
4.384088758262384
4.3766074121532075
4.37375316295911
5.041380173374736
5.322490693052026
5.4339559821036545
5.477145405584521
5.116415775474461
4.98498723363268
5.425045013490015
5.299670325692307
4.089293122229278
4.421574209065845
3.969068926899267
3.924085972889613
4.195168730192406
4.303587307127017
4.345735142072316
4.361942909705901
5.03617611843453
5.320391411719485
5.433137235504005
5.476830171909249
5.493611974714865
5.500035616318349
6.0720942242098035
5.9082798387631925
5.71443876246132
5.5834557687299355
5.534220901034247
5.515529650701832
4.777741129756661
4.52273824995036
4.393666812065301
4.428968385125608
4.079415225334827
3.9654040947688483
4.856130745295234
5.246920640135932
5.404355988681804
5.465730112469424
5.489356471341522
5.498407868324234
5.5018691321329385
5.503191792264339
5.909574644111338
6.072602474038219
6.1360539156337275
6.160464819361859
6.169814565217052
6.1733895944048935
4.987864879996526
4.597705901496792
4.456867426171119
4.404217850234351
4.384272057380597
4.3766773058059085
5.042667322251523
5.323009713779324
5.4772233267457215
5.434158376060205
6.333930411228683
6.695457332570337
6.894542352881428
6.838932004983453
6.440909235114038
6.2756241659479155
5.019255871468346
4.608736871071978
4.1545648100958
3.993149170974859
4.2232189449885755
4.3145558026790285
5.015207493810612
5.311919195908864
5.42983093244114
5.475556880917204
5.8982219327057495
6.068143848965778
6.134332687042352
6.159804695797963
6.169562029409627
6.17329307719633
4.645263852057944
4.167111284444864
3.4674670513508814
3.23238262341812
4.491436639852079
5.0927681143980035
5.343148716101159
5.442002251618397
5.884389634584112
6.062704225564637
6.132231690408766
6.158998768875784
4.983420465581235
4.596140645422538
4.150223948297975
3.991555014477736
3.932562731778482
3.9102605022898556
4.830224824582588
5.236211483072459
5.400140056733401
5.46410108926588
5.48873149260156
5.498168745648342
5.503156873733475
5.501777736673217
5.12568332587331
4.988434262949663
6.111768850851597
6.604764571510472
5.900958203390802
5.652376823202281
4.491449459330107
4.113857815072784
3.9781590996769487
3.9275163324100593
3.901044333488214
3.908343120185883
4.825873180267383
5.23440909255977
5.3994299761151945
5.463826638954584
5.893392320647131
6.0662454755263
6.133599592786621
6.159523505590608
6.16945445265697
6.173251961462057
6.630064896583189
6.813341670613058
5.971454937206693
5.6780752366426555
5.56985772906239
5.529068833067283
4.453768327653874
4.1006405688406025
3.973272235317686
3.9256727787042554
3.907642281278352
3.900777121959159
4.185632966111595
4.299848210221547
5.008670513099369
5.309273502646866
5.428797776413818
5.475158903748317
5.492971590639866
5.4997907165307565
5.502397624579796
5.503393700952096
5.909657460516652
6.07263497961257
4.956612372465796
4.586680890891992
4.452782216281187
4.402675435278606
4.376453644239194
4.383685511949176
4.0733032318118285
3.9631337159253635
4.85506855378428
5.246482239649405
5.802722299190252
6.030425924625105
5.699428476519572
5.5778492141093245
5.940069604283579
6.084552814019247
6.140663432333923
6.162232092349459
4.323258416339549
3.7758642182163284
4.1339207033107215
4.2794789039735335
4.999594247149514
5.305596550902155
5.054602881012569
4.961896859328262
5.421371510510376
5.290280376552259
5.875858795132033
6.0593454876409805
5.317692620820859
5.059001497785511
4.622642708623179
4.466085235439152
4.407694926125683
4.3855938449752605
4.07655054967962
3.9643402359879767
4.855633068225681
5.2467152402351624
5.03310226995513
4.953824360098526
4.270743537180297
4.035438245560224
4.552949744575881
4.767697550441235
5.210216469801574
5.3898842426833085
5.460134989601943
5.487209407124554
5.497586311190078
5.501555113189498
6.344663294025658
6.69978865788431
6.370798425225816
6.249443152444207
5.777623469408539
5.606956889025107
5.162398775028375
5.00205270339378
4.6026968797565
4.4587147936875935
5.078564082925421
5.337451608636366
5.439785159491527
5.479388906440971
5.494592177581829
5.500410437620273
5.124706086203457
4.988070964220374
5.691845980150443
5.986150461675717
4.590962881716749
4.1484374754430915
4.285212840588811
4.338638612229423
4.3592207928303965
4.367108231533066
4.69240546628241
4.822957932131544
4.893330245487648
4.873777767628081
5.650307581418211
5.969426039244454
6.096021222958596
6.145081798951221
6.618492286087886
6.808796681447853
5.969933103812232
5.677522463392645
4.8308611285505645
4.541879744546427
4.4361188556908235
4.3963749285869005
4.080375466144508
3.9657605974742713
4.522760438193436
4.755597537212749
4.8476642048315295
4.8832991075387095
4.560648307903983
4.443111953381509
4.39902083471479
4.382295243097305
5.81669794775397
6.481100202990535
6.2192581771149165
6.290553055567152
5.001988197721225
4.602674207827703
4.458706404668782
4.404911891161972
4.384535943992111
4.3767779250452925
4.696371369407438
4.824514511871618
4.539599641533106
4.435268081872742
5.068346572916711
5.33334736608516
5.839233471927731
6.044891120389231
6.1253434026096265
6.156355274555766
6.168242152246541
6.172788590744142
6.174526060038255
6.175189843322557
5.356298196145865
5.072998812761956
4.627523879941026
4.46788594552741
4.733475113867575
4.839038188505966
4.879978215463721
4.895707172958069
5.263213041931551
5.4107597193633
5.0926394361770075
4.976126030229852
6.106004445265084
6.602384465540407
6.802462365400354
6.880475709184426
4.509204031082716
3.837090362274035
3.8737244642191713
3.887809577783296
4.488595415543319
4.741843674542643
4.842304197183836
4.881236011821229
4.559912246472499
4.442838035038559
4.723321322195357
4.8350706601477995
4.895121334367159
4.878449545748266
5.262972464838845
5.410665249687501
4.742838461093756
4.510089565466586
4.424233091243573
4.391871914196396
4.379573613389131
4.374885175080193
4.695595508386599
4.824210057642693
4.874261037803537
4.893515573134256
5.969459023802894
5.650389320058809
6.096034089106725
6.145086752930451
6.163927207669785
6.171138857080205
4.987170192530677
4.597461299846708
4.4567768571299355
4.404183664391353
4.384259058655543
4.376672349331061
4.6963280981111755
4.824497532678547
4.874371980682931
4.89355811664143
5.262330435773267
5.410413125013773
5.468069197195695
5.490253665628781
5.498751113786069
5.502000320235123
5.503241913337547
5.503716233647654
5.503897418674258
5.50396662677043
4.773912766714476
4.521353650216903
4.428450431139371
4.393470541065728
4.380182456153822
4.37511747338539
4.695690741428054
4.824247429543161
4.874275460665179
4.893521103934212
4.900892325357813
4.903710811046863
4.904787804540298
4.905199241876313
4.905356406063451
4.905416438770169
5.267197604700424
5.412323987214615
5.872111303053771
6.057869082932658
4.9520053645920585
4.585052037387447
3.861616439514461
3.6164625160802375
4.36625102831417
4.692053633393875
4.873724450104479
4.822819801766989
4.893309798235066
4.900811491106428
4.903679917196186
4.904776001524704
5.655352139635712
5.971461152430269
6.54643280271715
6.78038516032664
5.960405598287279
5.67405982104761
5.528498193358564
5.568352879409069
4.147713990820151
3.7165507355972007
3.5639551409384485
3.5073366560081034
3.743024467331157
3.837172973401924
4.466174593278789
4.732782496205883
4.838767719894802
4.879874029808932
4.895667249048754
4.901713203423082
5.654002967425753
5.97091696928652
7.028963624334411
7.48089722775093
4.998968567679916
4.285567724839664
3.7632564576442733
3.580996668909509
3.7728580709364774
3.8488263757676875
4.471350598207759
4.734876824622311
5.196487236410825
5.384454882248466
5.458033474212092
5.486402623435161
6.805385991749549
7.389098331103592
5.736349588500132
5.207583216496326
5.388843582667399
5.459732287920127
5.110196497006956
4.982671832974845
5.298729957303488
5.424677307209878
5.877227094819616
6.059884413550261
6.131142109511072
6.158580746422725
6.169093753048029
6.173114099175223
6.630008340806482
6.8133194710092235
5.179361449092574
4.664345795044241
4.811921476829718
4.8695147812018025
4.891694955044253
4.900193667275199
5.265054850182404
5.411482871169428
5.8717627154109495
6.057731719770844
4.951962474274233
4.585036868689307
4.146391306890084
3.9901466421830567
4.867682199817788
5.251684473608788
5.406229683857724
5.466453850459918
5.489634098258991
5.498514085566469
5.9076554743534455
6.071849117902694
5.714350653576492
5.583422885384833
4.470441488035601
4.1064974315312845
3.92649032457567
3.9754389154664835
4.1961503683265615
4.3039719218685235
5.010504742658773
5.310016080345602
5.429087788714467
5.475270622746478
5.4930144020603935
5.49980708929931
5.908186068873407
6.072057414050224
6.135843540026349
6.160384142495985
6.169783702502288
6.173377799047889
4.1671196281805
4.645288202777986
4.949042374638577
5.285041256260255
5.419320128576366
5.4715058774095215
5.491571430493145
5.49925519682754
5.502192971139676
5.503315515244344
5.909625391494012
6.0726223925022085
6.588573733207798
6.797023757898544
6.405957999337283
6.262594695028578
4.051253944301076
3.430322310036928
3.456510251469533
3.4665658389616096
3.4704144479063084
3.471885613173163
4.6157524908798955
5.146156187157039
5.364474798625956
5.45028858556261
5.887810418389044
6.064050201535283
6.132751667736692
6.15919824425995
5.350995717413035
5.071079982429988
4.968068907284671
4.9292767883632935
4.914539591469913
4.908922119227097
4.255915750229551
4.030080836051172
4.238095927140595
4.3203548938592355
4.053280140048647
3.955681098982457
3.9190249537557658
3.9051133768836497
5.183827529308654
5.7761547103290205
6.019864838176726
6.115644568776916
6.152630070223849
6.166816236762263
6.1722434991060275
6.174317789271722
5.356009260243107
5.072894284559341
4.968747756737041
4.929534050249115
4.5770936253833785
4.449224812616422
4.099042197318562
3.972680603679979
3.655844327170039
3.541606174952955
4.993929814609124
5.6943986819362395
6.733549984575874
6.428708125277059
5.156114960740172
4.656338238983011
5.163393225827415
5.3713309860773055
5.452948258612054
5.484449585617162
4.135059895274784
3.7122156566255518
3.562366702069304
3.5067394828551617
4.018797456080817
4.233559675820937
5.346220544060904
5.844612983325339
6.04701767529118
6.126166395477723
5.733822726287866
5.5906825043220145
5.536955833955444
5.516570614970815
5.130451890908041
4.990206411412995
4.59853020705049
4.457172621171057
4.101837511231164
3.97371518604321
3.6562079564851317
3.541740724683108
4.994002282332911
5.694430244540358
5.987188456599408
6.102943385724885
6.147746174252302
6.164945994397595
5.747659538050474
5.595831917729644
5.538903278686188
5.517311653497051
4.1445062897522185
3.715452605758499
3.563552877804276
3.507185440850656
3.48589109115897
3.477791540305406
4.618750008649544
5.14743244905603
6.641611113616639
7.3206645232419
5.715998531465905
5.200518592174738
5.016128859171534
4.947436551948616
5.284386178176332
5.419063543821263
5.095623318691423
4.977239494449848
3.984593610030482
3.6600279079374807
3.5431536795199334
3.499503282085793
3.482972607319752
3.4766790809813597
4.958759948290293
5.679047260937095
5.981005433540482
6.100535251735469
5.724647631073013
5.587263727513065
4.471615868379766
4.1069094525599645
3.975591266065455
3.9265478001327576
4.50562632212261
4.748707888190336
5.202280054509758
5.386746789016802
5.45892075076328
5.486743277353631
3.7124421247515733
4.135720364228441
3.8691223821228693
3.8251673654107847
3.886044699125461
3.892527965845906
4.821846312509907
5.2327403249391455
5.39877240363996
5.463572463453441
5.488528659267459
5.498091136112234
5.501748072880462
5.503145540313751
5.125679293823884
4.988432764082467
5.301069181276774
5.425591924507356
5.097967232629713
4.978113865725866
4.278729908391957
4.038319029194406
4.241402968242304
4.321642278320322
4.352690060338557
4.3646080423237485
5.037351239190021
5.320865564802899
5.433322178730502
5.476901381285329
4.9849548294884665
5.1163287041136885
4.935669565250926
4.916973139583061
4.909850447374477
4.907132545074589
4.255323056640234
4.029866451061122
3.946937581678823
3.915713912867698
3.63573095445882
3.5341509266320643
4.647197925811877
5.1595193997695645
5.369791370609869
5.452351189067688
5.48422020009389
5.49644218385699
5.906805091953194
6.0715152581147995
4.298836894898498
3.76770286140777
3.58261219963963
3.514338492796061
3.8382896447952155
3.745876892123612
4.79607166794643
5.222038642027971
5.394552356356136
5.461940807238078
5.487902517475709
5.497851546094172
5.123795307417788
4.987732334447421
5.30078486126663
5.42548077104439
5.473880859247132
5.492481797554143
4.442488099169737
4.096670418674297
3.925118027313547
3.971802435280874
3.9074313491238355
3.9006966932517093
4.825708908951835
5.234341033996025
5.399403160393119
5.463816274084094
5.4981269316612265
5.488622210733434
5.907496587621781
6.071786741292217
5.714328230572946
5.583414516787583
4.470438928698569
4.10649653353732
3.7024000998860056
3.558765891318528
3.7638944999826265
3.845331089365888
4.799430500675506
5.2234352468940415
5.3951033894889715
5.462153905693315
5.48798429975008
5.497882840630709
5.5016684572353345
5.503115121982932
5.5036677991406915
5.503878917679474
5.503959559923051
5.50399036283102
4.4460413230774565
4.097921670547406
3.972265759589695
3.9252929150005538
3.9074978483528384
3.9007220497846578
4.825720891044048
5.234345998295097
5.79759152118281
6.028388681559294
5.69869295356254
5.577574251440813
5.939957755868757
6.0845090523165775
5.718898674942638
5.585119855020708
5.534850862491413
5.515769453450062
3.3673550776931553
3.859443866458705
4.248832825733423
4.643450821174614
5.157929949790196
5.369159452072562
5.452106097698734
5.4841260350240795
5.496406135652624
5.5011039708870655
5.908718177265699
6.072266292890113
5.714500615042119
5.58347885270461
4.470458604252307
4.106503437085924
4.268615398780108
4.332212215557613
4.3567533532042795
4.366163882970929
4.369763747950438
4.3711395572502525
5.040229266501972
5.322026540219493
5.433774973743541
5.4770757163044035
5.116390909586979
4.984977979673978
5.299666567860571
5.425043544169181
4.42157375164604
4.089292960640566
4.261773198023601
4.329558474900472
5.021861452810539
5.314610045534936
5.430881396081801
5.475961477090198
5.493279129785354
5.499908329826505
5.908227610486342
6.072073721604625
5.714431392430528
5.583453018153664
5.534219859671858
5.515529254280178
4.777740998591803
4.522738202523862
4.428968367385881
4.393666805343336
5.050135263875676
5.326019418837869
5.435331780767278
5.477675049249376
5.493935662556624
5.500159396387207
5.5025385115859295
5.503447524315738
5.125786727818092
4.988472701163772
5.301085391885243
5.4255982618513245
5.097969507107795
4.978114714074182
4.278730186907185
4.0383191296003496
3.9500977295794018
3.9169111368432854
3.9043087026268712
3.8995057100101307
4.825146062036776
5.234107832379388
5.0284792947559644
4.952085861100961
4.923213445037719
4.912229646302097
4.908040679166451
4.906441579080917
4.905830914719187
4.905597681749225
4.254814614944957
4.029682526371862
3.946868773433965
3.9156878382328593
4.50086235365813
4.746789414536288
5.201477170037927
5.3864292249719075
5.083880227843587
4.972855117184997
5.294740029425112
5.423116702289876
5.097078747703262
4.977782455456953
4.594153780931395
4.455551884343673
4.837086883857026
4.728479605194846
4.232018707224472
4.021422293144309
3.9437765262693083
3.9145157522526532
3.903396518537517
3.8991576901870806
3.8969220216296687
3.897539817003125
4.492611018720562
4.743463589660323
4.842935991876249
4.881479266342659
4.8962823167114005
4.901948419368528
4.904114408178705
4.904941994863359
5.2670030121084
5.412247610643865
5.0931743005837165
4.976325649638877
4.278142766620632
4.038107353073718
4.889947983943172
5.260847233833594
5.038276137523123
4.955768855738744
4.924611700492468
4.912762494040777
4.908244028513056
4.906519225318956
4.5689194487583915
4.4461881039394475
4.724681401720926
4.8356024079660225
4.231522568929056
4.021242209070679
3.547889696471192
3.6728498098871674
5.1624408708377345
4.6540901233034315
5.37095254780589
5.452801508416963
5.49650841352415
5.484393207743714
4.771440814032648
4.520459257246478
4.123986837158108
3.9818975790324544
3.9289257168902263
3.9088787697259892
3.901248542670112
3.898337987965228
4.824594104973757
5.233879126374054
5.028395367668371
4.95205429066262
5.286269580811172
5.4198011928309295
4.116373721762343
3.7057990707358366
3.8225514507944633
3.868111496287177
3.370241687753889
3.197459025798562
4.472838810505218
5.084702969129548
5.339915066665879
5.440744020711291
5.479757805202943
5.494733472395026
6.341657195823012
6.698575984055839
6.370357945647735
6.249278105596268
5.7775651862054005
5.606935284363579
5.95188194906877
6.089171636729367
4.961763652330336
4.5885010695374
4.453457083624592
4.402930298993952
4.08269834930389
3.96662278565957
4.856700752000513
5.2471558757407974
5.404448535440382
5.465765863442612
5.489370185998853
5.498413115490955
5.9076140372219985
6.071832850389978
6.135756862288425
6.160350901984216
5.351378198875496
5.071218431924772
4.309121512885906
4.04925137723041
4.245785087023834
4.3233472200582845
4.353345888789339
4.3648592207053065
5.037461966879959
5.320910239134287
5.433339603411093
5.476908090297471
5.493641827955203
5.500047032555669
5.12457675645671
4.9880228813711724
4.039490811340341
4.281981068434813
3.950535455890107
3.917076923043747
4.833439291599453
5.237542226217542
5.798943487020298
6.028925605509725
5.698886818627811
5.577646726705904
5.532020902809136
5.514692061362117
5.129784499737218
4.98995844918753
4.937561295496957
4.917692893863514
4.910124958379569
4.907237339094694
4.029879006874285
4.255357767318684
3.9469422788755595
3.9157156928431203
3.9038535098622567
3.899332049477466
4.825063982909732
5.234073823530493
5.028466814843921
4.952081166614647
5.2862805393274686
5.419805484342111
5.471693046856634
5.4916431842844355
5.121584493880868
4.986910193804668
4.936408974059655
4.9172544857449045
4.909957754475785
4.907173509774214
4.906110439685305
4.905704443829807
4.568629628888373
4.446080374172339
4.097935418781346
3.972270849918389
3.925294836340214
3.9074985789121444
5.235671719477427
4.8289213792597865
5.399927424065215
5.464018907835765
5.111728644631413
4.983242404092362
4.935021875034899
4.916726671080024
3.966019544935687
3.653501732258194
3.8018557527514414
3.860098802275087
3.367573333030672
3.1964918208466058
4.472321963396587
5.084478537191745
5.33982503732638
5.440708983059676
4.426446273892408
4.091013648413574
3.9697067055081257
3.924326809761445
3.3888669263069993
3.204197016588248
3.1363458921711
3.110809953733261
4.426146832886365
5.064362734885496
5.331745723974617
5.437563185185133
5.882555764464977
6.061982453476945
4.9532894463418815
4.5855061313828
4.452346562995844
4.402510898094757
4.383622934693327
4.376429781181434
3.5329902457964604
3.2555785886089774
3.6380305705518023
3.7956982701368465
3.857709626005572
3.881662350798088
4.816700716592532
5.230606693062516
5.3979314640931895
5.463247382077114
5.488403919760428
5.498043406512631
4.77194974196163
4.520643419113286
4.428184708351795
4.393369843840592
4.380144109296181
4.375102843086701
4.072822965661245
3.9629552256720166
3.9217761129541633
3.9061602688660155
3.900211971866659
3.8979423160508513
4.82440705620339
5.233801618167677
5.399190617798578
5.46373412053857
4.129087125032691
3.710166638135733
3.8242716459028046
3.8687762912022694
3.885911922307816
3.892477164465881
4.182228912557919
4.298512161597754
5.0080760046558765
5.30903278312522
4.708610255635129
4.497629310966134
4.116018945472806
3.9789572194591853
3.9278172875215414
3.90845751091928
3.901087944869057
3.898276690049286
3.897203421034373
3.896793546743756
4.82386392389809
5.23357654756323
5.399101930654184
5.463699839932445
4.4335815928153535
4.093531311659349
3.970639674651499
3.9246790729064123
3.907264433196987
3.9006330460877967
4.1855739146111235
4.299825038967855
4.045912359349591
3.9529330771417035
3.9179848062948444
3.904717453753794
3.899661641936709
3.8977322218878303
3.6293445941576836
3.531778420260802
4.646006057426476
5.159013917970401
5.369590418970467
5.452273251346379
5.484190256397908
5.496430720874291
4.443707831695196
4.0971000117116505
4.264879172061763
4.330763449898978
4.057007311555209
3.9570700770400093
3.9195505227589313
3.905313405478775
3.38258597556481
3.2019273413670253
3.3667285855114306
3.431892532127203
4.595370833242566
5.1374646161148245
5.361012264508361
5.448944590373174
4.429004370982701
4.09191654899603
4.262817380599973
4.329963630232614
4.816951070883184
4.67712040331748
4.87145828140893
4.892440595450064
3.958525349570428
3.6508632269343644
3.8008067757675192
3.8596919558567766
4.476167963517571
4.736824693559512
4.840345861165019
4.880481885753936
5.256954926126308
5.408301417220823
5.091755531067835
4.975796115200111
4.932203866383945
4.915654088656626
4.9093473028893655
4.906940461285308
3.9630024751913444
3.652439873728844
3.8014336514350098
3.8599350983424388
3.615860990856945
3.5267608295202124
4.643483755648506
5.157943923415293
5.00040351402885
4.941506511060987
4.919193397878872
4.910697163945727
5.269362702919457
5.413173659279938
5.469134696019357
5.490662276534771
5.121235048834334
4.986780224746882
4.93635983263154
4.917235788165727
3.9661764031547233
3.6535569248970483
3.540759603091179
3.4985999033784996
3.2434374829377886
3.150961866386422
4.142395309168887
4.598670676524644
4.785928661072047
4.859450757397751
4.887830861428464
4.898714789503569
4.904469793471943
4.902878473736733
3.9622401851998155
3.6521715064977442
3.297097779969244
3.1707729896398598
3.1238088866696607
3.106054353396758
3.32786139888222
3.4167049146915818
4.587592327456667
5.134141262970937
4.9915767995275395
4.938172898083896
4.917925556322774
4.910213689471361
4.9072712112348835
4.906147750008425
5.2674975283348155
5.412441702251286
4.417647804807674
4.087905694816919
4.912894605752517
5.270263230460145
5.413526999155442
5.469271052339054
3.8469839134458352
3.3631984692231223
3.194905028025481
3.1328687075729635
3.3388058375814955
3.4209925678859765
4.27455745869643
4.6541693321524
4.80790872397767
4.867963300993351
4.8910995844211165
4.899965852265608
5.41144616463028
5.264961352047364
5.871747502186315
6.057725724788838
4.951960602385438
4.585036206670539
4.780503717312953
4.857346043279737
4.238780294342679
4.023875257177385
3.4214488677147785
3.215929253578671
3.621042621009459
3.7889184398572637
4.444637698793951
4.724052038412319
4.5032575626099565
4.421671976673115
4.089327659503779
3.969081731087419
3.9240908082205865
3.907040722748292
3.383157362673555
3.202133924622828
4.475335583681742
5.085786924127089
5.3403498532407445
5.440913225972347
5.479822898681204
5.494758403749377
5.500473997005158
5.502658728182855
5.125506097601817
4.988368379725541
4.936960261335482
4.9174642344330435
4.572809736543125
4.447633765211106
4.725268123664716
4.83583176836897
3.940967289101667
3.644669391311353
3.798342482132215
3.8587359048513514
4.805814227850503
5.2260879407506815
5.396149764274455
5.4625585282778175
5.488139579143308
5.497942258540243
4.771916208988061
4.520631285165545
4.754742280887383
4.847331183090478
4.883170966770438
4.896930378891805
3.959912536113499
3.6513518508239264
3.5399431908975623
3.4982917528001707
3.73933451893762
3.8357276465399877
4.794848626791062
5.22152995058223
5.3943516285403135
5.461863177369855
4.7599307203851655
4.516290941245624
4.426555727322071
4.39275245018915
4.827079589890323
4.702911274708516
4.228672268016416
4.020207378085117
3.6724887563363695
3.5477564743105754
3.7594426273124486
3.843593198269294
4.798601864460923
5.223090755553402
5.394967478229578
5.462101346620127
5.487964128972685
5.497875122174047
4.771893951465403
4.520623231224494
4.428177154965454
4.393366981385488
4.380143019226839
4.375102427196445
4.3731786236981245
4.372444019437051
3.7922153453615604
3.5914973390931975
3.5176650901485536
3.489865989302123
3.4793057551254507
3.4752805438017167
3.7299202312205306
3.8320361383493537
4.793085494495968
5.220796481438742
5.394062182975507
5.461751233482477
5.48782976178124
5.497823705396791
4.771876905298397
4.5206170630100075
3.8407970717134243
3.609002630942329
3.7841014107483657
3.853203394741369
3.6134509986538226
3.5258627927679598
4.643032085978238
5.157752281109215
5.36908880875564
5.452078697383163
4.756671881679057
4.515109639702838
4.426113439866538
4.392584796333876
4.379845134020354
4.374988773722142
4.373135230674399
4.372427447510255
3.7922098554295296
3.591495353115172
4.6758567198137255
5.171649797565765
5.374610101648841
5.454219561385861
5.48493795013226
5.496716939841531
5.501222786915563
5.502944842043718
4.773574228476543
4.521231178455163
4.4284046119258935
4.393453177869683
3.7991649237747063
3.594009919497093
3.518604877865818
3.4902220900576175
3.479441357647236
3.4753322788106926
4.300365928641652
4.664882788141898
4.812133072007047
4.869596569607016
4.891726337569269
4.900205675135319
5.26505977828415
5.411484805887318
4.417349464997128
4.087800242828793
3.9685153998547364
3.923876931562321
4.504455440932083
4.748236484787551
4.844796727980291
4.882195575771539
4.8965567398311824
4.902053359156225
4.904154509056931
4.904957314581979
4.254602456652995
4.029605775801494
3.946840059629263
3.9156769571576224
3.9038387589236976
3.89932642163947
4.825061322923688
5.234072721379951
5.399297440568457
5.463775410720462
5.4886065314183705
5.498120932319322
5.12389120160695
4.987767989892879
4.936733287751315
4.917377879374352
4.907191475561467
4.9100048163437044
4.255342576104097
4.029873511799275
3.946940223139775
3.9157149138341456
3.903853213208694
3.8993319362971226
3.8969474287332857
3.897606344560012
4.492622206814538
4.743468101745035
4.8814799438006755
4.842937751480466
5.257365531496857
5.40846276593081
5.467316203646606
5.489964868503588
5.12098657612914
4.986687806986704
4.59729143798553
4.456713960356864
4.404159923363943
4.384250031399956
4.376668907190811
4.3737766365528135
4.695141008750552
4.824031693816121
5.233646072031616
5.399129326427214
5.463710429370243
5.488581597857551
4.768811274081276
4.519507532225867
4.427759678918616
4.393208768653678
4.380082768569232
4.37507943987914
4.373169847170847
4.372440667662979
4.372162177965603
4.372055809048299
4.372015180420244
4.371999661764894
4.371991470046918
4.371993734180546
4.071716394018805
3.962543920324991
4.521358857284147
4.755034566248886
4.847444998023176
4.883214761318721
4.896947154009151
4.902202647824202
4.567383692243728
4.445617195408194
4.399968091044864
4.38265566315667
4.373544541000973
4.376060897437151
4.072268810420272
3.9627492584752764
3.921698256721659
3.9061306486631
4.187826228598037
4.300708682737617
4.046229929773079
3.953051587749332
4.850347104569938
5.244532828514823
4.6866771765988915
4.489615455680825
4.742255248850005
4.842464730864699
4.881297822593827
4.896212800399961
4.251703621075022
4.028556853451866
3.9464476045418233
3.915528231685676
3.6356651008227563
3.5341264754272217
4.647185644861136
5.159514191719583
5.45235038609765
5.3697893002389385
5.888661076262245
6.064384834889971
5.711666398445964
5.582420937346358
5.533829093668778
5.515380495793207
4.7776917781506185
4.522720405374277
4.124774646865706
3.982188110532755
3.9089203791065366
3.929035211284991
3.901264404962806
3.898344042294036
3.6295621866058863
3.5318592973916174
4.646046695555536
5.159031154275731
5.369597271373687
5.452275909033869
4.430038447283889
4.092281442920898
4.262962574825638
4.330019962471728
4.056741261889844
3.9569709563792292
3.9195130207273485
3.9052991329665327
3.8998835257317133
3.897816930534155
4.4930050673621125
4.743622502700707
5.200151373184092
5.385904767623064
4.7345363848396165
4.507072440165245
4.423102356591407
4.391443137286465
4.374822856732503
4.379410288874129
3.5917823520397
3.7930032709282764
4.675999438273694
5.171710090814857
5.37463403534086
5.454228838640405
4.757388321756835
4.51536938607204
4.426210696834167
4.392621663529948
4.379859175158185
4.374994131007501
4.072784309998553
3.9629408587826
3.652418182611682
3.540338030308421
3.498440788386377
3.48256864999491
4.621172301216031
5.1484634217109155
5.365393343872615
5.450645032251206
5.48356463363048
5.4961912124352095
4.771335634853251
4.520421195345576
4.428101561214886
4.393338333973192
4.3801321098033075
4.375098264959596
4.0728213377902955
3.9629546206539024
3.9217758842591213
3.906160181860108
4.828289539472028
5.235410038878943
4.683561558524314
4.488475199911887
4.741795165128838
4.842285275623137
4.233755361008706
4.022052546265902
3.6731324972461548
3.5479939972901913
3.4836664007077998
3.5013285716400238
3.476943591343951
3.474379132213433
4.617018445544799
5.146695258839824
5.760315684100244
6.013554254685646
5.6933325182230465
5.575569681710439
5.151341334444183
4.997957610664974
4.940583123560657
4.918842267572236
3.9666712912823376
3.6537310489878863
4.706641774911575
5.184629096045749
5.379758324129508
5.456214544272886
5.485704170893943
5.497010225983365
5.1234958015806935
4.9876209693188605
4.936677704978234
4.917356731809789
3.9662136642366526
3.653570035503219
3.5407644562842964
3.498601735059947
4.629287095824322
5.151914797253227
5.366766914287076
5.4511779836759455
5.483769426245771
5.496269615468705
4.771361632486068
4.520430603333013
4.754661656462223
4.847299787450719
4.883158886013047
4.8969257514473545
4.902194463988377
4.904208428929011
3.962159530946296
3.652143109979541
3.540236183729735
3.4984023464883665
3.7393796721975883
3.835745338080612
3.607188754896713
3.523527557383729
4.641857240993079
5.157253743365963
5.368890575806035
5.452001807881518
4.7566462583982085
4.515100349498097
4.426109961266311
4.3925834776917085
4.379844631804615
4.374988582105488
4.072782336913161
3.962940125457001
3.652417924454334
3.540337934727008
4.650303748773635
5.160836230119278
5.370314812482586
5.452554193961509
4.430124812174077
4.09231191606934
3.970187848168767
3.9245084822085445
3.9071995616053856
3.9006083092721395
3.8980936106207777
3.897133509153778
3.5316992653481685
3.629131642984927
3.7529342471761047
3.841050211644884
4.797388936766902
5.2225864352983855
5.394768500098141
5.462024397095632
5.487934597571015
5.4978638217924445
4.444150350004355
4.097255849820164
4.264941133779587
4.330787482675636
4.057015910977033
3.9570732808122844
3.9195517348877464
3.9053138667889993
3.8998891457402753
3.897819076047913
4.184420299456947
4.299372330692298
4.664471068354106
4.811970840501864
4.8695338620624025
4.891702276472836
4.56364436637824
4.444226626522155
4.399442344200984
4.382455628496035
4.075436080401553
3.963926229066083
4.211386850246091
4.30993459746711
4.348182220544505
4.362880933349101
4.368508447164121
4.370659881467965
4.071242660760333
3.9623678156933444
4.854710144295266
5.246334299188738
5.404125298349452
5.465640994747231
5.489322284086134
5.498394788397546
4.772066230503123
4.520685570225836
4.428200479306561
4.393375820441611
4.380146385281394
4.37510371143499
4.373179114017858
4.372444206691057
4.0718774417773425
3.9626037850048603
4.2108501319718545
4.309724783812024
4.348101366442426
4.362849945252692
5.036576101914399
5.320552809957777
5.433200189967849
5.476854411668015
4.764916739770552
4.518097364185813
4.427231926304826
4.393008750732213
4.380006595717446
4.375050377518052
4.695663235119081
4.824236635406548
4.227720802061772
4.019861842643049
3.9431919254538528
3.9142941012100945
3.903312094382515
3.899125477832312
4.824966345692076
5.234033367841937
5.399281934310232
5.463769417121185
5.488604231662011
5.498120052367703
5.5017591252356235
5.5031497630074515
4.7736421261091735
4.5212557419680515
4.428413801704469
4.393456660346196
4.079340694690038
3.9653764220654555
3.922691145192381
3.906508363289826
3.900344725977857
3.8979929935678306
3.897095086018808
3.896752170446574
4.823844359548347
5.233568439927763
5.399098735865871
5.463698605031305
5.488577060799555
5.498109656012478
5.123887187605813
4.987766497412398
4.597671261958099
4.456854600315152
4.404213009062034
4.3842702165911716
4.076080551989225
3.964165648142655
3.92223360583734
3.9063343135122404
3.900278348857675
3.8979676549179434
4.824419035176132
5.233806582001979
5.399192573728414
5.463734876568239
5.4885909783504685
5.49811498127263
4.771973470477178
4.52065200527399
4.428187920894822
4.393371061275113
4.079310336210465
3.965365150086283
3.9226868860223933
3.9065067431425966
3.9003441081130052
3.897992757706745
4.824430902495192
5.233811499561835
5.399194511423318
5.463735625549357
5.488591265737275
5.4981150912351024
4.771973506931868
4.520652018465095
4.428187925830318
4.393371063145484
3.799137801231422
3.5940001190201114
4.677102049030667
5.172175864580134
5.374818920641028
5.454300503613636
5.108253970043025
4.981948284749793
4.595621975209563
4.456095712062972
4.101458933384807
3.9735750949300255
3.925787072229003
3.9076857366173425
3.9007936912036367
3.898164373527944
4.824512032442998
5.233845117853886
5.3992077582056375
5.463740745850371
5.488593230414901
5.49811584297726
4.4442281626857705
4.097283251493954
3.9720293712162134
3.9252036887605426
4.195625112536266
4.303766128794318
3.7693524513744374
3.5832112524823843
3.514562938451287
3.4886901163397113
3.7354109886802886
3.8341898600476925
5.147662695651148
5.76072924544029
6.0137191620183295
6.113259027415544
5.729205290391459
5.588962402047798
4.472135097948355
4.107091598372847
4.268848914848817
4.332302738121157
4.356788125391656
4.366177193420316
4.069647219158245
3.961774636333956
3.9213298126400122
3.9059904701325086
3.900147212416497
3.8979175944097397
4.824395368978415
5.233796775220169
5.028365147126383
4.952042922670739
4.270156850203799
4.03522648902733
4.240162025386821
4.3211592695108605
4.352504235527688
4.3645368682779635
4.069063155082883
3.961557447507216
4.210425394004508
4.309558733730273
3.771289480614998
3.5839144828378133
4.052353067809296
4.247027035817742
4.985078848595913
5.299707528307383
5.425059559763138
5.47371853169291
5.492419582679516
5.4995795999429085
5.502316946038642
5.503362878773304
5.125756614640982
4.988461507064499
4.93699546602524
4.91747762829635
4.258747427236611
4.0311048359153325
3.9474008245229886
3.9158894497514294
4.832879555358008
5.237310542796084
5.029654339199203
4.952527837576727
5.286462661485475
5.41987680517014
5.4717205496848464
5.491653727716074
6.340299286405564
6.6980280806694745
6.83993486602667
6.894928509035094
7.4260841952666565
7.639600915744033
6.238323357044074
5.773694592828349
4.861955445463454
4.553024104482844
5.119329765588566
5.3537760566611166
5.446134096880078
5.481830759792307
5.495527341707235
5.500767997968799
5.502771069306476
5.503536366974817
4.773770217553802
4.521302081373574
5.886493835821385
6.5106955759917255
5.465642340572796
5.112308707074415
4.983458391514243
4.935103575481773
4.916757762024377
4.909768298526765
5.268981972268367
5.41302426081857
5.469077040457617
5.490640167313083
5.498898969568989
5.502056829020772
5.503263502575272
5.503724480703425
5.503900568871501
5.503967830053625
5.50399352175602
5.5040033351447555
5.504007083530325
5.504008515286884
5.125986296603408
4.988546886689051
4.937027741509434
4.917489907671637
5.272145614128019
5.414265469293599
5.469556015350492
5.490823835803771
5.498969229488036
5.5020836812274405
5.50327376143949
5.503728399566845
5.90979473891358
6.07268886098748