1.3825446531166325
1.3825446531166325
1.2865573995271875
2.0629499463814787
2.4688650332058706
2.8390900453695185
1.819879203543496
1.648821320292396
1.5878122053158763
1.6805303145834407
2.4511463738119836
2.8312760861679136
2.991563658484287
3.0551557737565873
2.1578147769261973
1.7596579810010586
1.6277640814255026
1.1886668599862589
1.4012532537073286
1.720338779733031
2.3033038587237704
2.574901138548423
1.7532388236561256
1.5138523210516295
1.43129873382782
1.61521962306889
1.1851594812719455
1.3996725142073032
2.1287851792247663
2.498560745836703
2.656187526697595
2.9195022796991434
1.8394020245767297
1.5418495374831296
1.4413523396444705
1.4047185269663562
1.3909727016408142
1.2905821195572216
1.3466689822940479
2.2523177362595903
2.741251903090398
2.9548675239097806
3.0407865205377296
3.074260127916241
1.8760518749865558
1.5535124906229143
1.4455071307983092
1.4062638050546803
1.3915569709737299
2.280703893582459
2.754397108297325
2.9602718156880306
1.8491713419448934
1.5449723286853543
1.4424666963467443
1.4051332559381773
1.3911295495641514
2.1238128510405088
2.680425184685039
2.9296494540886044
3.0308477282350426
1.865888258746191
1.5502923750089712
1.4443619341355367
1.4058381500843429
1.3913960705279838
2.2806031620600553
2.7543506403279494
2.9602527397582694
1.9855360867198832
1.70461142673832
1.497674843738087
1.6434308748480948
1.5858274233656464
1.5643616563722889
2.3849901709449695
2.801840774566248
2.9796454698676973
1.9904944197835548
1.706236126845682
1.2102371233409304
1.3140086064649021
1.5633218239880493
1.448986690949846
1.4075558358842466
2.290684240223102
2.75899481966466
2.75871325023505
1.8000287174916743
1.8930307652033747
1.7972674794169385
1.7619813576679206
1.4125601367615226
1.2981962852918776
2.0684587732392994
2.4712750180985434
2.463403199373812
1.98747264190392
1.7052462770874066
1.7269616897061324
1.6161442964796164
2.0945239419883586
2.3125795787044447
2.9732447530645842
1.725046615055617
1.4011759608041672
1.9833904951788581
1.8295645638596763
1.4330149692456131
1.3053448924839413
2.0728020271164525
2.3033892386702237
2.5749375958857836
2.021374704712202
1.7162988257787704
1.3984576646964735
1.2932303802918734
1.2551603300701055
1.24091647009387
2.033111377636103
2.4550582253687048
2.638426813174612
1.9001404135588171
1.6762271319715318
1.7156766299774806
1.612102213714559
1.3653994438855168
1.2814669904780573
1.250787067528206
2.039273389571312
2.457897723607183
2.6395919969479973
1.90046089326452
1.6763351135794515
1.5978809608881424
1.3607860805984435
1.2798114335752189
1.2501695941209994
2.0388887966265625
2.4577206557630964
1.7223232149442094
1.6144848693623304
1.5750999415215778
1.5603111067469457
1.669352365719023
1.3837211705775507
1.2880080367073583
1.25322187268744
2.040788763996956
2.458595206130602
2.6398780805504476
2.7125978458663225
1.9203690744024722
1.8071376345483958
1.426279770399646
1.3029980626748439
1.2587730047231336
1.2422795178369586
1.8942687013479704
2.3896151243128174
2.6113382157788285
2.701358652646935
1.6630011790167512
1.4836038635809001
1.420306723250952
2.1407182060559578
2.5039012559117975
2.658354680135485
2.7198340619663752
1.9223242145663249
1.6836752754226878
1.6005498300457017
1.3616537882495403
1.3745274862773185
1.3794768632100027
2.117000025960145
2.493268224898859
2.654037020828775
2.71814587445565
2.7430399788380426
1.9285725793402146
1.6857635476681265
1.601307807566645
1.3619000602287155
1.2802115148888662
1.3425253064362426
2.09515782403472
2.483410891096731
2.650024165028081
2.716575341369818
1.9214441451234359
1.6833808096572942
1.7184697194556788
1.5023139991483667
1.3291053072564116
1.2683476116073635
2.0501622061375735
2.462902430327042
2.6416436470591256
1.9010249799792527
1.8001627539685927
1.7630650026031485
1.5170875221210833
1.4324663126394077
1.3051539725525343
2.072686221887506
2.4732030011105524
2.6458582110715483
2.714943333652368
1.9210031502092804
1.6832332241500518
1.3881047536613078
1.2895650750647272
2.0631949961848774
2.4688709970183167
2.6440870599936113
1.9016964259786593
1.676751305500714
1.5980324804231538
1.3608353668806097
1.3742118629513218
1.3793558631396765
2.1169290961892906
2.4932363164339018
2.6540240469354397
2.71814079915841
1.9218670033379213
1.6835223057888045
1.6004942840181164
1.6856447019756138
1.388864019355238
1.3849550352357851
1.3834648416055604
2.119335614919871
2.4943185440235682
2.6544640204021253
1.9045437337614834
1.801434760420434
1.6424183921776199
1.5854541736374066
1.456788198823503
1.4104457399569112
1.2974537012199998
2.06800675741422
2.471068726330183
2.644985847130588
1.6496589602299405
1.377463156137461
1.4824158016688374
1.5245825642171422
1.4351653618861573
1.3060927446568678
1.2599141106094698
1.3343548400534166
2.090278220893023
2.3107879014064943
2.5780936670128263
2.688170582369448
1.9137452080158177
1.6808012316432195
1.4896494832127498
1.4225146451397337
1.3016831472126846
1.351081765099218
2.100248316391446
2.485713873305058
2.6509625739875853
2.716942743159944
1.6666591813734182
1.7119293689717043
1.3970966883129416
1.2927495049148003
1.2549820386371744
2.041883123549868
2.4590987088000644
2.6400845690433554
2.0407583854502613
1.7225667658626755
1.4004062370917254
1.4917988808699107
1.4232982923866202
1.3019570017567141
1.3511903308372781
2.1003127771983707
2.4857430137936545
2.650974444581156
1.7728460838998814
1.63241316455279
1.5817580962844957
1.4554900585124948
1.3131272011607908
2.077513616579736
2.475401627534712
2.646756391734495
1.902429515946942
1.454551791884284
1.3128038048371073
1.3554790919183177
1.3721433191506327
2.1126941651594784
2.4913299917249407
2.6532487543179855
1.9042106360445152
1.6775977069598142
1.4885643663773653
1.4221187577539827
1.3975289365511636
1.388249082337323
2.1221320572647273
2.4955751692588226
2.6549747462353275
1.9046836927619881
1.6777568829037193
1.5983984767340278
1.4613198225393602
1.3151336890350318
2.0787255908315
2.4759531226014033
1.8545665696681137
1.7832301378857407
1.523692021677642
1.4348450973918092
1.3059814086765829
2.0731880395534303
2.473431700171196
2.4642241332721637
1.8512059278315707
1.6596053393973114
1.5917709370124904
1.4590024565579331
1.411264221692829
2.135502090597723
2.501569103534234
1.861872116847896
1.6632513047970416
1.5931057438635308
1.4594696600665849
1.411436821439386
1.393510004890116
1.2914808294010756
1.347027100171648
2.09783856675879
2.484624112503102
1.857044699446891
1.6616027784009348
1.4831272190522369
1.4201324115099003
1.396783016694942
1.3879660115068877
2.121966765119394
2.4955009211084507
1.8601456965153143
1.6626620491247064
1.4834882939943423
1.420264461944274
1.3968326247478615
1.387984840279913
2.1219777603581798
2.49550586020876
2.6549465813406212
2.718501650017992
2.0637023123761065
1.6111240685932027
1.4657528224630183
1.413754710083895
1.298615520250867
2.068713893754276
2.471391438142852
2.645117782301744
1.9019795518309932
1.6768466535318989
1.7159188076607332
1.5014618054475957
1.426812697554686
1.39928906667951
2.1285624009506576
2.498460867874168
2.6561469694402025
1.9050048651930247
1.677864938313768
1.4886549334957087
1.324476502420195
1.3600700121206777
2.10557428002648
2.4881196948711337
2.651942313787571
1.5379003197556111
1.3410439812061776
1.366543337717765
1.3764106975509867
1.3801984706182533
2.117422949595554
2.493458467601272
1.8595640274052028
1.7850640459279807
1.419600051640355
1.3965829934576348
1.3878900883467629
2.1219224281419025
2.4954810046202214
2.654936480737651
2.0451358988633306
1.7239771877618668
1.5041512395134702
1.4277883565993257
1.3996544691879653
2.1287746961374014
2.498556046109387
2.6561856183105808
2.045503384100498
1.7240955054965592
1.6151192368586051
1.4671400863263715
1.414265650370252
1.3945761376408468
2.125821160289619
2.4972313609783496
2.6556476237641347
2.7187758121065766
1.922038488809208
1.6835796824960136
1.3882138791176615
1.384707366866105
1.3833703372730195
1.3828599782147404
2.1189816401450616
2.4941594068540667
2.6543993314913257
1.9045260052637805
1.8014283553266504
1.424556934144307
1.3984436495436268
1.3885960814273215
1.3848529740163533
1.3834258987480248
2.1193128278794475
2.494308300101536
1.8598060864519856
1.4420167209163839
1.5085769096451116
1.429391534311208
1.4002545541729365
1.389282639949283
2.1227354006185024
2.4958461568165773
1.8602439869125988
1.4421464003654922
1.5086287276834214
1.5348240754129479
1.438840219796087
1.4037828664826664
2.1311708774120453
2.499629918777058
2.6566216209941804
1.9051348880287362
1.8016483162771437
1.7636206015694407
1.5172701159826003
1.4325321645715494
1.4014289180834476
2.12980514636969
2.499017944221104
1.998399383120919
1.8348405072691858
1.5403879240979634
1.3418721214976013
1.366865612383144
1.376534675334852
2.1152742356206464
2.492491673278009
2.6537212479485177
1.904340155138515
1.8013612076853744
1.6423927771819455
1.4765542466307509
1.4177250974519158
1.3958781487139547
2.1265790371399924
2.497571383416398
2.655785733944432
2.718829818649949
1.6671012473780373
1.5945132663272459
1.8073683226277193
1.6444826502786478
1.4772716217825586
1.417988153613963
1.3959770731950019
2.1266366014110063
2.497597206641271
2.655796222336975
2.7188339199553835
2.2159962669273403
1.7776318706167056
1.521863121606671
1.434187009830759
2.148685188740484
2.5074565664621966
2.6597958246522273
1.9060040390749633
1.6782010288831937
1.4887688249682105
1.4221933648088854
2.1418039147078844
2.504386240192408
2.6585513428892416
2.719910915951405
1.9223449623421531
1.5680446511078738
1.5576378241259614
1.347592119626308
1.3690882269529538
1.3773892148025733
2.115775714995977
2.4927173636428206
2.6538130277622964
1.6517596902481309
1.3781329018857453
1.5920341227569188
1.566697491594408
1.450180983863908
1.4079988588403825
2.1336134095002466
2.5007237962913034
2.657065626834899
2.7193302248387825
1.9221881879241582
1.6836297671982106
1.6005333055161601
1.5698869700433389
1.4513079437307204
1.4084166978710753
2.1338552379167655
2.5008320559954416
2.6571095630154233
2.7193474001442155
1.9221928251932212
1.683631318646777
1.6005338688684945
1.361648601581222
1.2801212222042397
1.250285173579718
2.0389607941530565
2.457753805229099
1.8493477884714045
1.7813117481596323
1.4184594958033618
1.4991155766635194
1.4259606622458278
1.3028867020402342
1.3515587920387522
2.100531526832948
2.4858418987740665
2.651014725468249
1.9035980550047347
1.5621860332941115
1.6701182878253409
1.3839636351710671
2.1196274441519116
2.4944497299395776
2.6545173452715987
1.904558347654754
1.677714708679424
1.386364688633247
1.2889473723171658
1.2535708981026303
1.2403160156886401
2.0327355503328426
2.4548848695262486
2.6383556498983234
1.6480782264990295
1.5875388395767625
1.5650062957447213
1.3500235419838449
1.2759356435085443
1.2487221066573686
2.037986769509696
2.4573052785418685
2.639348956726239
1.900394053122504
1.676312593562745
1.7157100411272808
1.398274397952707
1.2931656432953973
1.2551363302884797
1.2409074069699149
2.0331057058186923
2.455055609307133
2.638425739293808
1.7696359321456487
1.6312834921564587
1.4727313429904343
1.319047032682104
1.264672710139686
1.2445002648355477
1.2368802813598876
2.0305829422130404
2.4538915656809355
2.6379478347480374
1.9000086468554231
1.6761827315720086
1.5978254786221804
1.5688719456381315
1.557951674131293
1.3476958275164699
1.275094880873899
1.2484077493158552
1.238362232164662
2.031511889034531
2.454320300565763
2.638123870520677
1.6480229225955478
1.5875184911167812
1.357408498255192
1.2785971497292183
1.249716388525964
2.0386064430796647
2.457590646129801
2.6394660283061473
1.7699024123036686
1.6313773163633858
1.2774081172213863
1.2492723496147546
1.238689752615553
1.2346712619411693
2.0291969615554994
2.4532516715175747
1.8480530879168973
1.4385291246477843
1.3072611886060848
1.2603445177889931
1.9047434642142187
2.394653780865789
2.613440018225675
2.7021889387177858
2.058963434729075
1.7284201623326438
1.4022219834969432
1.4925374008214294
1.3257948595934947
1.2671400065109075
1.2454270973431918
2.0359310142411258
2.4563581927709417
2.638960356129254
1.9002871735291684
1.453925920039687
1.4093865825629566
1.3927364825076731
1.3864287524931966
2.1210687570956264
2.4950974793040066
2.6547806190947756
1.9046304962375156
1.6777389843519361
1.8428359937251662
1.6567351887534507
1.590718884521545
1.3584530970365916
1.278972895547171
1.249856656063752
2.038693838516622
2.4576308885301414
2.639482537008236
2.712442592627127
2.0619442000851946
1.7293755046588768
1.736255097612557
1.619460769267481
1.4686452176151525
1.4148196645599445
1.3947847808624052
1.387207235751435
2.1215235941595822
2.4953018339714172
2.654863669051509
1.7738391003458407
1.6327623571769023
1.5818873285784014
1.3555673394567123
1.3721774404243545
1.3785755169738616
2.1164715679046973
2.493030476891922
1.8594421028736194
1.548244432502833
1.4436328422286249
1.5092224828463245
1.4296251470610652
1.4003419629646618
1.3893157648872936
1.3851270837338803
2.1203078906413397
2.4947555675151256
1.8599334618186365
1.6625895866036742
1.8364621937643448
1.6545441283537088
1.4807174877803304
1.4192506280381938
1.3964516795469792
2.1269127403446033
2.4977210760468047
2.655846532354185
2.7188535926827706
1.9220594917795355
1.683586709586853
1.7185500025338005
1.5023408069558153
2.1871282407917163
2.524498484265594
2.66668628636319
1.7768522016588817
1.6338211704934047
1.5822790791826622
1.5630237299112113
1.4488811503243157
1.4075166747380958
1.3920303895421342
2.124338062454474
2.4965657503790863
2.6553772326651304
1.9047939781783343
1.5625608346958892
1.4487172369647312
1.4074558507292272
1.392007412150437
1.3861514887817776
2.120906724726062
2.495024672909331
2.6547510294819707
1.9046223876054804
1.6777362560869713
1.5983909706295074
1.4613172013392615
1.4121190272810622
1.393767236269733
2.1253500933264418
2.49701997841369
2.655561758618554
1.652175347940995
1.5890451579752596
1.5655733256158149
1.4497834368107283
1.4078514138066636
1.3921568324214366
2.124411764886788
2.4965988346266363
1.8604582490642598
1.343156927658248
1.3673653575097289
1.3767268895777232
1.3803195689915522
2.117493910203599
1.7470253257251454
1.5118007829778275
1.5360559308568171
1.4392812118387783
1.4039471907532888
1.3906809109414113
2.1235512055023835
2.4962124943359885
1.7325770473022977
1.5070128326621588
1.5341959333192627
1.4386152669373917
1.4036990316334501
1.3905870131441809
2.1234964378116286
2.4961879036057666
2.6552237200857602
1.9047519153734616
1.8015099711854878
1.7635688725884031
1.4130461267225678
1.2983668696741029
1.2570622060639955
2.0431752174455866
2.4596929721860556
2.6403282452587615
2.712774520753589
1.920416848236083
1.8071548064345464
1.5314682521490834
1.4376377575626853
1.4033346418440376
2.130910932310992
2.499513457870076
2.6565743423374486
2.0456177214832327
1.7241323155613695
1.6151324082515521
1.4671446563908237
1.4142673330677005
1.2987953579189564
2.068823316256071
2.471441368579918
2.645138194550542
2.714661107075489
2.7416961930938295
2.070410214028426
1.7320842360495936
1.6179737038320128
1.367296814169769
1.2821468796494202
1.2510405031246987
1.2393591133949566
1.234926063024431
2.029356906736388
2.453325530479779
2.6377153952362566
2.7117488030866665
1.9201394618668672
1.682944117325154
1.6002843051978637
1.569793677019308
1.351599475667396
1.2765043569513752
1.3410390436131687
2.094271559781663
2.483009584250327
2.6498605872783916
1.5374390893958165
1.439776108477872
1.404131564125854
1.2952320355179197
1.2559020325026728
1.241196509069653
1.2356250552598531
2.0297955774111776
2.4535280799255164
2.6377985749563684
1.8999675825464872
1.6761688940627866
1.3858766376384204
1.2887740338824676
1.253506503220201
2.040965793567542
2.458676666780413
2.639911489666307
1.9005487533406322
1.7999904893942935
1.4241225108722315
1.3022449338563806
2.070920406033464
2.4723979736260033
2.645529218631279
1.9020925489344935
1.6768847050127331
1.386102671003775
1.2888543176208906
1.2535363291341688
2.040984342734988
2.4586852019787044
1.986017835188943
1.8304899070327243
1.6524868231706529
1.3783646006391146
1.28610125145088
2.061076447967954
2.467902364480274
1.8522608928632687
1.7823829981617982
1.7563932853323694
1.7465664222849362
1.3111355318640268
1.2617699692523916
1.1580094592640395
1.9801156792132382
2.4304148724568773
1.977264253639866
1.4761465147969757
1.3202145493608755
1.2651001617250694
1.2446609157283706
1.8956548884972733
2.3902829064262643
2.804214137723058
2.0883176241512422
1.8659470670726923
1.6646408144743676
1.4841624175611476
1.32294833815298
1.4597263817516892
3.5596943774664216
3.2649558814499544
3.3918900919060633
2.0914954961248275
2.15255849050737
2.026875548028479
1.8447835730041795
1.657403755082768
2.6180157910007695
3.117520369694145
3.103664518339223
3.3268831437947317
2.229197282520846
1.9130609256816486
1.5651477209786693
1.4496328810842356
1.407795568121561
1.3921357388067734
2.281066170955123
2.754564218229289
1.9316634292911945
1.811189967812076
1.5327735176617747
1.438105655047492
1.4035090808217119
1.3905151331217693
2.2800515246507063
2.754096144657026
2.9601482612209056
2.131933379147349
1.631266278169305
1.4727254068837365
2.50250473322495
3.0642470496056866
2.1602651457696864
1.8902455855898592
1.2585195742125852
1.077413776921811
1.2569370574235803
2.3555509115165205
2.7885798763500143
2.769975356295787
1.6790110867711139
1.489043272475239
1.527182451351792
2.200872005965461
2.530546181105214
2.6691246043420573
1.7774726016306128
1.5218110379191547
1.6534973610333208
1.480359594410635
1.419119589903507
1.396402430069077
1.3878215458227343
2.1218823999595697
2.495463023452758
2.6549291736647698
1.7738558176134447
1.5206275102901161
1.539475371651286
1.4405041934744882
1.404402740461426
2.131530284973333
2.4997909265115963
1.7335253265178874
1.5073278336439546
1.4289393572909634
1.1309656394106917
1.280443337832696
2.057608349849114
2.466315368100327
1.6061719999819433
1.4640303348184183
1.4131198881218907
1.3941444802079304
1.7169999143136658
1.9962989087067013
2.6177753020575207
1.7643326272887516
1.4132798405560676
1.607422185678385
1.5724644799417002
1.4522176392282335
1.4087538362988528
2.1340503277522727
2.500919386640289
2.4746487019179737
1.7268448110990213
1.4017336776474776
1.2943867129766498
1.4476076278328538
1.5108083464191298
1.535670693797298
1.5452748876590494
2.210795004396717
2.534898122992968
2.670876998275812
2.9256588715741234
1.9766410393061995
1.7016904852194537
1.4966940677172653
1.6430197096259427
1.702613668293308
1.725942831019771
2.3061668989443813
2.7661028813002506
2.9650709227247694
3.0447929241065133
1.8691628300888627
1.6657360281067304
1.5940143781327198
1.5674415582558514
1.5574089648158038
1.553593825862652
2.3787062809320507
2.7990187284385186
2.9784987820616684
1.7262103400634143
1.6158756861979287
1.3666193297601794
1.5869405688756284
1.3572197274788098
2.2590417463864485
2.744374904477157
2.956152908646016
1.984485273213869
1.829950234204157
1.6523007149701152
1.3783053038126887
1.4827619171204502
1.5247185192499852
1.5410560531495552
2.3713554763635107
2.795711685752186
1.8092118381939406
1.6451231476083836
1.5864509592143463
1.1770518033348496
1.3960073674741378
2.283487210506374
2.7556805653081438
2.0744375844860476
1.7333704050782959
1.5072763788592791
1.534298409252497
1.544747297714958
1.5487571728467877
2.3758749457136683
2.7977456920722523
2.086476343985994
1.6178922471671486
1.5763688670556084
1.5607911229053975
2.3829094499992713
2.8009068484104986
2.9792660647895306
3.0503525532365057
1.8704657419499613
1.253472968886034
2.1914571719067952
2.7127190855208956
2.943081672346468
3.036148104311475
2.1526770460201137
1.6373107803004934
1.5835690911784608
1.5635103517250188
1.670658939921538
2.445636831557589
2.8288435732553143
2.990581659030375
1.9932817936799474
1.7071483693131166
1.2104842357786432
1.4110219740789345
1.4961082801334322
1.6427740537528734
2.4299638260145024
2.8219052239748423
1.9495667015927955
1.6927495426343482
1.603839295590968
1.3627220359340506
1.4763360280323756
1.5221912077431532
1.5400798620393679
2.370781594067811
2.7954532362214093
2.9770489861422282
1.9898317095430964
1.7060191210878184
1.6086300191712435
1.5729156932082524
1.7979781075496133
1.8922067428929754
2.5647733282463085
2.8807078319415345
3.0114072001448404
1.9985723578091075
1.5915096576940713
1.358711002864196
1.474674703926619
1.5215367009432248
1.539826891102138
1.5468710082059112
2.3747693201186446
2.7972483216840294
2.9777790442715713
3.04977091971946
1.8703295035741254
1.5517008147415587
1.5514163793580669
1.5513077484707387
1.5512662571716047
2.3773444232100327
2.7984065214344414
2.9782499284249697
3.0499551208637725
1.8703726514920063
1.5517144879782088
1.5514216010981605
2.3774353540743114
2.798447405079001
1.943360480857093
1.8153713791491064
1.5341241963260877
1.5446802987730743
1.1651164608398965
1.3905833895107502
2.280094274086006
2.7541158682949565
1.9315433295058155
1.9447124262489643
1.6911383843366772
1.3905912292377525
1.7153270701909262
1.8584983140606663
1.6620994551553117
2.440843191123737
2.8267243808405653
2.9897257208297794
3.0544386847308944
2.009432967079303
1.712418814613464
1.6109322743709458
1.5737751726484097
1.5598097107859072
1.5545081474863818
2.3792409044742238
1.9612573604048562
1.8217390790638892
1.4306706652385515
1.4007330470224055
2.2864366952315334
2.7570395917311394
1.7996115159743058
1.641783250280347
1.3749475528979709
1.7079305520184123
2.466335309604216
2.8379646886784746
1.9537971789007318
1.6941516385397573
1.3915371219276313
1.4881830069198312
1.5268453826633168
1.5418767938606295
1.5476572599298082
2.375230303701607
2.797455714506235
1.809642852514365
1.6452728378338837
1.5865060950790104
1.5646173431570611
1.556336517960097
2.3803094094717077
2.7997391183574187
2.0870440644296946
1.737386425333463
1.6198637484596374
1.5771023104155157
1.561068465010257
2.558813970365828
3.090402325139968
3.3214459194112336
3.4141874986588294
2.096736497058764
1.6209265295101165
1.5774974603144138
1.1745099792358842
1.3948551023983613
2.451112835928534
3.040056467227863
3.3006728442595343
3.4060155229698506
2.0948181384665303
1.7398555272218506
1.405758344067861
1.6041491821340312
1.5712407218968099
1.5588497493943478
1.79181958071685
2.5119223369593997
2.857887825958654
1.6991689565319925
1.393109807352205
1.2913391471166165
1.3469706528470158
1.3688470268367172
1.3772965209101398
2.439281167857242
3.2582219919124067
3.3892162718613945
1.813521530040675
1.533526895842285
1.6583481396044533
1.5913102494777804
1.6819435071647328
2.45193348297335
3.040445203037564
3.3008340509039664
1.9277074650952235
1.5697139933329847
1.4512468610162763
1.6237814743377066
1.6949710559639586
1.7229794991312022
2.657107182472364
3.1352194381026446
3.339762537784387
1.9363598149892884
1.5724014215128121
1.4521953946533195
1.4087455938873985
1.6054503861489051
1.6876365756666682
1.7201278664184079
0.9787666588967503
1.0568479279911882
1.0073471613368645
0.9895575842632115
1.4586229948701246
2.308906996101159
1.2239435699170074
2.6883364772763403
3.3814888483014656
1.68749447603007
1.2940169507136106
1.2554518740049783
1.2410265583271436
1.2355604285087658
2.8970241968105026
1.2923183160587168
1.70801946967764
1.3958770313689666
1.3473606832251568
1.2749737539909876
1.2483624499665755
2.9084531480966316
4.017596830762464
1.8023358717122084
1.3269716967219782
1.2455883263621506
1.2675695135321874
2.9059827304085313
4.016293023434226
4.636646356551737
4.23255175295769
1.9037432742412177
1.4549353826573221
1.3129360342653729
1.2624315255787466
4.024171288224058
2.9209300192476144
1.9364605864763704
1.4644358804622475
1.4132693932956317
1.3942008174416642
4.082885651007094
3.033825324793353
4.573323378547386
4.4478245817720445
2.0119314529009373
1.4859791732477237
1.3971745657356502
1.4211748725292792
2.827758526183165
1.5760744558719484
1.353662515109149
1.3714406270241142
3.020556078237149
1.5495232187445467
1.8634656261993316
3.158729276264431
1.644136492905358
2.9598274453926328
1.1932194799902143
1.3069201892215976
4.044556855845376
1.940201702727971
1.4655158923619702
3.092188367447171
4.416007743617256
2.006421981514947
1.4844235583740462
1.4206064095928697
1.3969610726993371
3.0361181645699196
4.084063999294008
1.947418928322554
3.4468854273564995
1.3782927201030029
1.8252468040956848
1.4317222530467362
3.064756361444058
1.9500882017096206
4.098735784021383
1.4683638162688868
1.414716112009782
1.3947457865332304
1.7384875551120624
1.4053360597083853
1.3912062382752053
1.3858467007526687
3.02686873307409
4.079307110946086
1.9465522241066984
3.034278232155164
1.4673462629879985
3.0504915570455493
4.091438348267689
2.0924753286384385
1.4143415613810166
1.5084265248394937
1.4293371058812667
3.0628051658870485
4.0977388533696555
1.949907014871848
1.468311703607422
1.4146969337868813
4.091588319601222
3.050784302545777
1.9487885851431839
1.4679899564084233
1.4145785167863334
2.8411614780670567
1.6953635201680786
1.4945660643276681
1.5293435269145874
3.374734082885486
4.565984751068667
1.8926087932519315
1.5587351743337388
4.851833371516122
6.972113199676094
1.929630949447799
1.4624609218168914
1.4125410797251123
3.5152961313750364
4.97972654598069
2.1006398942359663
1.8701449286954255
4.130960187137373
1.7889368728964548
6.106333854986299
2.618108656430161
1.8945378571953215
1.6743375998650316
5.748800337429219
9.888061944818297
2.5423758550468243
1.6499646425946146
1.5133135502404138
1.8311230305898303
2.1968589254369926
2.0427085942752488
1.124409009809786
1.2776028292999433
1.0836249913622145
1.173182036462728
3.0497211162531563
4.39274313782357
1.6174875337695311
1.273242860082763
1.247714834948881
1.3294049736306115
4.2521109013016485
6.62944669446927
2.1823153574228913
1.532843357656143
1.339357928657796
5.668246177200127
10.560196293013028
2.7993081879348725
1.7194049524993118
1.6857803430871687
1.3994238437006334
1.4913990645080921
1.423152576499216
1.611702040478463
12.392850799537555
3.1952052244712466
1.7731447290512048
1.415971889255286
1.2993930583689564
3.6560600480698566
1.6191659432788423
1.1862646654849665
0.9810080173823844
2.848289308217409
5.688625883175103
2.5481991168045894
2.013331284916277
1.486374000238873
1.3237009819521053
1.098396163345712
1.8072638401797874
3.5969831198844955
9.530846331652224
21.192736190189137
15.157764899910143
14.319933488948495
7.930399636456085
9.031784135961493
