2.1911856089980626
2.1911856089980626
2.0390560642211124
1.9852811731281201
1.9651985710532829
1.9575859242265654
3.708461338922092
4.733448400210131
5.195888431175911
5.384217880201801
5.457941709360739
5.4863673900230445
3.1112363459205103
2.5051570521999653
2.3061773496433275
2.234415742259846
2.3704007589574347
2.4244999704691286
2.277528947450746
2.223772558019699
2.0522313984005027
1.9902583289733748
1.9670837710572133
1.9583032698482365
3.454231341802704
4.290373931784226
5.004452225766847
5.307565114394457
5.428130473454331
5.474901830236027
3.3380102647603795
2.763169333381245
2.570725266734039
2.5008078909910165
2.474606561146094
2.4646711540884443
2.291869685539527
2.2291105718037483
2.1966783208146645
2.2055948929576266
2.1932820152349484
2.19198612830451
2.0409767643997223
1.9860821724682072
3.7289770180674933
4.743432668665492
4.842923933406166
4.881474623756379
4.896280538023166
4.9019477391837825
3.2000029129000502
2.7189628715514833
2.5549375601750803
2.494930364705951
2.4723834517810115
2.4638251762688292
1.9876026756464553
1.8310477184523277
1.9054253868857787
1.9346259651467543
3.6917749406784552
4.72530094873002
5.192470475002842
5.38286473844826
5.457417737270287
5.48616620216237
3.3406318690036154
2.763998050506925
2.5710197353083846
2.5009173050088362
2.474647915157496
2.464686886414625
2.2918752734281713
2.2291126477391083
2.2055956775291787
2.1966786192827814
3.8753246919595266
4.813695299587238
3.1778736879484164
2.711765492425716
2.5523521364564763
2.4939657132045574
2.14411600161929
2.0238354016489626
1.9796942445323706
1.9630890745383132
1.9567832881598832
1.9543800416515302
3.2145268322912783
3.8874335627332024
4.488429591154994
4.741776760872309
4.842278096835592
4.881225962204871
3.430436192276049
2.9980574967630393
2.847681146080891
2.7922542149731115
2.771368898000895
2.7634327110725643
2.2298111266532255
2.054358217936999
1.991045917636501
1.9673810639188447
1.9584163134569057
1.955002875141154
3.4520065550044037
4.289318225024633
4.660301610081712
4.810327434238168
4.891458498334248
4.868898560533075
3.1973857070481575
2.718113250425235
2.3791769707316197
2.2611716288275883
2.3812027097224546
2.4287141867156143
2.1225126878015312
2.0160221921228034
1.9767714653685906
1.9619815308744581
3.7116277157847435
4.734990864321696
5.196535042006099
5.384473802813098
2.876878249930132
2.264341953909228
2.0664523244357333
1.9955149687994747
2.1142781035994758
2.1614847679336795
1.8906531398621074
1.796404914430568
1.7616583078069725
1.748564380748205
1.7435886719231943
1.7416918594399613
1.7409678862878515
1.7406914325840386
3.5457853601413163
4.653035532037714
5.161994023058602
5.370774968577295
3.0860333043215973
2.4973861726539273
2.3034422734155475
2.2334031731587904
2.20721625935292
2.197294983934394
1.9025568396557269
1.8007166899072544
1.7632722072654414
1.7491760804119363
1.8724221058939372
1.9217574907710802
3.429465327932448
4.278598158514116
4.999201198213852
5.305437226844826
5.427299126800419
5.474581532782267
5.492750329860373
5.499706096461931
3.1141234376689506
2.5060447451474226
2.000543844999028
1.835592329439237
1.7762392461302676
1.7540783314495272
1.7456867774136755
1.7424920951104124
3.547185943377869
4.6537374794337545
5.162291456756498
5.370893171064817
5.4527784828181165
5.484384361780773
3.1108067598773874
2.5050249240496933
2.306130889034575
2.2343985479955157
2.207591949091757
2.197437832107029
2.193571643253232
2.192096686488158
1.900836346663387
1.8000945231810905
1.7630394775448317
1.7490878926239242
1.7437880482053947
1.741767928867987
3.546622783226626
4.653455254181208
5.162171873777359
5.370845648355687
5.4527600539595
5.4843772817745355
3.1108052259539507
2.505024452239319
2.3061307231277954
2.2343984865959157
2.0559715351015537
1.9916430137100463
1.9676064026808064
1.95850198997015
1.820761065343278
1.7707436368245886
3.569044303054425
4.6646703744484554
5.166920439259094
5.37273222282993
5.078938416126337
4.971008180901693
3.2171486127750724
2.724518270445938
2.5569302650791053
2.4956734543459564
2.472664695840945
2.463932226318481
2.4606048652586465
2.459335112698029
2.132694686660194
2.0197107802546
1.9781521696338666
1.962504854239877
1.9565608322077155
1.9542951724148903
3.4515291924073312
4.289091651937198
4.660207580200325
4.810290361562626
4.868884227576959
4.891452998260249
2.977783665486313
2.4635556556797744
2.2914734208603913
2.22896334903544
2.054059840627412
1.990935455075343
1.9673393717502947
1.9584004609270598
2.253976877602648
2.3783058271821975
3.720357487143591
4.413744121242786
4.7114828696617606
4.8304382000912405
4.8766636996744195
4.894436793278788
2.9784773581745028
2.4637748502593277
2.2915512953181056
2.2289922826903514
2.054070025050649
1.990939225624284
2.1124249923746774
2.1607609423321037
2.029822207057919
1.9819290835684316
1.963935251932071
1.957105418049962
3.708101557387415
4.733272129729565
5.195814470684696
5.384188602688331
5.083072353980855
4.972553260984915
2.9965461867241423
2.4694732010281486
2.2935742788389044
2.22974369379802
2.205834151880462
2.196769337082168
2.0426767753137582
1.9867138913141218
1.9657449435253613
1.95779405880526
1.820509649171758
1.7706502384770484
3.5689723967051568
4.664634476991421
4.81203523008444
4.869558750803878
4.900200122745028
4.8917118263898285
2.5845570566583596
2.024255782100306
2.125858105110247
2.1659990625980865
2.0317003404237854
1.9826293400345725
2.1090528639275536
2.1594427808451013
3.8501004973674577
4.801703392610341
5.609658914090178
5.952986120156876
5.671360942683805
5.567341056013561
3.3594263952080867
2.769927464915947
2.3963993490572206
2.2674097792379913
1.9255211239605918
1.8089879748159732
1.896624187601636
1.9312078031853375
3.6892821096608555
4.724081952229609
5.1919587856679374
5.38266211778093
5.457339270235046
5.486136072403564
5.497175533665687
5.501398093240393
5.5030118234026855
5.50362833840252
3.114971562455646
2.506305421074467
2.1481619900653066
2.0252932864411513
2.1262742214365886
2.1661609962831383
2.031758357157462
1.9826509650306423
1.9642084519912804
1.9572094038157044
1.8203019711966162
1.7705730823769845
1.881138038837255
1.9251694971240338
1.9422587361421753
1.9488262092981186
3.702101994511741
4.730345475232367
5.19458711246268
5.383702761433582
5.45774225130877
5.486290806164307
3.1112197573223828
2.505151950243551
2.1477843081882293
2.0251572687628583
2.1262196757464307
2.166139770678952
2.181584949304046
2.1875135064187132
2.039385064405345
1.985490406779735
1.9652824584638673
1.9576181069520806
1.9546984804514285
1.9535844319770557
3.9788229041754057
5.220985357521021
5.79193460054257
6.026141234679963
3.2247778845278443
2.53969139416734
2.3182692160521654
2.238883473999764
2.057546871265176
1.9922257734778457
1.9678262907910375
1.9585855882341874
1.9550674179339156
1.9537252650259471
3.978932461659386
5.221040268721714
5.791957868347941
6.026150481560763
3.2247797746082205
2.539691962740107
2.3182694142932494
2.238883547128151
2.20928346493525
2.1980808096199778
2.193816784542454
2.1921902559367807
2.191569295625961
2.191332156319492
4.157244390866509
5.309202489230027
5.829122001672374
6.04089071300755
5.703204248481291
5.579260376693875
3.131253306576335
2.511301226113501
2.3083361730766523
2.235214449348801
2.2078998220435295
2.197554883162859
2.0429557492273895
1.9868175261261838
1.965784110066678
1.9578089584909344
1.820514941256423
1.7706522045105322
3.5689739103566285
4.664635232648889
5.166905570985564
5.372726317433335
5.453489282792788
5.484657425913344
3.1108659198339534
2.5050431205986845
2.3061372876303836
2.2344009160174014
2.5452027056739315
2.6750189382892575
2.364697765802125
2.2559054588161467
3.914907209546671
4.832416480031537
5.237118856275312
5.400497473777859
3.092545578211464
2.499397855429527
2.233665559374238
2.3041508189687856
2.055713911250498
1.991547685375777
1.967570429414107
1.9584883129073625
1.9550303282384733
1.9537111076655658
3.705643757124701
4.732073541148969
5.19531187239817
5.383989661212841
3.088931418843376
2.4982817423094636
2.3037577503413464
2.2335200056765996
2.05566274292149
1.991528750723705
1.8324283841001652
1.7750691800332035
3.3270166040344753
4.229319106864301
4.635293389855919
4.800451236383586
4.865077830567349
4.889991991620477
2.9774439054791024
2.463448286032916
2.2914352734958636
2.228949175454232
2.054054851606394
1.9909336080006073
1.832219201100243
1.77499177758443
3.5723124245839144
4.666301431277399
5.167610452948296
5.373006271643693
3.0865229604423514
2.4975375217071685
1.9979471078587638
1.834681881419456
1.7759026790151426
1.7539513707364245
1.7456385136567176
1.742473693575521
3.547171634903676
4.653730309147215
5.162288418656411
5.370891963721262
5.854900475713113
6.051081019971905
5.706877102704679
5.580632520752744
3.1315474322930044
2.51139132630605
2.3083678064766024
2.235226149430426
1.9150355211401966
1.8052188729610756
1.8951138012828062
1.9306202226609712
1.9443573744032003
1.949630259905911
1.9516480949366388
1.9524193904196656
3.7047077390157144
4.731616946631675
4.838312515179582
4.87969867489779
2.9750483941888604
2.4626910508028947
2.2911662061884317
2.228849199862506
2.054019660202429
1.9909205790825355
1.9673337569568434
1.9583983260095128
1.9549960165033133
1.9536980105215616
3.4511263091587034
4.288900414299043
4.660128212461024
4.810259069294298
2.7555910998145006
2.227392156823008
2.0535066703615765
1.990730639121662
1.967262063755101
1.958371065713248
1.9549856220415354
1.9536940428200125
1.953200928698742
1.9530126087160808
3.4506637998562084
4.288680856794479
4.660037088670078
4.810223141568758
4.8688582389569515
4.891443025460661
2.773263307536632
2.232837670766297
2.0554228456364387
1.9914399737307178
1.967529781879057
1.9584728584982918
1.8207507206388993
1.7707397940377185
1.8812056914960829
1.925195942702378
1.9422689270777653
1.948830115045049
1.9513421116662004
1.9523024633558932
3.4501844877705827
4.288453303659435
4.659942643379414
4.810185903804593
5.22790329078931
5.396865653404113
2.8794053970018747
2.2651015066186924
2.0667170653118334
1.9956126156248748
1.9590710257247657
1.9691034348198349
1.9552524913143459
1.9537959061706176
1.953239826589259
1.953027464864225
1.9529153760557196
1.9529463559971192
4.288649704537013
3.450598179109143
4.660024159195942
4.8102180437803685
4.8688562680388765
4.891442269144786
4.900096980619656
4.903406826433331
4.904671665023735
4.905154876482547
2.9809670166859297
2.4645612784503785
2.2918306587298396
2.2290960730141793
2.054106557771436
1.9909527509305633
1.9673458998638105
1.9584029431123129
1.9549977770145244
1.9536986825303482
3.451126762581181
4.288900629534021
4.660128301789405
4.810259104513927
4.868872142992631
4.891448360960108
2.773264462993554
2.232838026106601
2.0554229705798037
1.9914400199692417
1.9675297993285488
1.9584728651327252
1.9550244381174566
1.953708859355586
1.9532065866700339
1.953014769658504
1.9529415070516707
1.9529135239513271
3.4505969291342984
4.288649111130612
2.831889147798429
2.4167351914177053
2.118507875307979
2.0145683899137183
1.9762268523686324
1.9617750460433707
3.456569156851449
4.291482820052185
4.661199781891499
4.810681528501798
4.869035456236952
4.891511029666114
5.261489485087508
5.410082855102816
3.094641033594339
2.5000445980926047
2.3043785367883087
2.233749876485431
2.207347129217821
2.197344746171262
2.193536149681923
2.1920831381985066
2.041011265668721
1.9860949962663355
1.9655110192041998
1.9577050657929298
3.7085354849220993
4.733483690957151
5.195903175451916
5.384223713107806
5.083085014919077
4.972557991881194
2.996547275678184
2.4694735438097988
2.136048617311157
2.0209234104238205
1.978605738299579
1.9626767194754662
2.1009203192944232
2.1562584097409
2.0282055692215257
1.9813260041761116
1.9570185207108144
1.963706966023441
3.4533655716830527
4.289963156147503
4.660569245529544
4.810432950953047
4.868939354799167
4.891474152515789
2.7732700484074835
2.232839743800393
2.207003555278147
2.197214100992284
2.193486333242513
2.1920641224827837
2.041004502862548
1.9860924826052602
2.1104592571478955
2.1599926967106717
3.586019153634612
4.352175150778268
4.68627017453525
4.8205482850492505
5.232202227964265
5.398560340636996
2.8797507262376456
2.265205265869472
2.0667532261722643
1.9956259525693265
1.9691084613981575
1.9590729359231909
1.9552532195228367
1.953796184114267
1.9532399327240653
1.9530275053997055
3.705148445526251
4.73183193444768
5.195210551114022
5.383949554172362
5.457837812794389
5.486327498137271
3.1112277051191026
2.5051543946561448
2.306176415178525
2.234415396432774
2.2075983073987624
2.197440249591106
2.193572565025039
2.1920970383368714
2.0410162091326804
1.9860968336945544
3.472875639552635
4.299204560047644
4.6644015429892995
4.811943444286004
4.869523272440203
4.891698213180175
2.977840684557855
2.463573673884862
2.2914798224482418
2.2289657275190202
2.054060677838359
1.990935765033916
1.9673394887407565
1.9584005054103997
1.9549968475138704
1.9536983277285604
1.9532025649739577
1.9530132336571768
1.952940920373237
1.9529132998632965
3.4505967778984985
4.288649039333725
4.6600238831084555
4.8102179349254515
4.868856225953137
4.891442252994892
5.261461227607542
5.410071756863688
3.0946386087412234
2.5000438498408606
2.14611046565542
2.0245542760965316
1.9631907933866988
1.9799628117716932
2.101130491821584
2.1563408004926696
2.1778101056516617
2.1860669523404592
4.81029558214325
3.8681632673737028
4.868886245950465
4.891453772783821
4.90010138239013
4.903408508895252
2.980561589735238
2.4644332406991056
2.4607959652840465
2.459408066994507
2.28999907648714
2.2284154530370874
2.3679673479744396
2.423548975071239
2.1207873569977105
2.015396081266406
1.976536945958437
1.9618926193848225
1.696829467429594
1.6053147366250449
3.6913362377549817
5.073544326475639
3.2423359271094307
2.7326461570880767
2.3840278484438535
2.2629314900130177
2.065960563885016
1.9953335676871327
1.9689982593180493
1.9590310562784305
2.09942885954864
2.155673588982799
2.177552691518602
2.1859682525067714
3.8680965577428648
4.81026389504004
4.868873995106558
4.891449071684903
4.900099583555042
4.903407821337584
5.266373693061613
5.412000594281288
3.323309363239788
2.7585147525910383
2.392623120982266
2.266044362050594
2.0670456197435048
1.9957337886444644
1.9691491031140531
1.9590883804622663
1.9552591072952985
1.953798431365258
3.4511940647449855
4.288932576984247
4.66014156082119
4.810264332166851
4.868874164108532
4.89144913653722
4.900099608370232
4.903407830822544
2.9805614323003335
2.4644331909775508
2.1343822660721403
2.0203210801173883
1.97838046545234
1.9625913626303169
1.956593774942595
1.9543077407836627
1.9534352585517742
1.9531021028077762
1.9529748636340662
1.952926264782244
3.450605527834648
4.288653193229139
5.003685473894342
5.307254487602712
5.055206139652915
4.962123049091547
2.788501974968252
2.2375161195251336
2.057066799610464
1.9920482111146465
1.9677592968075284
1.958560118706788
1.9550577068762123
1.9537215582727094
1.9532114359680017
1.95301662174218
1.9529422144579414
1.9529137941525772
1.952902938671058
1.9528987922620076
3.450586986773902
4.288644391142651
2.637390073085693
2.1904023568115742
2.040413367447111
1.9858727441448967
1.965427003374829
1.957673101628449
2.09887287479776
2.15545551443418
2.177468546395403
2.185935987331121
2.1891789455153976
2.190418914735747
3.357618198549158
3.952642922113638
4.517040344168108
4.753299276931134
4.513886572126569
4.425655439558612
4.392411175438897
4.379779008269676
2.6586584131992375
2.1971325719118706
2.0428057799173858
1.9867618157633111
2.2663895946715864
2.383300100583855
2.107264546797863
2.0104778064379616
2.120319570505417
2.1638418468594436
3.588458710260024
4.353305826606443
4.3648438777991
4.3692590879833135
4.823304420817212
4.693288081960391
4.873911506108602
4.8933815335422
2.9782320541894887
2.4636973421593265
2.2915237590806634
2.2289820518828845
2.0540664238947133
1.990937892380276
1.9673402916839884
1.958400810713847
1.95499696392673
1.9536983721647805
3.2140985270138445
3.887235710046447
4.4883423332183385
4.741741549824034
5.199363671591946
5.385593130305848
2.8771066689211087
2.2644106238706474
2.218871337516719
2.2017196058369763
2.1952032757761826
2.1927193524983517
2.041237509934172
1.98617908581842
1.9655428052527448
1.9577171587043904
1.9547362578365963
1.953598853344098
3.214035989811637
3.887206820051323
4.180065062077131
4.297662527804631
4.343448941165639
4.361066259272822
2.850059791566825
2.4226465711069505
2.2768637691500206
2.2235244570542902
2.052143939480829
1.9902259310130244
1.9670715401695036
1.9582986189094167
1.9549579973461202
1.9536834980503224
3.2140891803089353
3.8872313922185158
2.727557366620915
2.3823311005825256
2.2623161747994205
2.2180871938559217
2.2014223723893673
2.195090073997862
2.192676161504541
2.191754829757164
2.191403014529607
2.191268647975843
2.1912173266937494
2.1911977240255793
3.605719845300115
4.3612924083075155
4.367900833580079
4.370427669449627
4.371393220631746
4.371762084664217
4.371902986402202
4.371956807275614
2.8527762366074856
2.423528297552607
2.2771802567755963
2.2236425075090165
2.203526743188713
2.195891323395013
2.1929818405046824
2.191871534657623
2.040936008307568
1.9860670236383597
1.957701042954706
1.9655004453006462
2.098884317162351
2.155460002846014
3.5831429258178207
4.35084147754228
4.36389992024248
4.368898139437295
4.693139983508812
4.823246284578212
2.9618546630390563
2.458513666461503
2.45853654826064
2.458545288386395
2.2896921913267896
2.228301380934166
2.053826810642384
1.990849177915182
3.237307777925589
3.897933673628485
4.184467289933146
4.299390772471392
4.664478710658047
4.811973851908401
3.1774395531668627
2.711623983727831
2.377005768688758
2.2603832149598486
2.0650716230928357
1.995005586606967
1.96887462888347
1.958984071786957
1.955219342149069
1.9537832536824704
3.4511838242521486
4.288927715982086
4.660139543381427
4.810263536749268
2.958806927636201
2.4575470615165727
2.289337044969709
2.2281693578945796
2.2052391274275283
2.1965429730922734
2.042596374381889
1.986684021896049
3.2347190725469686
3.8967428014504475
4.183978933844146
4.2991991070658
2.834548053396087
2.4176016633390063
2.2750515754096425
2.222848310159312
2.203226097866988
2.1957768801935598
2.1929381843072333
2.1918548678141274
2.1914412189947914
2.1912832398096485
2.1912229001362977
2.1911998528704797
3.358075389513633
3.9528484924078877
4.206887489799005
4.3081751978664675
2.8368071159026638
2.4183374416207335
2.119044248568543
2.0147631992631303
1.9762998445460398
1.9618027223728285
3.4565877831844234
4.2914916531590865
4.661203446505775
4.810682973148909
4.8690360147364435
4.891511243978654
2.9777972093441383
2.463559935600551
2.134093351994739
2.0202166177697984
1.978341392083212
1.962576556952373
1.9565881369459313
1.954305589774771
1.9534344373060102
1.953101789173266
3.450723984526619
4.2887094280514235
4.660048946871317
4.810227816971684
2.958798535312659
2.4575443989986807
2.0194961543438166
2.1321014068111057
2.280580815617718
2.388989289154036
2.1091845206381556
2.0111772908168377
1.9749555582652751
1.9612929100925092
2.1003543974615946
2.1560365346504176
1.7591039419417318
1.627568300417441
3.218577667845932
4.176125977659129
4.612937951988869
4.7915947554889495
4.861647457035055
4.888674708456632
4.899037810879474
4.903001959277141
2.775764687999923
2.23360671179929
2.0556932240676615
1.9915400301948833
1.9675675405955153
1.9584872145696788
1.9550299094514714
1.953710947811094
3.451135038280408
4.288904557920148
4.660129932176224
4.810259747328813
4.868872391517886
4.891448456328475
4.900099348094118
4.903407731338792
4.904672010756001
4.905155008553529
2.980967047343418
2.4645612881319026
2.291830662168676
2.2290960742917423
2.0541065582211138
1.9909527510970442
3.476116475205565
4.300736548221209
4.665036347693882
4.812193577392331
4.869619956494008
4.891735311147681
4.900209108676744
4.903449684166573
2.585211591549254
2.024451577643681
2.1259366437592155
2.166029627793643
2.181542577822924
2.187497277873651
2.189776058400468
2.1906471015155056
2.1909799018197584
2.1911070335681315
2.040664074042126
1.9859659422847187
4.003885947560596
5.233522918697709
5.028264647422275
4.95200511762414
4.923182783434956
4.912217960718544
4.908036219473739
4.906439876184409
2.9812652780768536
2.464655465410674
2.291864113132197
2.2291085016166776
2.2055941105581116
2.1966780231727734
2.193281901721633
2.1919860849718997
2.040976748988402
1.9860821667399333
1.965506169539903
1.9577032207413605
2.0988852089922587
2.1554603526769074
3.337048044014172
3.9433758470095626
4.75167172467619
4.512992267592057
2.9449887169821154
2.453156807638216
2.287774033517646
2.2275881694226816
2.2050194000300403
2.1964593730843722
2.04256667967804
1.9866729899555406
1.9657294853918124
1.957788178191323
3.4538842726547037
4.29020926805804
4.66067137123157
4.81047321357325
4.534548530110818
4.433382421907994
2.8680199449401083
2.4284666273567095
2.2789515109067464
2.224303001387203
2.203776724197281
2.1959864734466117
2.042398692681317
1.9866105788943034
1.8306985654047583
1.7744289437027807
3.326558195039513
4.229096513697279
4.635200203917073
4.800414374065944
4.865063560825479
4.889986513146721
3.1970181496182173
2.7179938961795673
2.3791370656976647
2.26115714239548
2.065341665557737
1.995105229936691
1.968912190147139
1.958998346756692
1.9552247842114758
1.9537853308367832
1.8190849200722883
1.7701208166150557
1.7517679957074626
1.7448081717299373
3.3052369566709476
4.2187223782286045
4.630853830312814
4.798694534674369
4.86439771989216
4.889730870843896
2.9773831747136486
2.463429093332979
2.2914284544127623
2.228946641821428
2.2055329364232072
2.196654750991559
2.193273026253253
2.1919826968433345
2.0409755439938784
1.9860817188523476
1.9655060002344398
1.957703156329158
1.9547309175371197
1.9535968147163951
3.451058028515815
4.288868001981571
4.6601147604343165
4.810253765539601
4.868870078836229
4.891447568866551
2.7732642914576497
2.232837973353779
2.2070028868524467
2.19721384680885
2.0428346432848437
1.9867725380779762
1.965767107959557
1.9578024905935727
1.9547688016508147
1.9536112766780664
3.451067786683026
4.288872634135833
4.660116682912941
4.810254523519277
4.868870371886724
4.891447681320935
2.9777824291351904
2.4635552649865873
2.2914732820528614
2.2289632974620277
2.054059822473897
1.9909354483544102
1.9584004599625122
1.967339369213552
1.9549968301844922
1.953698321113723
3.4511265187236324
4.288900513777358
4.660128253747235
4.810259085572273
4.868872135669401
4.89144835814991
2.7732644623849776
2.2328380259194427
2.2070029066984267
2.1972138543557165
2.1934862391955536
2.192064086583332
2.191521116015381
2.191313755212106
2.0407376110464877
1.9859932777263858
1.9654725682451601
1.9576904370737507
1.9547260665801662
1.9535949628893183
3.4510567789975775
4.2888674088407885
4.660114514263563
4.810253668481329
2.958804609101054
2.457546325947053
2.2893367832379776
2.2281692605930723
2.205239090644135
2.196542959097673
1.902308095940215
1.800626760416708
1.7632385710188712
1.7491633351438578
1.8724168946080124
1.9217554477877739
1.8076358470253282
1.765857066945077
3.565279035615963
4.662790056855259
5.1661247914905015
5.37241619185029
5.855535089802552
6.051331534740731
2.8014855923518263
2.0875412484931437
2.1757494075814794
2.1510030961252307
1.8954093580521088
1.7981297256902689
1.8922676893909205
1.929512222272055
1.943931068927435
1.9494669730514327
1.8175481236230795
1.7695494637376445
3.323061125975807
4.227397790801814
4.6344889542515295
4.800133004176807
4.864954637724629
4.889944694799585
2.9774329054607938
2.463444809723018
2.2914340383804594
2.228948716547001
2.2055337205731775
2.1966550493044754
1.9023451748278055
1.800640166183003
1.89327635900168
1.9299050183054423
1.9440822153323631
1.949524868860562
1.9516077968021739
1.9524039917205727
3.4502530208659197
4.288485840903756
4.659956148061205
4.81019122844123
2.9587899388366257
2.4575416717072756
2.2893351271564994
2.2281686449273
2.205238857900791
2.196542870548191
2.042596337958684
1.9866840083644495
1.965733649674711
1.9577897623789247
1.954763947429142
1.9536094236268966
3.451066536344549
4.2888720406067256
4.660116436581186
4.810254426397551
5.2279317368596905
5.396876869980842
3.0917534817733436
2.499153311750879
2.3040647057542505
2.2336336728793698
2.2073032673217887
2.197328068233414
2.0428752059238415
1.9867876063409617
1.9657728026590118
1.9578046569601757
1.9547696278467344
1.9536115920699142
3.451067999492272
4.288872735155252
5.003783311179757
5.3072941251159484
5.055220560775684
4.962128456038022
2.994145056179417
2.468717184301057
2.2933060498534648
2.2296440871657364
2.205796512983844
2.196755019308442
2.0426716900172304
1.9867120021181413
1.96574422953278
1.9577937871874107
3.7085996800651695
4.733514987979048
4.839053758683298
4.879984213052436
2.9751148881254537
2.4627120750117633
2.2911736773804607
2.2288519759827414
2.0540206374097996
1.99092094087601
1.9673338935124494
1.958398377932209
1.9549960363015635
1.9536980180787988
3.451126314257774
4.288900416719518
4.660128213465589
4.810259069690371
2.9588058781075977
2.4575467285472197
2.2893369264919325
2.228169313849229
2.0537803144751057
1.990831962422578
1.9673003089550056
1.9583856079701476
1.954991167074333
1.9536961594329318
3.451125060178714
4.2888998214210154
4.660127966400472
4.810258972279649
4.53447139002244
4.433353614228573
2.6710338375902367
2.2010333834383795
2.194941912735153
2.1926196299929925
2.191733245542348
2.1913947713914603
1.9006038389833677
1.8000104167854913
1.8930234137675446
1.9298065285464114
1.9440443186374616
1.9495103529988143
1.951602246299619
1.9524018707504516
3.213283656753248
3.886859241319237
4.488176293601996
4.741674546968708
3.9114794562071915
3.634228683109963
2.658335168855337
2.359053509696647
2.2538472126753764
2.214911904246756
3.3719096522137715
3.959060735721863
4.519840359684064
4.7544245117868265
4.847207439969749
4.883123351259719
4.896912140082829
4.902189259311483
2.980278482653456
2.4643438263626436
2.291753418590848
2.2290673772000194
2.2055785680418203
2.196672110446034
2.191985224158271
2.193279646750748
2.1914910003759935
2.1913022531010338
2.1912301623479165
2.1912026267564677
2.19119210918776
2.1911880918473186
2.1911865573617577
2.1911859712407122
3.605712458154873
4.361288995397343
4.690016163450425
4.822019760692662
3.936664035800168
3.643148761352129
2.478076441034339
2.1388879044006495
2.021949049248399
1.9789892339870154
1.9628220138169965
1.956681603434509
1.95434124862156
1.9534480516252528
3.7054531696352906
4.731980577356915
5.195272887058327
5.383974229304147
5.457847367190202
5.486331166639742
2.8975451303157262
2.270541483463531
2.202588318271501
2.2211641051784574
2.35744669013425
2.4194304569019085
3.744799579576685
4.424797781259523
4.715986321391484
4.832201275604999
2.9639539180083516
2.459179098487628
2.289917640253383
2.2283851833433665
3.6289722970407476
4.372013854825855
4.694418123445612
4.82374798273917
4.874082704469105
4.893447186008588
2.9782473166101657
2.46370216470415
2.2915254723977223
2.228982688450537
2.2055465603117725
2.1966599338963317
2.3550210229349733
2.4184792711404612
3.744237162801744
4.424543936623767
5.06366212262829
5.3314639728602415
2.8660268539118086
2.2610757912482073
2.2176225934029272
2.2012462327014792
2.0442658473838957
1.987304091878001
1.9659679802169332
1.9578789036865747
2.0989571512580727
2.1554885725842277
3.5831610664895748
4.350849891232802
4.685725060342831
4.820334096161987
4.872764820736274
4.892941757052682
3.197756010358754
2.7182334877460677
2.3792171699189413
2.261186221892207
2.2176639629043997
2.2012619176642247
2.0442714112414433
1.987306157863696
1.9659687608806653
1.9578792006466441
3.2167239651322315
3.8884482571132697
4.180574923278377
4.297862748785098
2.8342114754820655
2.4174920086538534
2.2228336002456164
2.2750121601402036
2.2032205287675484
2.1957747601773976
2.042323479042524
1.9865826342567003
1.9656953359399416
1.957775186887548
3.4538755183748058
4.290205114539217
4.810472534095679
4.660669647732567
4.868954658063712
4.891480024890793
4.900111427513539
4.903412348378102
2.9805624811860225
2.4644335222396916
2.2917852795541824
2.229079214075108
2.20558304167539
2.1966738123206437
2.1932802958049225
2.191985471928567
2.191491094994484
2.191302289238967
2.0407335323729465
1.9859917616030272
3.4728054604178427
4.299171375620948
4.34403134665299
4.361289611428246
4.367899763648295
4.370427260535601
2.852394972189529
2.4234045748725026
2.445066303280595
2.453391357215082
2.2878575811908233
2.2276192419053213
2.2050311483648195
2.19646384312096
2.0425682674516987
1.9866735798351072
2.266351147455233
2.38328465742775
2.2626620096684746
2.218216702363366
3.622638156936392
4.369097471113228
4.370884970021349
4.371567926848517
2.6567534472950736
2.1965311187223464
2.04259216375488
1.9866824576033781
2.1106986967436487
2.160086297772413
2.02958010809576
1.9818387885552402
2.1087316056454624
2.1593171333800103
2.029304033286908
1.9817358135358787
3.4699609214492826
4.29782597733783
4.663830184865593
4.811718293146091
5.228539378166674
5.397116460160055
2.8794565085364985
2.2651168643163224
2.066722417646722
1.9956145896963184
1.969104178831495
1.959071308463989
1.8209632135739386
1.7708187268923998
3.569102112362881
4.6646992339842415
5.1669326494947105
5.372737072496366
3.086463891759339
2.4975192648051214
2.4733630730542018
2.4641980174031435
2.1343044657847323
2.020292950812243
1.9783699440164761
1.9625873758664505
1.9565922567869807
1.9543071615772012
3.7060755471871225
4.732284146569442
4.838573098210896
4.8797990584850846
2.4626984421783353
2.975071771023246
2.460134165216195
2.4591554034349046
2.1326351593900985
2.019689247235363
1.842282508324234
1.7787092590646307
2.1726241368934858
2.3451448226291696
2.41460021638034
2.4416694607931233
2.1268301724370753
2.0175876008722016
3.4938062430346677
4.309083227902443
5.0127767479935015
5.310935656245544
5.4294468925871655
5.4754089521986335
3.1088612030745
2.5044263862180145
2.3059204044492305
2.2343206486242018
2.0559441775406695
1.991632890965451
1.9676025827947285
1.9585005376539533
1.9550349894226324
1.9537128868767828
3.7056450461321453
4.732074169884375
5.195312136063338
5.383989765581489
5.4578533829392555
5.486333476442608
3.1112290000683114
2.5051547929284403
2.306176555221982
2.2344154482601133
2.207598326957452
2.197440257027484
2.0429150454607425
1.9868024058050255
1.8307660843099072
1.7744539406476847
1.882711896308106
1.9257845694394684
3.685321398402454
4.72214411365276
5.573973180792111
5.938492609457951
6.083935753512054
6.140425555192224
3.2480023162020046
2.546662266044991
2.3206976526498586
2.2397790007966787
2.2096209341098834
2.1982090516968413
1.902859110715257
1.8008259616115385
1.7633130766657252
1.7491915662260364
3.8143647720598746
5.137479792499491
5.361018313606156
5.448946938820181
5.482912039470067
5.495941360486127
3.1133090194565525
2.5057943878264712
2.3064014365702903
2.234498669933169
2.2076297329334507
2.197452197791761
1.9026088338936626
1.8007354867115022
1.763279237686072
1.7491787443226325
1.7438226447610654
1.741781128186644
3.546633049195099
4.653460399174346
5.162174053826531
5.3708465147212126
5.452760389928786
5.484377410847482
3.110805253918346
2.5050244608407235
2.3061307261523813
2.2343984877152696
1.9147646375785794
1.8051213337168448
1.7649184031963234
1.7497996646975431
3.552860721744538
4.656579825686222
5.163495550759347
5.371371644473031
5.452964024680372
5.484455642503271
3.110822203181315
2.505029674155561
2.3061325593544764
2.234399166155611
1.9147648596492042
1.8051214136831104
1.764918433060446
1.7497996760069063
1.744059067382474
1.741871324091864
3.303110840026556
4.2176856223590855
4.630419105596645
4.79852246129677
4.864331093056709
4.8897052890129835
4.899432266388364
4.903152746039141
2.980502205766773
2.46441448576391
1.9877842505179297
1.8311116092477586
1.7745818524630679
1.7534529814028583
1.7454490314804207
1.7424014466173303
3.547115456961923
4.653702156990129
4.8077243787197546
4.867892007004009
2.97229683972634
2.4618208030767494
2.2908569191570582
2.2287342711245244
1.9129091421780358
1.8044529810256493
2.0345417175177514
2.129977721609565
1.8800786506764642
1.792560513075672
1.760217326575745
1.748017927761149
3.5514784454377564
4.655887738713702
5.5439697237216405
5.926262474304119
3.2042569552861617
2.5335061194456383
2.316111005616461
2.2380871109274736
2.2089832423256053
2.197966711479675
1.902778979330065
1.8007969949709723
1.7633022428188299
1.7491874611974638
1.7417823945802655
1.7438259641105642
1.7410024527045258
1.7407046336027678
3.545795631355833
4.6530406804113404
5.161996204661773
5.370775835578852
3.3136171924097138
2.7554390654565175
2.3916037892149156
2.265675561487222
1.9249584597465412
1.8087860449173183
1.766286164970536
1.7503175038763576
1.6244583253048215
1.5788094592217417
3.416017696776429
4.5872398563413626
5.133990587846163
5.359627273993412
3.0835850743296347
2.496629220327748
2.303175571853518
2.233304396208308
1.9144064596154629
1.8049923485740413
1.6436565637159783
1.5859106037476445
1.6797612671749258
1.7170574202654256
1.731520853213681
1.7370774925090404
3.542971677127092
4.651624846083289
5.161396194190676
5.370537373956392
5.452640505606137
5.484331353281454
5.496484734948116
5.501134018674007
3.1144322472524806
2.5061396645900342
2.3065228210184117
2.2345435885014506
2.2076466838841626
2.19745864261413
1.9026109652955694
1.800736257242888
1.7632795258808884
1.7491788535229646
1.7438226863441584
1.7417811440513777
1.7410019752587769
1.740704451265901
3.545795489486728
4.65304060930052
5.161996174528852
5.37077582360358
5.452732976396027
5.484366879078606
5.496498334638521
5.501139217683475
3.114433371525692
2.5061400101495974
2.3065229424971028
2.2345436334541624
2.2076467008478926
2.1974586490637953
1.9026109674285716
1.8007362580139976
3.3453107012173335
4.238186884641592
4.63900331485289
4.801918429579414
5.224469339989162
5.395511334238171
3.0914546518381263
2.4990610440216585
2.3040322133925453
2.2336216412299725
2.2072987258076724
2.197326341367723
1.9025672104635813
1.8007204391566083
1.7632736095712656
1.7491766117629557
3.552377454553435
4.656337879290541
4.808764273397233
4.868294155475313
4.891226557552589
4.900014439213009
2.775118531193858
2.2334080941005645
1.9144404123413643
1.8050045760889497
1.8950278678991073
1.9305867835844996
3.4354751688216743
4.281460541580839
4.657038805749962
4.809040754832292
4.868401067437844
4.891267586374023
2.9777405510574644
2.463542031243726
2.4604560179873256
2.459278286376073
2.4588285817332993
2.4586568315494444
2.4585912319831777
2.4585661756404646
1.9859811108060696
1.8304769780039511
1.7743469032970893
1.7533643036896314
1.74541531369529
1.7423885899797338
3.0765976351817885
3.822855832917854
4.459802138160572
4.730201995715787
4.837759813773241
4.879485748401125
3.194394103171532
2.7171415622055495
2.554283714327493
2.494686464270629
2.472291129226108
2.463790033853587
2.460550624948039
2.459314405293024
1.9862119513067462
1.8305582442663575
1.7533756605786244
1.7743769919891348
1.7454196319658801
1.7423902365507873
3.303486665245961
4.217868915590646
4.630495967548988
4.79855288563455
4.864342873471937
4.889709812200051
3.1969490492440364
2.7179714567715916
2.5545816781410826
2.4947976168192882
1.99710961818281
1.8343880912694654
1.7757940510029342
1.7539103906238729
3.3118124478545345
4.221926171476497
4.6321968038017225
4.799226049368875
2.9562118466862106
2.456723533095472
2.4578526178806275
2.4582840268378856
2.458448830381265
2.458511782649367
1.9859643280284003
1.830471069482011
1.7743447156449426
1.7533634779620724
1.745414999725268
1.7423884702618133
3.0765975544379143
3.8228557945955566
2.91008311531658
2.622099069941748
2.5197806082608674
2.4817608238562014
2.4673904399335163
2.4619234298151
2.459838416310742
2.4590424781533984
1.986128062570744
1.8305287123248595
1.774366057934749
1.7533715335654774
1.7454180627388851
1.7423896381995645
3.303486231926617
4.217868704264452
4.630495878932917
4.798552850557746
4.864342859890097
4.889709806985196
2.9773782756508798
2.463427545075165
2.2914279043220405
2.2289464374348174
1.9129786965477604
1.8044780418577382
1.7646781335878785
1.7497086722119564
1.7440244205081916
1.7418581066829584
3.303101266341389
4.217680953021135
4.630417147535397
4.798521686231494
4.864330792947991
4.889705173783691
2.977377198052412
2.4634272045199688
1.9874800395478613
1.8310045644166921
1.7745422265314155
1.7534380257529179
1.7454433449914366
1.7423992783620612
3.3034932132145918
4.217872108977728
4.630497306641603
4.798553415686052
4.864343078709415
4.889709891002605
2.9773782951917958
2.4634275512507102
2.2914279065161915
2.2289464382500546
2.1966547217211825
2.205532859482652
1.771689441636816
1.6320062807400038
1.6982452669003534
1.7242500444049655
1.7342877548831368
1.7381372233905688
1.739609843626119
1.7401726637444694
3.3018800916532696
4.217085285429112
4.9716252757049295
5.294239826894535
5.050467475395769
4.960345853755664
2.9937341598799643
2.4685877725030276
2.135755931798051
2.020817635417985
2.2811507177833183
2.3892173024797834
1.964394492662948
1.822851565184469
1.7715199260744496
1.7522967379969965
1.7450093121547434
1.742233768983559
1.7411747713841776
1.7407704402095474
3.302313289602992
4.217296607370609
4.630255969701959
4.798457886030221
2.956031102588293
2.4566661587449263
2.2890235657908335
2.2280528138035027
2.2051950689495223
2.196526210510639
1.9023025554898068
1.8006247572687601
1.7632378217714226
1.7491630512412804
1.7438166688755132
1.7417788482713157
3.5466312759601197
4.653459510483223
5.1621736772682425
5.3708463650745495
2.8740949684713826
2.2635049407942023
1.5543802209452706
1.3465149210379221
1.5779824940290808
1.676548824213061
1.715802389859731
1.731037327032117
1.7368921932589354
1.739133776125245
3.3011270094498832
4.216717877265264
4.630013258363261
4.798361809235181
2.9560084950525756
2.4566589821883067
2.131807961398104
2.0193899833970135
1.978032151559206
1.9624593731817026
1.8221654652834107
1.7712652094254424
1.7522004963690638
1.7449727033838998
3.305356003118924
4.218780416527431
4.630878164546467
4.798704166391519
4.864401449250726
4.889732302750323
4.899442605226229
4.903156698120041
2.980503123390135
2.4644147755739634
2.2917786205913036
2.229076740168617
2.205582106687339
2.1966734566295467
1.9023512637683728
1.8006423676067016
1.7632444086365817
1.7491655471137633
1.7438176192996366
1.741779210876729
3.3030441192894564
4.217653080727511
4.630405459414149
4.798517059683087
2.7530198672307105
2.2265980603522655
2.204644992192342
2.1963169097187683
1.9022333163632337
1.8005997235821678
1.7632284582529418
1.7491595032388707
1.8724153278138997
1.921754833555924
1.9409421509920892
1.9483215123298738
3.4474955506768348
4.287176369944086
4.3393978568339655
4.359512158473352
4.367219722370662
4.37016734506947
2.656428292460557
2.1964284312488873
2.0425556889679823
1.9866689067491083
1.9657279421865455
1.957787591120533
1.9547631193637276
1.9536091075208197
1.9531684940540446
1.9530002209151442
1.952935950121872
1.9529114014215645
3.450595496649994
4.288648431080478
4.660023630657623
4.810217835389919
2.7555820773198003
2.2273893711270945
2.05350568938638
1.9907302758770398
1.9672619266436722
1.9583710135780348
1.954985602162081
1.9536940352317518
1.9532009258010152
1.9530126076093552
1.9529406812530787
1.9529132085288117
3.450596716257345
4.288649010070529
4.660023870962994
4.810217930136779
4.5344566120755925
4.433348095424655
2.8680114628663613
2.428463884032521
2.278950527563932
2.224302634790471
2.2037765854619815
2.1959864206417667
2.0423986739223317
1.9866105719247298
1.9657058949342823
1.9577792038074162
1.9547599206401172
1.9536078864378068
1.9531680277469394
1.9530000428170111
3.2136596582603243
3.8870329607310388
4.179993649600829
4.297634483132091
4.663750810505128
4.811687013292834
2.9591413405817404
2.457653152347161
2.2893747939016436
2.2281833913828653
2.2052444325694034
2.1965449914837984
2.193231165747654
2.191966716865429
2.040969860668096
1.9860796063998196
1.9655052017084047
1.957702852530171
3.216613293698754
3.888397156348281
4.180553938056191
4.297854508248434
4.343523051389779
4.361094681527125
2.8500668864239103
2.422648874691344
2.276864596093266
2.2235247655188255
2.2034821758648864
2.195874359073012
2.042358863284515
1.9865957808853443
1.965700304697415
1.957777077135569
1.954759109576235
1.9536075768215109
3.2140414716863424
3.887209352499156
4.180066102262004
4.297662936297508
4.663762604482264
4.811691661084941
2.959142432373026
2.457653498700338
2.289374917138378
2.2281834371969413
2.205244449888669
2.1965449980730725
2.0425970936459463
1.9866842891100878
3.473267967054713
4.299390065718406
4.664478417778807
4.811973736501052
4.535088751470525
4.4335841570806425
2.4876330412251977
1.994916976796604
1.8336185550737731
1.7755094663639248
1.7538030232113995
1.7455821170280856
1.7424521908201946
1.7412581471600772
3.302666654038575
4.217468972365772
4.312311063914329
4.349097849417171
2.8470696540939633
2.421675406553385
2.276515096137666
2.2233943896508017
2.2034328247040613
2.1958555735607
1.9020806866161821
1.8005445376900218
1.8932379523685323
1.9298900643665173
1.9440764614622525
1.9495226649228174
1.8175679563637774
1.769556839090062
3.094833733060789
3.8314951653079965
4.157079756016403
4.288620542289064
4.339956142736641
4.359726384651003
2.654002318543635
2.195662036692886
2.0422834308651368
1.9865677546239726
1.8306834916417898
1.774423362995057
3.0980819699566085
3.833030710402163
4.157716043810942
4.28887126116758
4.34005305341413
4.359763569604742
4.367315920944139
4.370204114205076
2.6564368294951284
2.196431127437611
1.9866692625507416
2.0425566466728453
2.110693342051311
2.160084204602697
2.0295793568805234
1.9818385083661096
1.9639009689003477
1.9570923685660475
1.9544979491119594
1.9535078770489245
3.2139788189733474
3.8871804088242268
5.1747218746957
5.772277136620138
4.8614994878334095
4.5528610056819065
2.6983101589138494
2.2095917844303434
2.0472227733706947
1.988401575670603
1.9663826103394646
1.9580366163820255
1.954858087872749
1.9536453603040307
1.9531823381825544
1.9530055084345281
1.8188075560482337
1.7700177198000477
3.323396978210246
4.227560981043095
4.6345572891350875
4.800160038569578
2.9564315845029485
2.456793282464361
2.28906880848789
2.2280696345695694
2.053745219784973
1.990818968237663
1.9672954042748227
1.9583837430368785
1.9549904559676918
1.953695887994256
1.9532016333144906
1.9530128778293694
3.450663981473605
4.2886809430135315
4.660037124454469
4.810223155677689
2.7555832414680825
2.22738973055828
2.053505815959132
1.9907303227455828
1.967261944334817
1.958371020304911
1.8207145567340703
1.7707263599877427
1.7519968703868753
1.7448952432315037
1.742190266954633
1.7411581650596069
1.7407640986122663
1.7406136021635643
3.3021996407640906
4.217241169030879
4.63023272052661
4.798448683025738
4.8643025256477435
4.889694320293844
4.562928740850634
4.44396042165414
2.8706318376154965
2.4293111432807137
1.9769212233262172
1.8272828671222607
1.7731636347829318
1.7529175880307162
1.7452454436851994
1.742323815977747
3.0765539477894945
3.8228350981123485
4.153488307431994
4.287204945332984
4.659424460644865
4.809981587101462
2.755530382313939
2.227373410181484
2.053500068768425
1.9907281946202675
1.9672611410458158
1.9583707148624727
1.820714448266226
1.7707263196942118
1.8812002236674839
1.9251938053375648
1.8088705105842995
1.7663176694665819
1.7503294286633841
1.7442607321799808
3.304840808262811
4.218529236076174
4.630772848395078
4.79866248104906
4.864385308835946
4.889726105550061
4.8994402334046745
4.903155791477913
2.980502912879305
2.464414709089006
2.1343761520468982
2.0203188695664696
1.978379638625037
1.962591049330852
1.8222121645401848
1.7712825485445505
1.752207048018364
1.7449751955655772
1.7422207582546694
1.74116980473725
3.3026026507315582
4.217437753516616
4.630315161305572
4.798481316435306
4.864315161541949
4.88969917196643
2.2327215136781797
2.772885616504041
2.0553820022779465
1.9914248584967613
2.112621791587763
2.1608378307630867
1.8904369742149256
1.796326459703486
1.7616289200027164
1.7485532389818288
1.743584428249
1.741690240262824
3.302979672774965
4.2176216479142985
4.630392278147713
4.798511842089331
2.956043798700266
2.456670188995339
2.289025000159042
2.2280533470898973
1.9126858875647657
1.804372537322962
1.8947743826283399
1.9304881399356033
3.4354081189129992
4.281428623948962
4.657025544810502
4.8090355242746226
4.868399044880928
4.891266810197325
2.97774037056845
2.463541974207784
1.8310170100698162
1.987515407401927
1.7745468337456893
1.7534397646219162
1.7423995304623738
1.7454440061517658
3.303493395782241
4.2178721980143195
4.630497343977574
4.798553430464704
4.864343084431751
4.88970989319974
2.9773782957028088
2.4634275514122077
2.2914279065735714
2.2289464382713757
2.2055328594907095
2.196654721724248
2.1932730150913433
2.1919826925823718
2.0409755424784586
1.9860817182890758
1.9655060000215179
1.9577031562481517
1.9547309175062244
1.9535968147046008
3.705560952350913
4.732033151422422
2.9403336342155995
2.451674951429546
2.227391798511017
2.287246075138442
1.9124689451944452
1.8042943625051209
1.7496826860104822
1.7646095196059934
1.744014526863003
1.7418543323342255
3.546689983948384
4.653488932984927
5.162186144216015
5.370851319515456
3.086050061498019
2.4973913524173788
2.4641796038202646
2.473314686663856
2.2916950830778338
2.2290457043280614
1.913011237756
1.8044897664454158
1.7646825131967705
1.7497103308818256
1.744025052005298
1.7418583475937461
1.7410314507925135
1.740715707935042
3.3022736299231035
4.2172772613605165
4.630247856587576
4.798454674520503
4.864304845602196
4.889695211063155
2.7728847585404104
2.2327212498043982
2.0553819094926906
1.9914248241587555
1.9675240647210208
1.9584706847885627
2.099199456605317
2.1555836143240343
1.8886798626426686
1.795688531347873
3.3417257479319087
4.236451500033121
4.638277676880821
4.801631512890952
4.890167385200106
4.865534690655199
2.7729870322449535
2.2327527045691866
2.055392969802569
1.9914289173560558
1.9675256094178637
1.9584712720951827
1.820750157297959
1.7707395847709195
1.7520018683627003
1.7448971445484567
1.7421909920670096
1.741158441863774
1.7407642043181153
1.7406136425361138
3.302199670019882
4.217241183302119
4.630232726511564
4.798448685394842
4.864302526565081
4.889694320646063
2.9773746738073723
2.4634264067784057
2.291427499888947
2.2289462871673846
2.2055328023803935
2.1966546999978585
1.9023450592807154
1.8006401244075327
1.7632435696060331
1.749165229191489
1.7438174982354064
1.7417791646883618
3.303044085833105
4.217653064409779
4.312382961128985
4.3491255458377855
4.685015637970986
4.820055323451915
2.7577332897379185
2.228053398632032
1.912685904465485
1.8043725434128948
1.7646387248499873
1.7496937470008391
1.7440187380903576
1.7418559388863435
3.0762383541765983
3.822685306421972
4.459726149245293
4.730171210560623
4.837747787486473
4.879481115144451
4.895516679536267
4.901655619414123
2.7754735245478566
2.233517216604715
2.0556617624237146
1.9915283878912624
2.1126637422912324
2.160854220112788
1.8904424509968922
1.7963284475042212
1.7616296646088043
1.7485535212849461
1.7435845357727726
1.7416902812886308
1.7409672837380816
1.740691202467028
4.217268599337026
3.302255872709527
4.312232805950667
4.349067702368907
4.684991837259794
4.820045970336058
2.9611038518792085
2.4582755999299044
2.289596251111308
2.2282657171141977
1.9127555218646133
1.804397628763867
1.7646480955628627
1.749697295975283
1.7440200892803688
1.7418564543548407
3.3031000695174875
4.217680369298066
4.312393624897854
4.349129653736566
2.847077606686987
2.421677990306072
2.2765160238858666
2.22339473575013
2.2034329557153645
2.195855623430478
2.1929682223306863
2.1918663356016532
1.9007600485617135
1.8000669241127445
1.7630291525955848
1.7490839800457545
1.74378655826083
1.7417673604189465
1.7409967127219994
1.7407024414973533
3.3022640167829955
4.21727257204473
4.31223435755914
4.349068300093029
4.363220508350407
4.368638317452319
2.8519489443660593
2.4232598230906444
2.277083897864724
2.223606566535312
2.203513139080256
2.1958861450837643
1.9020908015976272
1.8005481950190145
3.3451772481885866
4.238122304030321
4.32036516446617
4.352198696798697
4.36441983769392
4.369096950370259
2.85206330367158
2.4232969380579985
2.1207031111845898
2.015365500972075
1.976525490487603
1.9618882761957301
3.219238295106922
3.8896089161406193
4.489388794967349
4.742163798888294
4.842429061746259
4.881284088913837
2.9754175628658066
2.462807771751846
2.1338444499666056
2.020126615526509
1.9783077264078455
1.962563800212383
1.822202500734973
1.7712789604613828
1.7522056922513243
1.7449746798458665
1.7422205615781932
1.7411697296588347
3.0757753958490426
3.8224655531334504
4.459628221115215
4.730131536760851
2.7379671685692113
2.221939980742045
2.3653366794185153
2.422520210260187
2.1204434483290493
2.015271241516333
1.8407421687130845
1.7781410578139198
1.7547954585249983
1.7459593507182047
1.7425960133017764
1.7413130434142121
1.8692025972072475
1.9204946748400566
3.428604372212858
4.278187846424615
4.335920471648264
4.358177428171139
4.688737785838214
4.82151767816683
4.873221791520169
4.893117022039265
2.773625790391124
2.2329491414572753
2.0554620399210184
1.9914544785039388
1.9675352556772219
1.9584749396769723
1.955025229127343
1.9537091612911224
1.8190578314170556
1.7701107481307012
1.751764189755866
1.7448067237605822
1.7421565074114125
1.7411452776235778
3.0757588969438214
3.822457721190254
2.5239730866814547
2.1539335530017922
2.0273700107662815
1.9810141864334117
1.828726980649303
1.7736987694161932
1.7531196385464611
1.7453222795933492
1.7423531151533078
1.7412203288911807
3.3026392552816253
4.217455608138662
4.312305844435064
4.349095838745509
4.68500341449055
4.8200505199172445
2.7577322399875848
2.228053074677452
2.0537393893490625
1.990816809443024
1.9672945894317038
1.9583834332043617
1.7707279974751897
1.8207189647585416
1.7519974892355263
1.744895478652479
1.7421903567380401
1.7411581993335006
3.3025942425696453
4.21743365224546
4.6303134413976235
4.7984806356295335
2.2265955944610942
2.7530118851462957
2.053226132208095
1.990626754473899
1.9672228505075477
1.9583561551869704
1.954979936559423
1.9536918725918646
1.8190516828371681
1.7701084627743615
1.7517633258746643
1.7448063950978263
1.742156382064085
1.74114522977295
4.217429068862893
3.3025848460296325
4.971780080613602
5.29430279353054
5.422945639354813
5.472903745607421
3.108317809559659
2.5042591733995856
2.305861596059382
2.234298883125731
1.9147320340337286
1.8051095933186456
1.7649140186299164
1.7497980042873058
1.62427414571436
1.5787410833959241
3.181348365629953
4.157608641452413
4.605114411292673
4.788489064137579
4.860443604197399
4.8882122858759445
2.9770299465903687
2.4633174581079627
2.134013117773463
2.020187606019338
2.1242251912791486
2.165363416926929
1.8919483022509438
1.7968748619996684
1.7618343255564062
1.7486311117624456
1.8721992581272473
1.9216701244996481
3.6823119243389035
4.720670821689724
5.190526486285416
5.382094884853201
3.088516145587787
2.4981534472674345
2.303712560909614
2.233503271002097
2.0556568598379887
1.9915265736916083
1.9675624625281636
1.9584852838704898
1.9550291732916154
1.9537106668127218
3.705643437734406
4.732073385360874
4.838490785317147
4.879767349707133
4.895626368722278
4.901697569203721
2.775482597479763
2.2335200054482396
2.0556627428412098
1.9915287506939972
1.9675632840628432
1.9584855962210928
1.9550292923883825
1.953710712272958
1.9532072942393306
1.953015039899353
3.4506654405965334
4.28868163570145
4.660037411947913
4.810223269029514
4.868858288236089
4.891443044370926
4.900097277253602
4.903406939813947
2.9805612254259586
2.4644331256418734
2.291785138679848
2.229079161738185
2.0541006053140176
1.990950547195457
1.9673450680923226
1.9584026268480397
1.9549976564223588
1.9536986364988467
3.451126731522487
4.288900614790782
4.660128295670561
4.810259102101443
4.868872142059916
4.891448360602189
2.7732644629160434
2.2328380260827623
2.055422970571422
1.9914400199661384
1.967529799327377
1.9584728651322798
1.9550244381172872
1.9537088593555203
1.95320658667001
1.9530147696584943
1.9529415070516678
1.9529135239513256
3.4505969291342984
4.288649111130612
4.660023912907202
4.810217946674409
4.868856230495548
4.8914422547379885
4.90009697510701
4.903406824326266
2.77585223565227
2.2336336202721436
2.2073032474644894
2.1973280606828784
2.1935297874241955
2.1920807096398804
2.1915274638703632
2.1913161796453635
1.9005778027922116
1.8000009981622331
1.7630044889723993
1.7490746338549723
3.3083217045551585
4.220225857809973
4.63148414083716
4.798944007384373
4.864494313137622
4.889767958099118
4.899456251372465
4.903161914430905
2.98050433455106
2.4644151580909615
2.2917787564646583
2.2290767906476887
2.2055821257654022
2.1966734638872847
2.0426427232866953
1.986701240874916
1.9657401624783204
1.9577922399928793
1.9547648923304615
1.953609784333864
1.9531687525152899
1.9530003196300458
3.705128745560401
4.731822324642022
5.1952065210361384
5.383947958895407
5.457837195090272
5.4863272609636775
2.6985370891063143
2.0579001440918865
1.992356420865114
1.9678755814758586
2.103044241924333
2.1570907847172993
2.178099395228173
2.18617786551333
2.189271468660875
2.1904542749880287
2.0404318403535515
1.9858796115393018
1.9654295994768125
1.9576740893386664
3.453807391865463
4.290172791299799
4.66065623519738
4.810467246291077
5.228020084074739
5.396911705951572
5.4628531329356385
5.488252633196105
3.1116446598500804
2.505282627224339
2.147827101254155
2.0251726809239035
1.9801937970022097
1.9632782713676347
3.712564541080299
4.735447325865061
5.196726384174618
5.3845495314043195
5.458070120801138
5.486416693913339
3.111247025553869
2.505160336804365
2.3061785045993113
2.234416169686279
2.055977750060908
1.9916453133349643
2.1127111195298838
2.1608727292657353
2.029862317744742
1.9819440429030653
1.963940913999522
1.9571075732442378
1.9545037490693775
1.9535100913112666
3.705498119616131
4.732002503095254
5.578415158501403
5.940299806567602
3.207153886322497
2.5343807732866073
2.3164163936489217
2.2381998246141026
2.057306867873837
1.9921370074941989
1.9677927999947524
1.9585728558928472
1.9550625633384209
1.9537234120070175
3.45114344815991
4.288908549994254
4.660131588994333
4.81026040056466
5.227934216928782
5.3968778478956825
2.6816462653730815
2.052970523386819
2.137326564685033
2.1704549201542362
2.1832439213705594
2.1881487501418126
1.8995280032530568
1.799621165475834
1.892867039678355
1.9297456368063537
3.688214933757295
4.723559946689843
5.1917396422278825
5.382575336762688
5.45730566279291
5.4861231677417726
5.497170594601251
5.501396205236004
3.114488943643406
2.5061570908453743
2.3065289470657064
2.2345458554193063
2.207647539346916
2.197458967863836
2.0429216897725873
1.9868048739954374
1.9657793285344938
1.9578071395163934
1.954770574628459
1.9536119534940581
3.7055719205127886
4.732038501400354
5.195297178168189
5.383983844675427
5.457851090326643
5.486332596172835
3.1112288093948264
2.505154734285245
2.306176534601428
2.2344154406288506
2.2075983240775545
2.1974402559325235
2.19357256744298
2.1920970392598216
1.9860968338165572
2.0410162094609197
1.9655117138113967
1.957705330055547
3.7085356761343045
4.733483784179228
5.195903214538131
5.384223728578521
5.457943973657475
5.486368259402167
5.119704865537335
4.98621103928364
2.999687260156735
2.4704616301445474
2.2939248894319593
2.229873881923384
2.2058833452045232
2.1967880499132626
2.193323862573342
2.1920021030270505
3.606225374909057
4.361525956078901
4.690113494900153
4.822057984132937
4.873430375936374
4.893197018405192
2.978189158738828
2.4636837881834346
2.291518943716059
2.2289802627755972
2.0540657941433387
1.9909376592293666
3.4761064104764174
4.30073179185024
4.665034377028989
4.812192800920665
4.869619656368897
4.891735195989462
2.9778492839035113
2.4635763912865047
2.291480787896243
2.2289660862268885
2.205540285488279
2.196657546782037
2.1932740925057543
2.191983103875885
2.0409756887558586
1.9860817726593174
1.9655060205739499
1.9577031640673166
1.9547309204883463
1.9535968158430095
1.9531638001006753
1.952998428137636
3.7051273748981846
4.731821656020526
4.838392469330072
4.879729475740791
2.9750555669687717
2.4626933187232485
2.2911670121216514
2.2288494993287116
3.629261101426946
4.372146751986058
4.694472628475266
4.823769375290498
4.874090960950207
4.8934503522315556
2.9782480526680706
2.46370239727973
2.2915255550253555
2.2289827191500886
2.2055465719146663
2.196659938310386
2.0426379192285937
1.9866994561411586
1.9657394879629877
1.9577919833926254
3.9820939585997652
5.222624437172666
5.394783494043933
5.462030195668321
5.111017920435703
4.982977743851848
2.998944134121274
2.470227841947758
2.2938419690904714
2.229843093194464
2.205871711431848
2.196783624522587
2.193322174889033
2.192001458777331
3.872170889062893
4.812198584900608
5.228738719172378
5.397195055655185
5.462962683507286
5.4882946720866475
2.897941186679634
2.2706600228307297
2.0686528093410446
1.996326359194963
2.1146064310122226
2.1616129717908894
2.0301278945700645
1.9820430855284912
1.9639784006974168
1.957121841984221
1.9545091919796544
1.953512169259251
3.7054996251488115
4.732003237462366
5.195282389854505
5.383977990885825
5.457848823700424
5.486331725880551
3.111228620882525
2.505154676306739
2.147785200911969
2.0251575902842234
1.980188160898127
1.963276136955553
3.4575791655188626
4.291961750819785
5.005159580828705
5.307851652246053
5.428242405495073
5.4749449525872285
3.1087605705237493
2.5043954209757406
2.3059095142229795
2.2343166180822793
2.207561029745947
2.197426076239287
2.1935671608042533
2.1920949754951655
2.19153291155599
2.1913182602739023
2.1912362763289384
2.1912049620580527
3.8716333981087243
4.811943430223093
5.228632820925795
5.397153302684547
5.462946540915745
5.488288477568051
5.497999233786093
5.501712945785698
3.1145574348045497
2.506178142090758
2.306536347411365
2.2345485938809118
2.2076485727545787
2.1974593607686694
2.1935798519774035
2.192099819829887
2.3531524450388805
2.417746125892577
4.019895414269015
4.881512430170723
5.257378895657199
5.408468017290026
5.467318231313753
5.489965646211841
3.1120155962055613
2.5053966981204403
2.306261613177036
2.234446926183906
2.0559885597722283
1.9916493130743842
2.1127127401613524
2.160873362403115
2.1795574930814676
2.1867367594144165
3.8686159300344354
4.810510588180223
5.22803807615305
5.396918800318652
3.091762656948989
2.499156144621554
2.304065703346551
2.2336340422777834
2.2073034067561395
2.197328121251909
2.1935298105195145
2.1920807184556783
2.1915274672368485
2.1913161809311217
2.1912354821201534
2.1912046587015923
3.871633193375083
4.811943333028921
5.228632780586104
5.397153286779538
5.462946534766514
5.4882884752083605
5.497999232883178
5.501712945440585
3.1145574347299236
2.506178142067821
2.3065363474033003
2.2345485938779266
2.2076485727534534
2.1974593607682418
2.0429218292945377
1.9868049258241898
1.9657793481218144
1.957807146967742
3.708609346495641
4.733519700619443
5.195918273573255
5.384229689089906
5.457946281541965
5.4863691455264
3.111236726261755
2.5051571691807473
2.147786017271025
2.025157884302184
1.9801882707092155
1.9632761785414268
1.956854523865878
1.9544072175464775
3.7061480211979765
4.7323194942512865
5.1954150131248635
5.38403048796536
5.457869150863947
5.48633953067665
3.1112303114634026
2.5051551962586975
2.3061766970439437
2.2344155007456417
2.2075983467645313
2.197440264558303
2.0429150481349816
1.9868024067984378
1.9657783961216195
1.9578067848106755
1.9547704393530614
1.9536119018540787
3.7055718830993407
4.732038483151086
5.195297170515179
5.383983841646069
5.4578510891536585
5.486332595722454
2.6985380913793757
2.057900436040646
1.992356528827897
1.9678756222072629
1.958604342528824
1.9550745685482078
1.9537279944394514
1.9532138937205432
1.9530175604261157
1.9529425729895866
3.7050868993244
4.731801911598536
5.195197960372234
5.38394457021646
5.082984353620908
4.97252037849895
2.9965386178413023
2.4694708184882472
2.2935734336115887
2.2297433799347974
2.205834033280902
2.1967692919673305
2.0426767592901864
1.9867138853613437
1.9657449412756007
1.957794057949403
1.9547655856541122
1.9536100490034125
3.7055705406985013
4.732037828364147
5.195296895923816
5.383983732952224
5.457851047066691
5.486332579562773
3.111228805796954
2.5051547331786903
2.3061765342123324
2.2344154404848546
2.055977493773884
1.9916452185051414
1.9676072346735427
1.95850230629258
1.9550356637868886
1.9537131442867883
3.705645232621136
4.732074260847557
5.195312174209466
5.383989780681171
5.457853388785948
5.486333478687502
3.340670774887416
2.7640103460454357
2.39444270092212
2.2667024560642806
2.3834257621107082
2.4295800099030207
2.1228016759155137
2.016127033192196
1.841040703710062
1.7782512045048173
1.8842497948140138
1.9263852818984977
3.6857604516236333
4.722358990571465
5.191235411327279
5.382375652231511
3.3163490090023493
2.756306534786003
2.3918913535515927
2.265779613885704
1.9249922268877058
1.808798164355715
1.7662906854050728
1.7503192149170146
3.553263626378574
4.656781523240918
5.163580977983447
5.371405588251841
5.452977186971438
5.484460699082098
3.110823298708197
2.505030011121028
2.00023439495712
1.8354838707913717
1.7761991574220095
1.754063209863898
1.7456810290988154
1.742489903465438
1.7412725421412525
1.7408077759956166
3.5458758809020794
4.653080904611448
5.162013249457757
5.370782609426568
5.452735607901527
5.48436789005544
3.1108031911829466
2.505023826376002
2.3061305030500114
2.2343984051484367
2.2075918951836275
2.197437811610666
1.8007337667185674
1.9026040761483112
1.763278594372547
1.7491785005636953
1.8724230954430734
1.9217578787041785
3.6823761529100776
4.720702272640779
5.190539695144347
5.382100116394025
5.457121619592147
5.486052497545491
5.497143546523455
5.501385865832231
3.114486707836274
2.506156403649332
2.14811320321415
2.0252757172628173
1.9802322786753188
1.9632928444098117
1.82246102516247
1.7713749441843496
1.8814634034285087
1.9252966774996156
3.6849647419931935
4.721969550889092
5.191071884988061
5.382310890277613
5.082395170067244
4.972300213290631
2.996487939468774
2.4694548658077076
2.2935677742426646
2.2297412784062693
