-53.42322802782572
-54.108025361839324
-53.16165872163784
-53.0617481370878
-52.064737021789696
-53.66113281329787
-53.80466191000734
-53.925387488920286
-53.35346656800363
-53.96140013351873
-53.36722217421547
-52.109305083168394
-53.779879419213394
-55.151989397262675
-55.67608877257462
-54.30026614631046
-53.49665747346975
-53.189706274098796
-53.93750782863164
-55.21219809206786
-53.84498448132225
-54.03311163062497
-55.2487154949756
-55.71303485430182
-54.03628710168017
-54.06102230678648
-55.2593764246203
-53.86300500082474
-53.42975299459249
-55.018253003416966
-55.62500601565841
-54.002663077308576
-53.14628657149336
-53.38298321626731
-53.557302552474724
-53.212870633028274
-53.0813093466101
-53.03105740680201
-53.550881051214084
-53.21041783780551
-53.560876465455635
-55.06833771256383
-55.64413667223586
-53.69650296769751
-55.12014242664496
-53.6673017692193
-53.254886595088834
-53.0973580160472
-53.03718745305277
-53.91525563253111
-54.043364053415715
-55.25263157201463
-53.860428696378484
-56.10367813783193
-54.65339889998439
-54.185499558511815
-54.23324989609523
-53.4710595436861
-53.17992873496308
-53.06872666120312
-51.683789163486495
-53.533423673998065
-52.96375711110218
-52.368122459541624
-52.90779812088386
-54.13244596087919
-52.81452187788342
-52.31111967277108
-52.736871129179704
-51.663425737268234
-51.871440071374906
-51.33286048810658
-53.464971555726656
-51.94153535298588
-53.78984399920558
-53.30169356188639
-51.87916870895379
-53.130170372846024
-52.43168666934904
-52.833874095672385
-52.53245846850908
-50.967313059872964
-52.793604915954994
-51.067062126756014
-50.40758146431305
-50.77371625493303
-51.53160128923593
-50.58501963527497
-53.22609753188224
-52.46832758365666
-50.942817241587946
-54.03824964678416
-51.54247411001429
-54.10965559014481
-52.18778274212921
-51.453692636242806
-51.17329516659921
-53.441691289063996
-52.5506770711378
-54.0724749309764
-52.791614982800894
-52.92040400617617
-52.969597035727624
-52.9883871010067
-51.759496289792686
-53.52721688032015
-53.20137892883961
-51.840851928698896
-51.32117685725707
-51.12267864307233
-53.43430643780615
-52.54785630895916
-53.6422370570039
-53.80190505631783
-52.07023249826322
-53.572552682151034
-51.364593697982095
-51.13926240054515
-53.43672597541362
-53.166814478838056
-53.06371746110054
-51.788269926963764
-53.9111863611809
-51.49394025363608
-53.488472776794374
-53.18657999815641
-51.835199240175065
-53.913801642171215
-51.8972538853308
-53.34904116833393
-51.34272048765846
-51.13090757764459
-55.11062079051467
-52.570117427114646
-53.45383345707894
-53.17334895537229
-53.06621340903793
-51.7892232942417
-54.14958798056845
-54.07755268223846
-53.411588499946475
-51.92114484010118
-51.351846020357065
-52.370461198469805
-51.52346959755255
-51.19994759418785
-53.68164780334364
-50.91911118671911
-53.86274980467953
-51.47543913535056
-54.721841477514126
-52.42161694367127
-51.54300935349968
-53.49563186198237
-51.95324654787008
-53.555484662012255
-52.59414227190954
-51.608908164966465
-54.1372588502654
-53.43439422679475
-52.54788984136897
-52.20927529731216
-51.46190206181761
-51.17643088814067
-54.060182773421175
-53.40495378515976
-51.91861060455832
-53.550431345985984
-53.82828005444319
-53.93440881734358
-52.120844431337865
-51.428124476670014
-54.509150131863436
-54.812512033745236
-53.692317991872486
-55.1185439081219
-55.663313732493215
-53.399261334358165
-52.53447027058129
-54.67628543238528
-55.494386026574546
-54.74589202794159
-55.520973380235894
-53.9629261465164
-53.367805059313305
-54.14057160164119
-53.43565958522403
-54.402475131530686
-52.11444842032457
-54.51585136160483
-55.43310566448992
-53.92936366561525
-53.35498533235583
-51.89952435395246
-51.34358772950155
-54.221408778301665
-54.084570627903645
-52.17820113915959
-54.54020273332459
-55.44240706081419
-53.932916482868286
-52.12027441029089
-54.51807669175385
-54.81592167622076
-53.69362035940865
-52.0288714245054
-51.39299391410754
-54.240280261566696
-54.091778893092766
-55.27112439521138
-55.72159429254138
-54.779041267197975
-53.679533296680944
-53.24504060560393
-53.09359718271684
-54.889852908796286
-53.72185957742233
-53.89375981222059
-52.10531789298975
-51.422193866748664
-54.25143365100572
-53.478005120018814
-51.94651373155092
-54.45170601838343
-54.790570334849484
-53.683937008665225
-52.64320670239629
-51.62764910977375
-54.329910570674436
-53.507980635999864
-53.81206532607506
-52.074113375975614
-54.500444745601264
-55.42722086082818
-54.54514985938348
-53.59019472857237
-53.22543432633363
-53.08610825042851
-54.88699239120159
-53.72076695692657
-53.275308479578115
-52.48712449305789
-51.56803101084566
-54.307138483228556
-55.35338443884001
-53.89891286704179
-52.10728618478556
-54.51311563106436
-53.57795874215784
-53.22076059540916
-50.761698705551325
-52.14504498258349
-52.67343624219915
-52.25722975526407
-53.59983521426416
-52.611082675449936
-51.61537882333576
-54.12422441408491
-52.19334753769821
-52.691886176509506
-51.64624301433053
-52.48291084398187
-54.07103244305523
-53.40909799019326
-51.92019355002476
-51.351482659881036
-52.849654505222816
-53.68626882042816
-54.016958214337386
-54.29427023762837
-55.34846920639632
-53.8970354153109
-53.342637039536385
-53.13087570329826
-51.8139220928586
-54.40106051902701
-53.53515749797275
-52.36987449420159
-52.14127948521333
-53.82753334836829
-53.31608961225268
-53.12073548838975
-53.92744512661048
-53.354252515664754
-53.135312420383784
-51.7836738385762
-53.05168474548659
-53.53074433714857
-50.81479562694047
-52.1533189336276
-52.05856262152685
-50.78630095345317
-52.15444220508235
-52.67702566179387
-52.87663478029926
-51.09877671285423
-50.41969535826343
-52.01441132818575
-52.62353862629382
-50.384068595696135
-52.00080311579417
-51.382272774186575
-51.14601520676556
-54.0425749666769
-54.016262190200685
-53.38817761517525
-51.294168689075384
-53.07212154918106
-51.17344601421618
-49.9351354886865
-51.829325927591576
-50.69874032783855
-50.26689505592408
-50.101944839933694
-53.817210684960216
-53.31214670568522
-51.88316145459566
-53.54525938470832
-51.22545030586316
-53.208270552273724
-54.107077990456744
-52.186798186657754
-53.58955938689054
-49.81550572407795
-53.80124798013205
-51.45194752874356
-51.79066258359841
-53.91131969936518
-52.11202517304037
-51.42475581975594
-53.47837890392513
-49.79928471022188
-53.80034401401197
-53.82497255046755
-53.315111474492916
-51.88429389551141
-51.33777021204131
-53.465687874794995
-51.3237749737733
-51.123671035274796
-51.047238132051085
-52.187231838083235
-51.45348220962178
-53.482570027723305
-53.184325348638325
-51.834338040691875
-54.05722676913765
-53.403824691994345
-52.536213318095484
-51.58678127354222
-53.899957783368876
-51.489651318557215
-50.56899617230276
-53.35352525399885
-53.13503463114612
-51.815510661939726
-51.31149735467305
-51.11898140207943
-53.87388819002962
-53.333795586224184
-51.891430591143155
-51.340496187205275
-53.88623278591163
-52.102442824773945
-51.421095688410205
-53.890724442168796
-53.34022646229819
-53.129954944725775
-53.049638371879134
-51.78289219341183
-53.91088667036152
-53.34792774817888
-51.89682859667533
-53.54725339386472
-51.9729642184978
-51.37163926162868
-53.47062930253478
-53.17976439746663
-51.83259591236531
-52.554091317129114
-51.59361006152223
-53.90033833868002
-50.47888175082491
-53.838216659055
-53.320170273822626
-53.75491614591539
-52.05228433158381
-53.56993407992308
-53.217695447183715
-51.84708428412828
-53.539995796473846
-53.20626004047094
-53.07878432493897
-50.83115459059999
-50.317472803703694
-51.975365786760776
-50.75452259032894
-54.103249056740204
-52.1853356641187
-50.83472394686602
-50.93687016522925
-53.86373947863227
-52.711885134662516
-51.65388193660539
-54.11056140470923
-52.18812873250531
-52.07936776243407
-54.06244252968346
-53.40581693524566
-53.15500827605353
-53.05920789291492
-51.78654742519144
-51.30043438265942
-53.07247072431703
-50.830233448683366
-54.03585316157022
-53.39566070036579
-53.15112893952714
-53.05772611821564
-50.35594628464517
-53.32244169429888
-53.123161767832066
-53.047043609197324
-51.16386709351023
-50.369811775133215
-53.832138397633265
-51.0869655022742
-50.415183877270145
-53.40898432958685
-52.53818412428619
-53.95297764706219
-51.50990310440917
-51.194765654915216
-51.07439386033648
-53.87140341149045
-53.33284648527674
-51.891068066839985
-53.916915105171846
-52.11416242787767
-53.578961972504565
-52.603109806553164
-53.956595831326936
-52.12931911657064
-51.43136151838498
-53.47934266236666
-51.94702462726641
-53.749648758704225
-52.05027236870106
-51.401168347398944
-52.23886956058732
-50.855172075766816
-50.326646666713124
-53.829732888586335
-52.69889577310646
-51.64892044198314
-53.51108408154446
-50.422090320079896
-53.33209197901312
-52.5088138598419
-54.68961780952037
-53.64537657523964
-52.01044393869875
-51.38595524085661
-53.472717975755344
-51.9444942221457
-51.36076469068176
-51.137799849899594
-54.672580569649966
-52.402800951183835
-53.62107376551953
-52.00116109140779
-52.61847748620362
-51.6182033897033
-52.47220066040605
-52.79839859151486
-51.06889314788884
-53.42645923981459
-51.92682495729294
-51.35401563206423
-53.46805804963378
-53.17878226625212
-51.83222077162279
-53.913635657807674
-51.49487580169898
-53.48860927141723
-51.332530168213374
-53.46492336270373
-53.17758492238893
-52.449797415713164
-51.55377333600067
-51.21152259228884
-51.08079444086585
-53.428195615059025
-50.264099022048775
-53.82624722781514
-54.551666335414794
-53.59268380092946
-51.990317089873784
-53.92244606365997
-53.35234304352956
-52.51654907817881
-51.579270202256986
-52.26485427101839
-53.126216002654104
-51.81214224558993
-51.31021073411569
-54.07970098990435
-53.412409080456555
-53.775560240215206
-53.29623765143918
-53.95305054711831
-53.36403291600251
-53.13904820088922
-51.81704370916537
-50.64706911565571
-53.36491594292315
-53.75741947590982
-52.05324051855663
-53.57007358572231
-53.217748733657395
-51.847104637750085
-51.32356517959287
-51.123590901028514
-53.434439534448224
-52.547907147352646
-50.97321393010992
-52.62969686973272
-53.958077477576666
-52.12988505507873
-51.43157768765953
-51.164848007899856
-52.20439088771919
-51.46003638336807
-52.41178623988482
-52.77532233628638
-51.678112791474526
-51.2590160381372
-53.454197795672755
-52.55545413158182
-51.5941306103228
-52.26702237533592
-53.6012639382779
-53.22966238821254
-51.85165524885993
-51.32530335836724
-51.742288814991696
-53.524706343580874
-53.20041998913521
-53.076553623824765
-53.02924088233909
-52.3931350344426
-50.91409624348892
-52.785840687082114
-51.6821304439729
-51.26055064483659
-53.45442169177277
-53.17357364103197
-52.44826524257324
-53.94796663952932
-53.36209103609918
-52.52027248001833
-51.5806924152059
-53.899618462923506
-53.34362367592984
-51.89518458736623
-51.34193008616885
-53.46629479225085
-53.17810876186275
-51.83196351583762
-53.53778970611145
-53.205417388934755
-53.07846246069282
-51.793902015643916
-53.5322366080716
-53.2032962942264
-53.07765227460759
-52.06705740418233
-53.57208944216765
-53.218518722303074
-53.08346672474158
-51.79581347442186
-51.303973698524004
-54.107716434225885
-54.041144016727344
-54.015715615956154
-52.769934853641324
-54.76622489996739
-53.05660389126127
-54.87572272881599
-55.57056429518669
-55.83597015674408
-55.937346175045555
-55.97606836839259
-54.136756963882526
-52.816168534505096
-54.16585060588244
-54.681383283142225
-53.02419727729455
-54.245310514991104
-54.71173426767876
-54.88989228804517
-53.10384063020705
-54.89376555757557
-53.10532008752008
-52.42219470498466
-54.01536599368359
-54.62390327606611
-54.85634383451474
-52.180666971670746
-52.06900864253371
-52.026358955930384
-51.39203423650755
-51.14974375359227
-53.52933297926884
-51.96611922921466
-53.22312667462484
-52.467192817160054
-51.56041778810543
-53.06816251340592
-54.26210374086223
-54.718148709180774
-53.038240420430405
-52.396572552110435
-51.533443247151006
-51.203757189342575
-53.54996427587629
-52.93434067273295
-54.44613563828631
-52.356886379912545
-52.136318467004685
-52.05206902110151
-53.87399056254952
-52.71580070029738
-51.65537754959273
-51.241516329599996
-53.564386984068655
-54.45164462260597
-53.554478906249464
-52.59375810739253
-53.64893403914093
-53.24787074649508
-52.47664421159442
-54.65419784328775
-53.63184735201915
-53.2413442127697
-52.47415129754004
-54.65324563485001
-54.867551618260094
-54.949409219930274
-54.980676041530735
-54.99261890466193
-54.379146683705166
-52.90875316895378
-52.347112823156166
-53.986687266764406
-55.23098296588695
-54.47019365339666
-52.94353001680325
-52.36039639701308
-54.60979512923558
-55.468988990693646
-54.56110386534557
-52.97825462784328
-54.22776198443394
-54.08699733670864
-52.79716204819219
-54.15859077411762
-54.060576285410775
-54.6411720708646
-54.24490593843312
-52.85747776693497
-54.18162932862148
-54.069376230179586
-54.02649936191727
-54.01012185557221
-52.76779822729958
-52.29327282632652
-53.96612221792967
-53.9870598387126
-53.99505729820812
-54.61614604466165
-54.23534684702694
-52.56220068723099
-53.47186050766928
-54.068843520273376
-54.64432987358913
-54.86414610049402
-54.33007443914303
-54.12607721693508
-53.430123222912314
-53.164292451801856
-54.29882210999305
-52.87807191192759
-54.18949559203942
-54.07238087544077
-52.791579056783114
-54.15645826115825
-54.05976173794174
-54.02282695266698
-54.008719120059204
-53.38529641876073
-52.52913614747309
-54.05621398990823
-54.63950582225159
-54.862303476846556
-54.947404608288075
-54.36187635926776
-52.90215649201543
-52.34459311677852
-53.985724824569814
-53.99454736818104
-52.76184930247351
-52.90903452798938
-53.583288270244516
-53.840830282744164
-53.939202577987984
-53.35874346246989
-54.37309578692147
-54.76054389829451
-53.05443394171237
-52.4027579268426
-54.007941805065116
-54.62106748835274
-54.23722667124322
-52.854544547877126
-54.180508938637836
-54.06894827928648
-52.79026792172183
-54.15595745212868
-54.67760443466422
-54.25882186311407
-52.86279317717821
-54.18365963467025
-54.68818572683254
-54.26286355707748
-54.1004049443999
-52.80228329862243
-52.306444951467384
-53.35311953327952
-52.51684567087138
-52.197417479334625
-52.0754067671325
-52.028802822062865
-53.86510366530578
-54.56650817385449
-54.21638686750778
-52.846584451169065
-52.32336648599941
-52.12351500682916
-53.90128050073775
-53.34425851788429
-52.51346106416524
-54.05022664086112
-54.63721885841811
-53.625361956893414
-52.62083302351224
-52.237137113643314
-53.94468028366738
-54.227996939659235
-54.596903737358836
-54.08708708161887
-52.797196327697584
-52.30450190147388
-53.97041134297373
-53.98869813869743
-53.37764908436866
-52.52621512565866
-52.200996292607314
-52.07677375216328
-53.883426930132195
-54.57350703823331
-54.21906019581784
-54.08367354922021
-52.79589247434299
-52.30400387380877
-53.352187124583104
-53.13452351119065
-52.433349420238955
-54.01962671577591
-54.62553072708876
-53.620897487990575
-52.619127748133074
-52.23648575640865
-53.94443148734256
-53.97877471686914
-53.99189266326485
-52.76083529542562
-52.29061322301202
-53.96510633986013
-54.60470579656835
-54.23097706109503
-52.85215740921695
-54.179597132805505
-54.68663398919957
-54.26227084604331
-52.864110571430565
-52.33006086824838
-53.980173999564265
-54.61046113044441
-54.23317540301908
-52.85299710111305
-54.17991786656974
-53.450688521096374
-52.5541137079695
-52.211652602812116
-53.316912077966634
-52.503015653588
-54.046236849047055
-53.39962691605338
-52.534609910363194
-54.05830478128589
-54.64030443349448
-53.62654054169775
-53.23931719159877
-52.473377044348666
-54.034915907696906
-52.77726871249237
-54.150992196029904
-54.05767388684744
-53.403995475762514
-54.39038051793989
-53.53107810055735
-54.43892176123197
-54.16765319438865
-52.82796984443418
-52.316256338913895
-53.974901138557186
-53.37237909925788
-52.524202170466545
-54.05432937839144
-54.63878596470777
-54.86202851573187
-54.32926559373795
-54.12576826548198
-52.811971225208204
-54.164247376392325
-54.680770903968764
-53.02396336926429
-52.3911192038241
-54.00349620845769
-54.61936942154898
-54.236578067439346
-52.85429680326928
-52.32631234236848
-53.97874219008585
-53.99188023913918
-53.99689852733169
-52.76274736535609
-52.29134356873659
-53.965385307103375
-53.36874437507373
-54.37691579561761
-54.14396902302922
-53.43695728472015
-54.402970808631025
-54.153921152423024
-52.82272467113825
-54.168354827241416
-54.682339810586
-53.64259662701679
-55.09955203671406
-55.038025494375496
-54.39649045766253
-52.915377901112294
-51.897483858410986
-53.81494428455818
-54.54734899526355
-54.20906871248257
-54.69789113093406
-54.884604680319605
-54.33788892127485
-52.89299410600517
-52.341093396740646
-52.13028608421678
-52.04976485590968
-53.87311044976194
-54.56956649337614
-54.21755504161659
-53.465064642723746
-52.559604897804746
-54.067852016940186
-54.64395115301581
-54.86400144210725
-53.09395120705626
-54.2719541453112
-54.10387724012745
-54.03967757507115
-54.6331894738359
-54.24185685768665
-52.85631312172426
-53.56315048498593
-54.45117232198343
-54.17233249221446
-52.829757177160154
-54.1710410055157
-54.06533185063704
-52.78888656889563
-54.15542982229953
-52.82330093175327
-54.168574939209975
-54.064389897126766
-52.78852677467052
-54.155292393134495
-54.67735040473296
-54.25872483231449
-52.86275611471073
-52.3295435118177
-52.125874420742356
-52.04807975040938
-54.569320639796985
-53.87246679673545
-54.217461133905616
-53.465028773169955
-54.41369316310405
-54.158016727392294
-52.82428904157304
-52.31485039732683
-54.59239810540702
-54.22627594139444
-54.086429718776294
-54.03301321493445
-52.77654194852727
-52.296612630647346
-53.96739790966445
-52.75147913209632
-54.14114145287421
-54.671945226526304
-54.2566602379548
-54.098035487338095
-52.8013782465597
-54.1602012185907
-54.67922540921239
-54.25944102029658
-52.863029674177554
-52.32964800223608
-53.98001629878036
-53.99236690535512
-53.997084417285
-52.762818369000094
-53.527438667215065
-53.8194976326451
-53.93105423072025
-52.73759708201585
-54.75387297032689
-54.90598784021493
-54.34605656156799
-54.132181844489054
-52.81442099439938
-54.53523028672659
-54.55022500143661
-55.44050775522099
-54.210167249088826
-52.84420876833008
-52.322459055901405
-53.35923637687392
-53.755250074720365
-54.52454783603707
-53.58232545589106
-52.60439454288621
-54.702994127767155
-54.26851986291547
-52.24846349472956
-52.71293859877301
-54.12642027908925
-54.66632223849474
-54.25451244764508
-52.24311313819081
-51.474826966927345
-51.18136776259122
-52.92337828709601
-53.588767098696806
-53.84292300899441
-53.321967939536535
-53.74101479836508
-53.9010764555587
-53.96221456831103
-52.74949927187461
-52.2862832473128
-54.581486425063375
-54.22210805037754
-52.84876974856946
-54.39434366867145
-53.53259188943427
-52.58539801088147
-53.45967012070993
-55.029680328748114
-55.629370865534405
-54.004330301605414
-53.38362003928184
-53.14652981624009
-52.43793542068855
-53.40334442332533
-53.77209784928745
-52.676881147037214
-52.2585455918242
-53.33482360593518
-53.28491808325892
-53.74592522598133
-52.490795035045544
-53.423534999377495
-53.77980996308693
-54.5339288786332
-52.967874706562974
-53.605763218555516
-55.08548292660336
-53.17854960625499
-52.4501658921616
-54.64408402522939
-54.24601820602678
-52.857902615351165
-52.32768964002672
-53.36123428222878
-53.75601320665962
-53.90680533775007
-53.96440280659059
-53.368369093271816
-53.75873846197475
-53.90784629265243
-53.346766427232645
-52.51441900029561
-53.432558551153974
-53.783256653166305
-53.91721140834493
-53.35034358311861
-53.75185332976078
-52.66914842866394
-53.49165993373083
-53.18779738377866
-53.68976620635503
-52.64543325778666
-53.48260154450472
-53.8023713757275
-54.542546571427685
-53.58920036105576
-51.9889865342398
-52.61382721916343
-52.8524951232505
-52.32562416183816
-52.12437736226398
-52.047507924953784
-52.01814641259737
-53.242999290338105
-53.74365705116242
-53.28405171757053
-52.49046411279926
-54.041442587076936
-54.015829659681664
-53.388012403218156
-52.53017356122291
-52.20250828045058
-53.31341925762862
-54.35578348118516
-54.13589719717697
-53.43387412159586
-52.54769117886072
-53.44526739248609
-53.170077009847645
-52.446929648306956
-52.17071193507322
-52.06520615691271
-52.0249065356649
-53.24558142758177
-53.093803758330516
-53.03582984740978
-52.39565179514892
-52.76915952678687
-52.2937927964618
-52.11221886259853
-53.27893176883357
-54.34261043265209
-54.74889952912269
-53.66802017721618
-52.63712701377596
-54.09746283036138
-52.80115951105849
-52.3060157028141
-53.97098956363348
-53.37088501058656
-52.523631479376306
-54.05411139379204
-54.638702701999826
-54.861996712207436
-53.71121945712268
-53.271661659160614
-52.48573153160927
-54.039634901916884
-53.39710519664159
-52.53364669925798
-53.43990287863215
-53.786061936638454
-53.918282931283215
-53.350752868461306
-53.1339756741007
-53.66920814259068
-53.255614764921454
-53.09763615217368
-52.41925970284969
-55.00544107627567
-53.39621093387519
-53.76601032870214
-52.674555921080845
-52.25765743454039
-52.09841638254033
-53.27365969058038
-53.10452870045093
-53.039926410772395
-52.39721654311637
-54.0058251848264
-52.76615704511315
-53.52871392801283
-53.201950750175435
-53.07713832251348
-52.4114302286151
-53.39322034083162
-53.15019680512986
-53.05737007455796
-52.40387942979413
-53.39033619232422
-53.149095158428636
-52.438915294211796
-52.167650724206744
-53.918138844658124
-53.35069783226784
-52.51592066339551
-54.87364568660941
-53.71566896941016
-52.65532723287118
-52.25031272920337
-54.36275805626271
-53.33167893223873
-53.520527259049615
-52.58078973213624
-53.45790991485889
-53.174906023690525
-53.06680815621269
-52.407484456197636
-53.39171318988002
-53.14962112469253
-53.05715018419756
-52.40379543915026
-52.15423613325321
-53.91301492685905
-53.34874066982416
-52.51517309386353
-52.196778611766426
-52.69319673018565
-53.66344193868529
-52.63537828226576
-53.655006340819284
-53.25019015934627
-52.477530148469626
-54.036502252312296
-53.395908630967476
-52.53318965184024
-52.20366032455325
-52.077791321819504
-52.95562151089546
-53.60108291428133
-52.611559254448736
-53.46966282656466
-53.797429225245246
-53.304590860421186
-53.11634335601832
-52.42640521888387
-52.780906289383196
-52.91631364926572
-52.350000669664055
-53.369756337226235
-53.14123435326476
-52.435912733818135
-53.402571825689435
-53.15376875450026
-52.44070044906147
-52.16833259268414
-52.064297328990946
-53.260627371788495
-53.09955079762465
-52.41999103233556
-52.16042229938203
-53.91537783206021
-54.5857111967986
-53.605687780835794
-53.231352145708776
-52.47033466754064
-54.651787811912726
-53.630926801947844
-52.622958605180905
-52.85598300234477
-54.7990923681031
-53.687192135714845
-55.116586005291126
-53.808463913908845
-52.69077174768552
-52.8818853178976
-54.190952183507065
-55.30900522137348
-53.881961514363695
-55.19098128796729
-53.83688038328848
-52.70162587314827
-53.504065213656105
-54.42860375656994
-54.163712067303834
-53.44449845659166
-52.55174931372125
-53.44681746207188
-53.17066908374449
-53.683223777911486
-53.26096826124008
-52.481647017058854
-53.42004076743627
-55.01454326274975
-53.76948705456329
-52.67588391219024
-54.730300637007
-54.89698401008087
-53.72458341573582
-53.27676623712659
-52.487681306894046
-54.65841363855514
-53.63345764252168
-52.623925300260005
-52.85635224700823
-52.94513144076469
-52.36100808653595
-53.99199478509286
-55.23301025749251
-53.852934021134985
-53.325791805912445
-52.50640740785245
-53.4294983951447
-53.78208777758164
-52.68069696010042
-53.496071080219416
-53.18948229180794
-53.07237579520441
-52.684321564962175
-52.26138757858103
-53.335909148280706
-53.746339866261096
-53.90311045050258
-53.344957496496754
-53.13176203898769
-53.05032862046631
-52.40118983366134
-52.153240880517714
-53.294600785391594
-53.73056147565707
-53.27904965282972
-53.1065874828321
-52.42267880691667
-54.6335848929175
-55.47807587183581
-53.946540756340255
-52.74351240843505
-52.283996468964894
-52.72651098720953
-52.895536492663695
-52.894589035931496
-52.34170260576283
-52.130518781357
-52.04985373830816
-53.255110411067264
-52.47940951739384
-52.183118141114264
-53.30601288344874
-52.49885253173216
-52.19054471174775
-52.07278160351109
-52.02780009878552
-52.01061869284546
-53.24012395725066
-53.70975317890652
-53.8891355794689
-52.721585582000394
-52.275621166532275
-53.341345895096225
-52.667835683673175
-53.7484165187564
-52.25509053226313
-52.097435913116215
-52.03721720708551
-52.01421570814032
-53.24149789483524
-53.09224398761551
-52.417200079261406
-52.159356250168706
-52.06086867124471
-53.259317741065225
-53.71708455195097
-53.89193591478767
-53.34068920366216
-52.512097707448916
-52.19560391868458
-53.31078202610463
-53.73674215962931
-53.28141046403339
-52.48945524372098
-52.186955267129555
-53.30747853516746
-53.73548033837284
-53.28092849120115
-52.48927114648072
-53.422952925740795
-53.16155364199177
-52.44367401148463
-52.169468392462115
-52.68276515465162
-52.26079308274284
-53.27411717548765
-52.0996140935769
-54.34077142163596
-54.130163100670316
-52.8136499028752
-55.153151774739264
-55.05849877251303
-55.02234454279983
-53.772466878386666
-52.67702210361028
-54.11270139869386
-54.6610820924713
-53.63447690122024
-53.24234861118942
-52.47453494359813
-54.035358185854655
-54.631539613965835
-54.859260656042856
-54.946242354162735
-53.743398428945554
-54.52002091017372
-54.8166643015756
-54.92997199455308
-54.973251682083635
-53.135681085448155
-53.051825563010716
-53.019795603583994
-52.38952725899137
-52.14878617339012
-53.91093322742868
-54.58401350889591
-53.60503932175925
-52.61307046763196
-53.471411787027996
-53.18006327994737
-52.45074406406421
-54.026270878494955
-54.62806857142065
-54.85793483576699
-53.09163396963064
-54.271069039374616
-54.72157314849321
-53.65758242860524
-52.63314014857261
-52.24183801711258
-52.092373902765125
-53.27135166868259
-52.485613125782855
-54.03958967491566
-54.63315589896412
-55.65468209946533
-54.01399833266983
-52.76927890979426
-52.29383839671294
-53.34830425784436
-54.36910836557003
-54.75902083886572
-53.671886173527355
-52.63860369296644
-54.09802687162166
-53.41940894439876
-54.3962679390744
-53.533326895324656
-52.58567875814967
-54.07781134537403
-54.647755277972415
-53.011352522293535
-52.3863022889082
-52.14755434443105
-53.91046271063464
-54.58383378747286
-53.604970674284154
-52.61304424662971
-54.08826403185466
-54.65174784893427
-53.63091153744836
-52.62295277466093
-54.09204875278411
-54.65319348369139
-54.86753169829006
-53.713333633678985
-53.272469202746905
-52.486039985811836
-54.03975272093829
-54.63321817700303
-53.623833832571016
-52.620249331960125
-54.09101612955904
-54.65279905671699
-53.63131306309212
-54.47720811005917
-54.8003112670854
-53.069623724947334
-54.2626618740063
-53.48229391957177
-52.56618589595911
-54.07036573455525
-54.64491130770665
-54.2463341998148
-53.47605730298785
-54.41790568664854
-54.777659756957775
-53.67900560672499
-53.2593570632172
-52.48103159417672
-54.037839685562645
-54.632487462511214
-54.859622701971006
-53.092278677152116
-54.889349284484915
-53.72166721005294
-53.27565234567391
-54.341357804468586
-53.51235309023206
-52.57766747747771
-52.22064934220107
-52.0842805491255
-54.504328260175015
-53.57460226514986
-53.83751252402446
-52.701867329423735
-54.12219143049643
-53.42863898456577
-52.54569153445099
-54.06253758503688
-53.405853243159854
-52.5369881556928
-52.20511122391853
-53.93244748231247
-53.97419723426899
-53.372110231744614
-52.52409947221495
-54.054290151149914
-54.0207369924849
-54.00792082630478
-52.76695750892965
-53.52901967798397
-53.20206753627235
-53.07718293083309
-52.411447267477016
-54.01126083784764
-52.76823327981621
-52.29343900160098
-53.34815170248653
-53.13298211710872
-53.668828637589506
-52.637435818160014
-53.479546794390316
-55.03727254251073
-53.77816886689218
-53.91526804691571
-55.20370325135475
-54.45977372964876
-52.93954996009173
-52.358876150626436
-52.13707849178757
-53.288427302236066
-53.728203414920635
-52.66011496502605
-53.48820945765729
-54.42254739669572
-53.54336475493008
-52.58951287934464
-52.84320787185373
-53.558144724966446
-52.595158325545825
-52.22733025167103
-53.32290040696705
-53.74137096923013
-53.901212500723354
-53.344232544190035
-53.74951912059664
-53.286290828849985
-53.10935336595332
-53.659803257759854
-53.87005640732625
-53.332331975469
-53.74497350783066
-53.90258854802297
-53.344758147488356
-54.98578786069179
-53.758503468337324
-53.28972254432018
-52.492630175873316
-52.18816798329977
-53.925975740275675
-52.73565727127757
-52.28099607355703
-52.10733094939352
-52.04099677462353
-53.869761340726754
-52.27279450319438
-52.10419822827611
-52.714185281307046
-52.03980018163396
-52.71401070074267
-53.86930428287544
-52.27272781935257
-52.10417275731504
-53.893892418842235
-52.723402532961984
-53.04981491716831
-52.40099361646164
-52.15316593221661
-53.91260614643787
-52.11251655209741
-51.424943509854366
-51.78034796621559
-51.916100388792394
-53.82205516641128
-52.07792915544187
-51.41173229991433
-53.62940369930069
-54.47647879798773
-53.57570353459038
-51.27114344350128
-51.70986275091304
-51.36579721652039
-50.52168811497079
-53.28943707214145
-54.34662310145357
-52.278296277219674
-50.87023174145556
-53.422568890896486
-54.3974749312339
-51.679685959055746
-50.64158294593333
-50.24506287874424
-51.216094079652926
-51.975799611325606
-50.13665430781766
-52.25683907856128
-51.480069809621305
-51.183370350302646
-51.07004124128664
-52.30885494959525
-51.499938104401856
-52.427027341110104
-53.002511181845996
-51.76489120861345
-51.29216244399435
-54.175335306220525
-52.21287016129869
-52.08130916642543
-52.03105733797759
-52.011862847507345
-53.240599182044235
-51.85583273237568
-51.94493300383271
-51.97896627912245
-51.373931844784764
-52.99693122148152
-52.38079384215999
-52.145450304998455
-52.67359106158526
-52.87532287975734
-52.33434358893687
-53.36377586455305
-53.756984004722284
-53.9071761496138
-52.72847646661931
-52.27825325024415
-53.96038525036282
-54.60290250084431
-54.84832225217011
-54.94206425566602
-52.50573455982836
-54.047275378818654
-54.63609157662759
-54.86099935106413
-53.092804510315105
-51.79938019113129
-51.30533606307877
-52.970729964354696
-53.60685382998531
-55.085899503101025
-54.41477670181797
-54.15843060235289
-52.206413138990996
-52.6968767921199
-54.73831920361839
-55.51808081873526
-54.5798552750876
-54.221485006527544
-54.70263373324492
-54.26838220445733
-54.10251288012708
-54.0391564359239
-54.01495642764462
-53.9120121696358
-54.58442562814713
-54.84126471480559
-53.79650094650439
-53.92227027824311
-53.97030988822494
-52.65895188803318
-53.48776520177755
-52.56827573979968
-51.599028028871594
-51.22880834681509
-53.55953296657327
-54.44979055290472
-54.171804703391
-53.447589568518374
-51.93489602466433
-53.8292344604742
-53.93477336800836
-52.12098367730119
-54.518347607644685
-54.19799116813307
-54.07562589675454
-52.174784555880855
-51.448727770888034
-53.02550072303294
-54.245808386960675
-54.09389044909919
-54.65389694908679
-53.6317324206614
-54.4773682903972
-54.8003724505302
-53.6876810836936
-52.0266028230508
-52.67764337832605
-53.49490471576904
-54.425104757730956
-52.79151211704243
-52.92036471495272
-52.35154803906583
-53.98838136849446
-53.99556207766764
-53.380270875758576
-52.52721656085819
-51.58334481806611
-53.69495384833971
-53.88348273820312
-53.33746037751977
-53.341030873049405
-53.74829619104172
-53.285823711325854
-51.87310696543605
-53.80563313998187
-54.543792454509564
-54.20771023479692
-52.22523628363152
-51.46799861609763
-52.41482754216117
-51.54041603288609
-51.20642055649711
-53.55098159160481
-53.21045624081752
-53.08038713084776
-51.79463717422597
-53.775660346829724
-53.296275888763425
-51.87709934196076
-53.80715809211842
-53.30830695689472
-53.117762778565734
-53.04498137880248
-53.53442673972308
-53.20413285007742
-53.07797181050919
-51.793714603950356
-53.77530795634146
-53.296141287574216
-53.113115906381196
-51.80713845406957
-53.78043541082711
-53.29809980091197
-53.113863991908794
-53.027631659041155
-53.01055435458817
-51.76796342722358
-53.76547188208213
-54.52845221902281
-53.58381679748651
-53.222998173436736
-53.08517772282369
-51.79646701753454
-53.77635928477952
-54.532610836804004
-54.8214732256325
-53.69574086259371
-52.02968138464884
-51.3933032913528
-53.62236444440914
-53.23772206437485
-53.0908017487154
-53.3050438640993
-53.11651638802633
-53.54486355691315
-54.44418733700945
-53.551630476615415
-51.97463611533699
-53.378265470349504
-51.11091627836047
-53.51450220342763
-54.432590331922434
-54.78326879233967
-53.68114806759677
-52.02410743295086
-53.385483238316404
-54.38330947244328
-53.52837720151365
-53.20182213209766
-51.84102121727955
-53.79337747474056
-54.539111206942124
-53.58788816858602
-51.98848532131614
-51.3775677953624
-53.616354019770654
-54.47149426394955
-53.56206079457822
-51.137731654777944
-51.670642799548304
-53.72829871011665
-53.27818535330185
-53.10625734978891
-51.80451871856509
-50.689264817156456
-53.353445676653756
-53.13500423530503
-54.28763500676112
-54.72790078497834
-53.6599993706741
-53.62415665545822
-53.23840662808058
-51.41653819352879
-53.63123938731509
-53.24111199091671
-52.85483787788942
-52.94455300323282
-53.51977443719473
-53.19853616852504
-54.311902045880174
-53.501101991615705
-53.191403928966935
-50.7958848341324
-53.39417089925748
-53.15055988614025
-53.05750875916326
-53.53625445988576
-53.20483097705765
-53.07823847128717
-53.30321090662506
-53.733850249320994
-53.634931353443534
-54.478590173992245
-53.564771191033415
-53.21572339910801
-51.84633102879081
-53.795405642264
-53.30381792050141
-53.116048119240226
-53.04432643721927
-54.25299916991736
-54.714671072532816
-54.89101404768109
-52.48623511551087
-51.56769129885153
-53.68897473604329
-53.26316493177855
-53.10052005929236
-53.54252972400364
-54.443295892162084
-54.7873579524826
-53.78863605587562
-53.30123216859083
-53.11506044989686
-53.04394918109975
-53.01678709340238
-52.82210931642084
-52.932051805154714
-52.9740460990433
-51.7540185144754
-51.288009444382894
-51.11000981867329
-53.514155966636565
-53.814424092486504
-52.07501434457327
-53.882754896232875
-53.33718236662557
-53.12879220364384
-53.04919424430595
-54.15307537726638
-52.822401613775256
-53.26588481215321
-52.483524972400254
-52.184690105047544
-52.77599399846548
-52.91443732109777
-52.96731796482784
-51.13341460713607
-50.43292585658037
-53.25553290635451
-54.33367286248317
-54.127451692345105
-52.70215095438471
-51.03212982184199
-53.0046876778315
-54.23785851110311
-53.47281987797805
-53.180601122831035
-53.55421339371457
-54.44775865687833
-54.789062576920415
-53.68336109638312
-53.29543662243431
-52.494812759498544
-52.189001656061315
-53.92629417493509
-52.73577890249427
-52.281042532547715
-53.21728808729904
-52.88580387094398
-54.31906464149757
-53.51120305430925
-52.57722820284348
-52.22048155422119
-51.4661824710702
-53.65020181398898
-52.63032100464706
-52.240761199952196
-50.85589461770974
-53.417092596926494
-54.39538317306975
-52.91495495603307
-52.96751568377936
-52.36955810655512
-50.90509065838621
-53.2222208911738
-50.34571386860351
-52.466846838668204
-52.741874114574976
-51.047302718894116
-50.40003404210738
-53.09280603392529
-54.27151672809818
-54.72174415036923
-54.89371572300953
-53.105301052409665
-53.54322726149883
-52.58946036152713
-52.086001107720556
-52.225153823082564
-50.79678152257932
-53.39451340376689
-52.53265672247164
-50.967388786148256
-50.36950963597313
-52.8878496499958
-50.18526360820113
-51.30683237895418
-50.49916555116161
