-55.78844663148717
-58.38600408764073
-54.16777341740805
-53.55234185671583
-53.829009804606116
-58.14417767477985
-55.58293501634739
-56.77196676893645
-55.0587970900485
-56.07746208732558
-54.79351990701907
-56.038758667922764
-54.778736516288035
-53.061382903441555
-56.40407727366454
-54.918275806958675
-54.35075014721148
-55.974159430562736
-58.30118159672517
-55.642905178163474
-52.77343197151556
-53.531492702632896
-58.889073234012045
-54.01335783565555
-53.38706825045439
-52.529812926957725
-52.82040451916868
-56.93122489997185
-56.822781578132386
-54.46017263127961
-56.46225991083594
-56.17656757430283
-52.977272868323084
-52.991319008166215
-57.399662852392964
-54.0624876818239
-55.93210250365867
-54.11996349789895
-52.19172001253839
-52.691264517216005
-56.96811171760929
-56.08638554222169
-54.796928363492306
-57.893357921270024
-56.72708691664625
-58.41103223650132
-55.06683040012214
-57.16880407521931
-54.592341464294705
-53.6082203176648
-52.43127396509944
-56.166247584761614
-53.59136497183178
-52.60784733073372
-52.232177020369384
-55.66506377700022
-56.16591520488016
-53.59123801401424
-56.48138209246965
-54.32976963149818
-53.50792680202488
-55.61512518420136
-53.99888893552909
-53.38154162238591
-55.83275381249665
-56.8084148400885
-54.454685025654314
-53.55564023687444
-56.09422243552897
-52.945819824119795
-52.97930501433021
-57.2462042372785
-58.1646435243846
-54.97271828653787
-52.51744335772922
-56.70668357471617
-56.643879758439454
-57.186805221619
-54.599217290382924
-52.99281266077987
-52.99725468070658
-52.998951381339886
-51.14549749706339
-52.291643076099966
-56.61802546283135
-54.381962754639005
-52.29179482358588
-52.72948969361842
-55.883518751936684
-52.865338178542345
-52.948563761190144
-56.98087231914273
-54.52055792103891
-55.76286607337989
-54.055320933667154
-53.40309672762158
-53.15396924919759
-53.05881101997117
-57.931288098301586
-54.883584445233375
-53.71946523739854
-57.0279542372351
-56.27458829949602
-53.63274744249486
-55.779234303967705
-54.061573041416004
-52.78745083153042
-52.918813441925145
-56.147208692056665
-56.61822521121971
-54.38203905173416
-56.83282638646048
-57.190391439737226
-53.98255311506312
-57.01061015128907
-57.452397718958245
-57.51685365641651
-58.144291639705095
-53.111421985918525
-53.04255941152687
-51.5898014694606
-52.46135209221911
-56.40670390186705
-57.68016567288611
-52.738555059300644
-55.50287535971484
-55.90618425620136
-52.8739956307993
-52.95187061369632
-56.77006565716932
-56.709098817737335
-54.416749680743614
-53.5411502244935
-57.47407438246367
-56.575744329001054
-54.36581279859872
-53.52169406679509
-55.38106582356166
-57.12448046188436
-56.76080724087726
-54.4365005408784
-56.368636255642166
-57.26856504611486
-57.63593086465991
-54.7707680208054
-53.058339209006384
-53.02228359496365
-52.39047758713468
-52.767183155190295
-55.97918809761474
-54.13794859440969
-52.81662369686444
-52.92995648493352
-56.62097039512116
-54.38308761867915
-53.52829246091628
-57.416470370038496
-54.06890758229798
-52.790252376855456
-56.83665581794551
-57.66308610126086
-54.78114039821441
-59.00598398865121
-54.05801377027731
-52.786091310930615
-56.21801473785889
-56.48265764032958
-53.7122228586765
-58.16932761580773
-56.76735035245398
-53.82096579835863
-56.7509669020031
-57.796482290660975
-53.227661380126065
-56.41504267889132
-54.30443023030499
-52.88021402327376
-52.33621183951629
-53.364489472774885
-52.52118860130858
-52.817110319900756
-52.31210836964379
-56.00296352494363
-56.92341804620919
-55.1166463303271
-53.775457498435586
-52.67816441882153
-57.43833639401117
-54.07725966025673
-53.41147657550891
-51.9211020887702
-52.58789766830148
-56.57106468634758
-57.830198220485926
-54.364025334160296
-57.42607597298896
-53.45454260739273
-57.877846366419604
-54.863171520072115
-58.701396543813274
-57.22694417411974
-53.99651501721549
-56.686409244111246
-53.75517109558846
-56.26923162923817
-52.386804522830715
-53.38381415821894
-57.395391269755365
-58.362638493816405
-55.048345635259324
-57.63824313937106
-52.66675767735961
-53.86121065661491
-53.88583435371964
-53.9563926034685
-56.77072540658572
-55.676356920572765
-56.72986875107131
-53.45401057317857
-53.17341660770239
-54.3023072274284
-56.58760704083248
-60.334954306871516
-58.273839194297075
-59.838326476260555
-57.46611025401292
-58.99099024331829
-57.760490601678164
-56.672447572966306
-53.61293573511259
-53.23412061789361
-53.15081450985956
-55.23678528169711
-58.13787206826652
-56.198560477728876
-60.22246508827654
-55.75873618116213
-55.707445869464465
-53.41611831068502
-53.03855829052597
-52.06135366877336
-52.02343501613692
-50.77288340213761
-56.95873351618403
-53.89406766202902
-56.28949636517652
-53.020407828128405
-53.007795096708485
-57.34053082802835
-57.91694036198681
-56.11249355962797
-56.0619971412163
-52.93351085698983
-52.974603407252964
-53.608333353518965
-54.16353805211417
-57.66421615638863
-57.03701549774324
-56.366080263336926
-54.28572825173451
-52.255036514366815
-58.17497674097518
-54.97666522406236
-57.15564915331943
-54.5873167312483
-52.98826705167557
-52.37748442377842
-57.012501762696225
-57.924809656342745
-54.88110990059924
-56.99580978576147
-53.290195548081655
-53.110844835983286
-51.80627098236842
-53.16207007737165
-51.989203851869654
-51.99587623836179
-53.2344928407155
-56.9916395718845
-58.01193584747306
-54.9143891443007
-52.49516360792925
-52.807169656986844
-52.926345363031274
-57.65488539328462
-54.15997401774941
-53.4430706487135
-53.16923792839109
-52.17058951473855
-52.44660914770988
-52.68319338525567
-56.821036121575816
-52.605403959951204
-55.955584831127645
-53.51089896010725
-51.959078060444206
-52.60240319872515
-52.84813153573124
-56.22706628467073
-56.72004622071161
-53.80289722784135
-52.68864546281243
-55.49559364772194
-53.95323195132145
-53.36410220624241
-55.21217544722166
-52.608907854260885
-52.23258210431089
-52.893374557684155
-52.95927270510084
-51.130341591368676
-52.90388802400477
-57.61716705792876
-52.29146492939285
-52.729363685249375
-50.42449017135569
-51.3982087950674
-50.53406823634671
-52.05809788022242
-52.64022540432054
-51.626510355239404
-56.048834156449225
-53.546517032952096
-53.208750931156956
-56.04361196789577
-52.92648834567044
-52.97192104661534
-52.989274794175586
-55.15748886480539
-53.206053427256336
-55.80715042988085
-57.42271334565739
-57.23020812986314
-55.92213073349869
-53.49812063187594
-52.36447088826179
-54.272056804652735
-56.96267822661418
-53.27754041858767
-55.81758024135481
-53.45818589741751
-51.938943462147826
-51.97667847777586
-51.99109197117976
-56.01185595360696
-55.98044352406728
-55.97586051236212
-52.900609592443864
-52.34400225371937
-56.71111328354357
-53.79948514946252
-52.687342164844
-52.26254134506947
-52.10028187036443
-55.409752556453505
-53.92044357208829
-52.115510182311574
-52.66215495234622
-53.89100259702854
-53.340332708000474
-56.062809490414615
-56.22394552239993
-56.01138697513312
-55.74430712353029
-52.812164068120325
-56.22181870186731
-52.99455726102346
-53.61595504745275
-55.40003077205946
-57.665328146547424
-57.36331538808015
-54.66663817461118
-56.02024687264562
-54.153631650935054
-53.56557613836667
-51.979962884130366
-51.374312514024425
-52.3790426354427
-55.45042320396516
-57.134599567311305
-55.526215620962574
-55.29155556567472
-53.25726235022886
-54.96051974480332
-51.894749940649916
-52.57783204339611
-54.86139219896605
-55.19455913561427
-51.984145033233375
-51.99394394158565
-55.248340027981286
-53.85878947242196
-51.47392642303491
-52.417091762932465
-55.31007646310151
-55.73215724252592
-54.043591204035714
-55.311311555954674
-55.496269462644904
-53.953490089651915
-53.36420080631085
-55.684325787777354
-52.17121924780343
-52.68343392188261
-56.96696924914705
-55.50175868714547
-53.33755279808936
-52.51089970712261
-56.08769488020923
-55.99150827434028
-53.52462049442155
-57.325764693597435
-56.64427618075883
-54.39198963665822
-52.91365874046593
-52.96702057348946
-57.480479939013904
-56.66684883085628
-57.16617564072789
-54.59133749165618
-57.86336261731212
-57.10467667202716
-56.1398839181264
-54.19932893599509
-56.33403338482828
-54.89152142212744
-53.10446290405425
-53.0399012787852
-56.54684118061573
-53.73673878954751
-53.28140917677669
-51.87142076328278
-51.33285311307164
-51.12713857593216
-55.50384084073832
-53.956382098741926
-52.25994847016568
-52.09929148027975
-58.11388388453589
-54.33529584062247
-58.328662080520814
-57.64469890381396
-53.538049136247764
-52.587482493679225
-57.70339573601727
-57.08133781858107
-53.94089833837772
-53.35939118530199
-57.06559008477918
-56.98828322815059
-54.523388636392376
-53.581882681026535
-57.960437882905765
-54.89471867218743
-56.671557357528684
-54.40241011893121
-53.53567299926494
-52.58657489011372
-52.8420856598261
-52.32164810061469
-56.29615142043542
-54.25901781054009
-57.19684384051085
-57.38939890428429
-57.41749230947751
-56.80355709330665
-54.452829531492384
-52.93689751242061
-52.97589699451934
-55.91946909263985
-53.49710397553371
-52.571842833961284
-52.21842452635015
-56.28109130391354
-56.49186038729267
-57.17833347242185
-53.359913392633985
-51.901406705480106
-51.34430672380633
-55.91749125775647
-53.496348509832394
-56.46753790038598
-56.66496061286775
-53.78185639793594
-52.680608580940074
-52.259969344884276
-52.09929945371275
-56.263711190045385
-53.62859275638407
-52.62206707910684
-52.237608480936444
-52.708792352452384
-52.270734587670816
-56.28872323900559
-57.49297387161631
-54.716163308392225
-53.65551605356036
-56.490760132052756
-53.09728374637129
-53.037159084560905
-53.01419350731143
-52.3873874486235
-52.76600282730897
-56.597049878847564
-54.37395079449108
-52.28873452712588
-52.72832076438635
-56.9735181512096
-57.82895208032888
-53.60842758714133
-53.232398658594896
-58.23275787335047
-54.998735652721265
-56.06869924171532
-54.172138809084224
-55.71203241002467
-52.799836224538346
-52.92354424109015
-55.29379694010322
-53.87615246782892
-53.33466046338355
-55.353777988578685
-53.899063189665696
-56.672191214086354
-56.69481912893713
-54.4112953249707
-52.30299886847519
-52.73376925795466
-52.280274916638895
-52.72508948071191
-53.792706825776065
-53.30278706433241
-53.11565436722118
-56.32182542976926
-56.224585839006544
-54.231682190858905
-53.470460733570164
-51.32559804360191
-55.296727709350684
-54.49530591081817
-54.18919002310382
-55.71452014862318
-54.03685443362764
-57.04152067968341
-53.30765555590369
-53.735547954277365
-57.120470617754556
-56.37825620125297
-53.05431106867374
-51.78467700476825
-53.771855900630584
-56.125767875737004
-56.233131027026566
-54.234946162242295
-54.08974144845021
-58.026248718371214
-57.364509411396725
-55.285128239684646
-53.254807330157426
-53.71536172828741
-55.40932155457441
-55.061335385299486
-54.40539404372144
-56.50999591262042
-55.58098520962023
-52.74978064811437
-54.14049268972245
-56.325449292183855
-56.88029814181253
-56.96124949800198
-58.76679752977793
-58.47255402687709
-53.66755973789721
-57.34661924816629
-54.042226827895114
-56.48826516801842
-54.34531738772109
-53.342177195388935
-57.91718056374755
-58.58466455959215
-57.44598118464589
-58.51591749667684
-55.72492699334021
-57.02875109668781
-58.455044447222285
-55.08364156869753
-53.303626479173715
-57.293522101302194
-57.25760603868983
-54.626260796072714
-53.00314236077842
-53.001200275012444
-57.24939871276049
-58.72712744515083
-57.466766239531296
-53.09700002018355
-53.77436264709573
-57.59826956011696
-57.156170059971
-53.13424108468212
-53.051275531661915
-56.0206366167454
-54.15378051993425
-57.700512589643076
-54.79543604469687
-52.44972756694774
-52.78981463364614
-55.982489985822305
-52.90314182597814
-52.344969480862005
-51.51373262785798
-51.814262391461845
-51.929054546527546
-56.09297475908075
-53.56337724287343
-56.331419226991116
-53.65445492518581
-56.344707281759035
-56.73720981087522
-53.80945313591487
-52.6911495968694
-56.20416292845647
-53.60584734442808
-56.33761553130112
-56.73617513842756
-53.80905792620709
-52.69099864019371
-56.2041409041743
-56.7167014527742
-53.18358565142384
-52.45208949024722
-56.78731851770205
-54.44662694754031
-57.07831761096246
-56.84424211544492
-54.46836982711616
-57.081489854340646
-54.55899039962027
-53.29353067979228
-53.11211874293979
-55.557377566638316
-54.59486529713923
-55.77370737344607
-54.059461941810206
-56.69559307664024
-53.79355695793788
-52.06704380842351
-51.40757446733265
-52.39174757107423
-55.26761242382661
-56.48989384519083
-54.33302083173383
-55.49943680329523
-53.95469990612639
-53.36466291508395
-55.12208730978967
-53.81056522524483
-52.07354038844502
-52.646123917590025
-57.986256070075534
-57.50457259639624
-56.81626193594651
-54.45768234955909
-52.93875112398087
-55.67798160566655
-52.78682997461782
-52.918576295686684
-55.43897016038739
-55.80669066952358
-55.24230638002632
-53.23845083522942
-51.85501213691205
-55.13790020710455
-53.19857122580861
-56.56999081390171
-53.127547173885766
-51.81265070775558
-51.310404949380974
-52.35463211788713
-52.75349140428042
-55.7411225205786
-55.704876071018184
-54.03317072377267
-52.15856812280004
-51.44253364462745
-52.40510078858211
-54.60012307102168
-55.538406494817636
-53.35155101500696
-58.072213736589894
-54.31937926042334
-56.82119727115876
-53.841533491114404
-56.60806965418463
-57.24776981817551
-53.386435716657296
-51.911537331796374
-51.96621026748172
-51.98709347064879
-52.61310413321453
-51.61615095149501
-57.75552667231146
-58.651249518433005
-57.3097977654678
-54.028162273020456
-55.709773362184876
-57.498676166697656
-54.100307402549525
-52.18421205220102
-56.27609977120545
-56.72720010998495
-53.80562977039201
-52.68968920119108
-51.645403844431335
-51.86455632085281
-57.82216209244078
-54.841902020051066
-53.08550997896252
-55.69939343404383
-53.41304255404655
-55.83734973648723
-53.46573717261767
-53.79592975886557
-53.30401811522914
-58.61981716148189
-50.54941044264806
-55.56544947580025
-52.12581253708541
-53.284124090455556
-52.49049175678148
-55.70275138913147
-54.03235916750723
-54.012360102140114
-56.007207477520396
-54.14865104518996
-53.43784752132023
-57.22293474368981
-55.849085517316475
-58.28293355870909
-60.43640107864417
-60.16669037931496
-59.445636070550805
-61.98800310020853
-63.358929450907226
-59.42889491818386
-57.309721314894446
-56.253882061342246
-55.0449485680755
-54.18432005991897
-58.77736833225141
-55.02887092944989
-53.20583833559044
-57.42515303717961
-54.07222406603289
-54.027587138418845
-56.69094260549927
-57.93362289757414
-54.88447625919858
-54.31166938506887
-56.43399503211296
-53.501013123093635
-52.57333599546214
-55.86073623441284
-54.09270400869732
-56.70044302883687
-57.08090702440921
-56.5183819845261
-54.96193632143356
-54.36742697977458
-57.122490581393194
-56.90641495497652
-57.49323187418062
-54.71626185660261
-57.26355484777541
-57.63519988657349
-57.071388178237285
-56.98912915858563
-56.97712772936023
-54.28239082078811
-53.48982970668018
-56.702654797323454
-53.79625429521981
-53.30414207708588
-53.116171936037816
-57.03010487454131
-57.365072016999775
-54.66730914715286
-54.25488941320869
-56.106071571708185
-54.80444775765262
-53.071203723749875
-55.93337415703776
-56.82309515051233
-55.07832639402071
-56.31637935187543
-53.64871020407817
-53.86581923785887
-52.71267953199867
-53.508287335636915
-56.46927975159615
-54.94318093737783
-54.36026306053735
-56.59358133466211
-53.75459193975382
-53.90626246209914
-57.97851494853984
-55.51965748559268
-54.5804575082382
-56.62570727162441
-56.924105190630755
-53.88084081864117
-53.954485242792536
-56.298311171413864
-53.64180877325672
-53.86318312585609
-52.711672626811755
-56.73502124317208
-56.70398590664121
-58.04425678870527
-55.544768634052915
-57.97965582420794
-55.52009326132096
-53.34455598225514
-53.749642662944254
-52.66830402907783
-56.34672783878608
-54.8963702720707
-56.6717983227042
-58.40296573935636
-57.41947168403873
-55.30612195973495
-53.262826217666344
-53.71842467076386
-57.44018306219833
-54.695999013488176
-53.64781397826619
-52.62940893256051
-52.85844680816522
-59.19063201472154
-54.02377917556987
-52.154980870593555
-52.67723141371059
-51.640645393038405
-53.09880673165432
-53.65577480192456
-57.72686586043012
-55.423536087172685
-56.74871077858796
-57.178119137940925
-55.21393349039692
-56.9541981493492
-53.89233530604957
-53.95887574629929
-58.00715566974204
-57.361723773143424
-55.284064220552246
-58.20049806248413
-59.78013039531196
-53.11180098239225
-54.77325622209079
-53.67732360607645
-52.626684227339645
-51.62133808588038
-56.048079532519715
-54.16426278100964
-56.183019268014405
-54.21580517353569
-52.22832827509288
-52.70524762924274
-55.97015182615969
-55.37056502334522
-56.97705038202966
-53.90106408221468
-54.58024383086407
-56.861744074015455
-53.85702099167052
-53.94538687849589
-58.00518767045201
-55.529845558790655
-57.000289098965844
-53.909940482229366
-53.96560032522204
-56.77206879508488
-53.82276808306967
-53.932303431623914
-53.97414221180207
-52.754055226282496
-52.28802346704542
-52.72804916360366
-56.59151251393934
-57.155184220219724
-55.2051731313566
-57.57095401894017
-54.12791508547232
-54.04885921497658
-54.01866255945742
-57.39784445947611
-57.2728264656236
-54.01404049308824
-54.0053629911409
-54.00204848033446
-56.77738650924961
-57.182302870660806
-55.215531534096066
-56.718363323282965
-56.274390373222765
-53.63267184138575
-53.859693128434266
-53.946407543917054
-56.533200628530494
-54.34956255102616
-54.13352101329787
-56.560500115801354
-54.97802401603808
-54.37357193231287
-56.5955230728856
-56.91970137538443
-57.58503234105342
-54.13329252601501
-52.814845236991616
-52.311243184959835
-53.354952295387676
-52.51754572370341
-53.43375285322233
-56.45840531716526
-53.70295929553387
-52.65047256943636
-53.484526390275
-53.80310660138865
-56.51229330278103
-54.959610651953625
-53.13047067558005
-53.66786935228631
-53.87313738127889
-57.758578633368806
-54.19958131105796
-56.570138183353514
-54.981705430257136
-56.56631137606054
-59.036584450074244
-57.0397794530803
-55.16109243277311
-56.47435278794102
-56.665954891562265
-55.018304156102744
-53.15288959924618
-53.67643261913558
-56.02167586284341
-53.53614348787112
-53.822822578269744
-56.27910184754166
-54.870539441938234
-53.09644850077325
-53.65487403788131
-57.63826763056059
-55.3896945747056
-58.297251764321096
-57.16798024544137
-55.21006077807037
-58.051173138435225
-55.547410444571675
-53.354990217780006
-52.51756020876834
-53.433758386024806
-53.78371494930607
-52.68131848439362
-53.49630848137459
-52.57153898223036
-53.45437644281626
-56.461414258335886
-56.90013516303304
-55.1077530603099
-53.18705604039688
-53.68948303838053
-57.73178382585023
-54.18934660530788
-54.0723239675732
-57.78763956465858
-56.85756085003564
-55.09149111979257
-53.18084453184229
-53.687110453234084
-56.49536969284267
-54.953146408169516
-53.12800155416608
-56.17772882631656
-56.62267803879803
-55.00177386927293
-53.14657559152098
-53.67402088278979
-53.875487056848385
-56.52285346891456
-56.909099023051645
-55.111176950166616
-57.93920617217462
-58.20326319858325
-55.6055036781972
-56.775259492324714
-53.82398682096748
-56.51533968576186
-54.96077426670955
-54.36698311436679
-56.35849379980274
-54.900864469268754
-56.67245401723868
-53.78471862371419
-53.917769831403675
-56.52902244258368
-53.7299326372559
-53.8968434466838
-57.14400331294945
-55.20090240480442
-57.33426295083373
-55.273575119788966
-53.86842841978327
-53.94974412831074
-56.53368742963297
-56.91067967661819
-55.1117807061046
-53.18859446419581
-53.69007066398262
-53.88161752775205
-52.718713941773736
-56.35408254592994
-58.12054365473375
-57.142198879704836
-55.20021317263541
-57.95219638196537
-57.1176373436207
-55.19083150066717
-56.714759636972126
-53.80087793253723
-53.923942138139374
-57.765990947499915
-57.708504325608466
-55.41652260495643
-53.30499551176103
-56.43961987421513
-53.69578389482065
-53.883799787746604
-52.71954749091937
-53.51091066251128
-56.469662489829
-53.707259152874194
-53.88818294629338
-57.76077375172109
-58.19331950059715
-55.601705523540375
-56.77470534902841
-55.05984313456271
-53.16875607715994
-56.419742808587586
-54.92425950884733
-54.3530357179544
-52.89877966751607
-53.579371262093595
-52.60326614126493
-53.466495139201
-57.95400755558994
-58.3539695677911
-57.17625526144627
-53.977153575427
-53.991273442334524
-56.53974647489204
-54.97009683060103
-59.891902372223385
-57.40063663365306
-57.037165860846116
-55.16009412937238
-53.207048549771244
-53.07908550869124
-53.64824196505238
-57.96413595905835
-55.51416520033463
-54.57835964194553
-52.984845748002186
-53.61224557956081
-52.61582301318046
-53.47129143748035
-56.463882122798275
-56.900495219605666
-53.87182261218298
-56.52231883364309
-56.90902102081676
-55.11114715596408
-56.70313384775926
-56.93540157584885
-55.12122363134426
-56.70460398570436
-56.317582077334485
-54.885237581824185
-54.78384776712424
-53.06333522753596
-53.642225892983426
-56.48882112375635
-56.904133770809146
-55.1092803925727
-58.66359082879179
-55.78133318697617
-53.44434075463693
-53.78775705443442
-57.128087822811345
-56.997401525243326
-55.14490550471218
-54.4373149888932
-58.00810949154819
-55.53096159514035
-56.764383948975066
-55.05590071055382
-53.167250205186605
-53.681917882505786
-56.494612106983304
-54.95285703612063
-54.363959001378596
-56.594120565163706
-54.99086588497745
-54.87990417445848
-56.30361903557522
-53.10002551030043
-53.656240333942606
-57.58103574688588
-56.68151972550698
-54.40621540489048
-53.53712648916447
-57.56365727114031
-52.01335278007117
-56.10527370560338
-56.7022769229003
-54.41414394878354
-53.540154923450324
-56.328031136248164
-54.271194778428864
-53.98569631201205
-57.0110687375436
-55.15012591527942
-54.43930900829466
-56.22314797176573
-54.849166963194115
-52.47025095156694
-53.41568785775638
-53.7768126217022
-56.1264910515952
-54.19421331618697
-52.22008091946591
-53.32013140846044
-57.65405491692974
-57.692173078842465
-56.46166646621592
-56.51820594841673
-54.96186908162303
-53.74936730770246
-56.12248683424698
-54.81071783000818
-53.69163266702767
-53.264180171074834
-53.100907846196826
-53.03854336751564
-57.87288098528076
-56.724099371948185
-55.04051337135196
-56.9288964949678
-57.82244186842052
-54.84200888496609
-56.89993508071348
-54.48964264691448
-56.63087884263017
-57.16092769017168
-54.589332952914994
-52.9890371798234
-52.99581257530509
-52.99840054609187
-56.01292226031616
-55.3869018754794
-53.91171538862226
-53.96627827913728
-56.15413371847819
-58.327439491457646
-56.79041856422387
-57.80223821060717
-58.56789469627433
-55.07924515799004
-53.17616699065866
-53.06728980273582
-53.77374947241081
-56.508010155386614
-58.761035379043264
-55.200519704403895
-57.52277738762282
-55.345581227272355
-53.89593230544435
-57.143870379234144
-54.58281763989353
-54.84065051794622
-57.899736897636174
-53.63546498146526
-56.48783472005949
-54.950268304670644
-54.36297019395244
-57.21201028885437
-55.226878758128
-55.08665997427953
-56.6995612160994
-56.316846347164464
-54.88495655790579
-57.28816707299964
-55.255968061197606
-54.47973711059318
-56.61101236364945
-54.99731797786789
-53.762907581204324
-52.673370776995185
-52.87523873853113
-56.61298718350981
-58.394385309785285
-54.44243785117495
-53.55096223248947
-51.974380868793666
-52.60824835139132
-56.57403381099587
-57.152634111827766
-55.20419907662587
-56.952777917520294
-54.50982681451272
-54.19473651476777
-56.80549931460064
-54.45357139401302
-53.55521486743841
-53.21207320830221
-53.6990387462181
-58.29320468790017
-57.40345776244891
-57.037577457990395
-55.16025134549182
-53.207108600985286
-53.69714243496384
-52.64825072640643
-52.86564373300534
-52.948680472609595
-55.76960022185738
-54.67592713825017
-54.25818119289311
-55.960653802141366
-54.74890311224629
-57.88635113154286
-53.63035207378307
-53.858807056056044
-52.09196712813538
-57.49870939566062
-59.41478313207639
-57.33102587465117
-54.654304677961505
-52.395820181733555
-56.54304095872962
-54.3533212227017
-52.28085473187569
-52.107276961675275
-52.65901014190003
-57.19947384517063
-53.36798829648918
-53.14055902179669
-56.033662902402426
-54.15875611830807
-56.800249845503615
-54.45156627524084
-52.93641499146902
-54.8298146541658
-53.08089301602881
-56.64299173822906
-54.39149902326844
-53.53150533157626
-57.326769177801005
-54.652678764444545
-56.01821022214999
-54.152853719668926
-53.44035093685679
-53.23119103913291
-53.08830711905436
-57.93293185956597
-56.120280283666766
-54.19184101393454
-57.80507686672235
-57.09617289562045
-55.18263281108083
-53.21565756012225
-56.42658564273176
-56.27701974774826
-54.25171016183523
-52.86007674900753
-56.37470710155078
-54.28902341071676
-56.58318760982823
-53.75062189013699
-53.28671204933264
-56.436952352996684
-54.312798981130804
-53.501444590395735
-53.1915347900564
-57.04110016676043
-54.543562911759615
-58.01403048535609
-53.679121247278104
-52.64136724522812
-56.578865792486646
-54.36700509155557
-53.52214948218007
-52.58140936623473
-52.84011260527403
-52.93892844958735
-56.386211409623236
-54.29341766538339
-52.87600759777702
-52.95263911669757
-56.38821176899603
-56.88945506377273
-54.48563963664579
-52.949429857414756
-52.98068392434836
-56.39230345128918
-57.12612000967382
-57.85121639142546
-57.102904561552805
-54.56717008991619
-53.598605708195755
-56.7185250020638
-57.17371509249881
-56.44831927222582
-56.898224630307595
-54.48898931299551
-56.8484302192876
-57.57463401951578
-58.53468769232076
-57.43868965797799
-57.04271772227338
-54.544180762986876
-58.63209890577478
-57.21683378498637
-53.37915978038162
-56.45044029518141
-57.13460206088614
-54.57927745730314
-57.24356909326315
-57.01425001553723
-54.53330706659543
-53.58567118424905
-52.60567249740184
-52.849380296706364
-57.91961692410654
-57.11288406477845
-55.189015909707436
-53.21809568684407
-53.08330513957468
-56.40727568481177
-54.30146350255702
-52.8790808341094
-52.95381298852108
-56.38838303458695
-53.67621316355881
-53.258290444839375
-53.716692159709204
-57.96795055766677
-54.89758825859971
-54.40257003550106
-56.67197602454391
-58.242241199158265
-55.620391949603345
-54.00090066090188
-56.5411510671515
-56.911768606656764
-56.965840976943966
-54.51481645921551
-56.61613037163869
-54.381238894215194
-56.59664166755199
-56.91986457614682
-54.49725503679139
-52.95386654547744
-52.98237858839083
-52.99326921969505
-55.776105632384535
-54.06037799521087
-53.40502835324808
-56.45421446909855
-54.31939252276398
-58.00153789774262
-54.91041748091698
-53.11168055625844
-53.04265817660823
-56.637413350336836
-54.389368268696046
-52.912657467001395
-52.96663812105804
-56.39025419620668
-54.294961872449
-56.584054019718465
-56.91802806307837
-54.49655355122002
-52.95359860183179
-53.600310231775154
-57.961464815112386
-54.27707693663633
-53.48779998354648
-58.19766769065868
-56.209179214902015
-53.607763395352976
-56.247725135614154
-54.85855460443714
-54.32793867769727
-57.82493324826334
-57.09906990264468
-57.229235845247274
-54.61542434644507
-58.10294481956483
-57.37569922175719
-54.053334389414886
-53.40233793523737
-56.689889919900615
-54.40941253465641
-53.53834768406861
-53.205630517549416
-56.043156705685945
-54.16238242847987
-54.06202456850356
-55.93203493633583
-56.82289976084516
-54.46021777305901
-57.226198519433
-56.15761371672061
-56.00170929510941
-54.1465509263853
-52.81990949529661
-52.93121154825443
-56.38508552889213
-54.29298761721138
-52.25780934524222
-52.09847440726517
-56.49965879489072
-53.10068273312097
-53.03845738197197
-56.018766473909324
-54.15306618893469
-53.440432092894746
-52.55019610099965
-54.06425817635388
-53.4065104505622
-56.45443070418251
-53.70144112846659
-53.26792666996715
-56.198143625584215
-54.22158216406935
-56.33728008704892
-56.64595625402126
-54.39263136754087
-57.35314351617738
-57.51812720364518
-55.34380501504683
-53.27721986399553
-53.10588856568967
-55.93843460727771
-54.12238214626114
-53.4287118315057
-52.545719359506066
-52.82648023576239
-52.9337213477811
-55.91331574870859
-54.73082158479623
-53.661115016930204
-55.40140706604998
-53.91725587840693
-52.73232658042091
-52.8977578516057
-52.342912985646294
-52.74901509408308
-57.261547920563274
-56.54473713608988
-56.44015585206419
-54.31402260889166
-52.88387798586091
-52.95564533744096
-52.36502403771208
-52.757460764445185
-55.887599676172194
-54.10296493039459
-56.31997406588687
-53.6500832626507
-53.24830971081514
-56.813315538565675
-53.83852293715408
-53.32028726164647
-57.52945180483201
-54.73009663904127
-56.793437360331
-56.712508703274025
-54.41805214112088
-56.3659446703917
-56.65013836036925
-54.39422879002124
-56.36246889030892
-56.64963125088942
-54.39403509143597
-56.36244063006619
-54.284338035531675
-53.49057347652883
-53.187382394054815
-52.45353971688572
-52.791270745352236
-52.30223853042109
-52.733478834660936
-56.73820272602082
-56.704450078733245
-54.414974020448874
-52.92243799386349
-52.97037394989148
-52.988683855810955
-56.393470625559715
-53.67815645038955
-52.64099872560893
-52.86287371518714
-57.920368886546065
-58.82024742138426
-57.24428428346683
-54.003138349617444
-53.383164754135386
-53.764389901538614
-56.50664461239961
-54.33941905546995
-52.89357856526035
-56.37959495066913
-56.88819788692165
-54.48515943781855
-52.949246437784105
-52.98061386428366
-52.99259515506688
-58.3997339696223
-55.06251484618833
-53.16977658019278
-53.06484888313992
-52.40673608047709
-52.155359358291335
-53.29540997189671
-56.91035731779608
-57.201703050173926
-54.604907754532334
-59.287958947523634
-56.6378545755898
-59.25211537964393
-55.20754541356277
-56.57387200823534
-54.983131624453954
-56.797433833898246
-55.0685246432702
-54.97440189247944
-53.75415441547503
-56.35925324135814
-59.21146799277932
-58.391532539345526
-57.18556852161674
-58.487502333014206
-55.09603937786708
-57.555031618890254
-54.63954111418792
-53.00313784731303
-56.6316474119995
-53.76913188747832
-53.29378223918536
-54.34828280757755
-56.82790141681124
-57.80770688509902
-57.33262458763012
-54.65491533198121
-54.2501553970634
-52.859482881709205
-56.374620457479644
-54.9070243043764
-57.9094207025689
-57.11139645610442
-53.95237971625613
-53.98181067016375
-56.5383658750385
-56.52939624135376
-54.9661433931809
-54.36903393818895
-56.21289497721564
-54.84525066776245
-57.502978922774346
-54.71998489787541
-53.03894178210199
-56.01883714693584
-53.37488515071412
-56.44981663511791
-57.134511070109156
-53.34317472441921
-52.28150368442108
-58.63061603139574
-56.83465142528007
-55.08274049819865
-57.02522729349513
-53.9194660249215
-53.32321064762173
-53.4728046531738
-56.93623885299217
-53.26744147650532
-55.198072836812145
-53.22155512516444
-51.84855854993129
-51.94215451337932
-56.95922890775169
-52.658188907270336
-52.251405791559115
-57.59449687956486
-54.136907658038545
-56.79706219810982
-56.185173514978196
-53.598594033905805
-53.198618658727916
-55.66016767802085
-52.780025659730285
-56.071231737525025
-53.55507214765727
-53.21201869419668
-55.662122716847925
-54.0168403956127
-56.94521039308151
-56.734652090328645
-53.80847617359981
-53.19766713613969
-51.22140016129683
-52.32063531400047
-53.358539769454474
-57.77366979738049
-57.181760609707084
-53.36122244259283
-56.91995922786689
-54.257569825692066
-57.19663258236862
-56.62543605963651
-57.632269553834355
-54.769369524513415
-52.4397710422061
-52.78601157960466
-56.45407108271499
-54.319337754038976
-57.74944328512473
-57.178226009204344
-54.59594032283723
-56.7181361275808
-57.40972633397617
-54.68436557849343
-54.33495945279303
-52.89187514861408
-52.958699981799114
-56.007130026047065
-54.148621461359625
-53.4387343580318
-57.54930205267155
-56.91295781941727
-54.49461689047273
-53.5708928520009
-57.56858371708505
-53.55141951080337
-57.18377658364367
-56.85962837220043
-54.47424685423714
-52.327044213011185
-52.74295376229621
-55.739585099332736
-54.66446238162224
-57.63880197064355
-54.77186468570584
-53.541461734665916
-53.206819979034904
-53.07899820243879
-53.03017462828147
-51.77545770490584
-51.168865844403136
-52.300568990522834
-51.496773149665586
-52.4258184359737
-54.69331567878952
-52.4107210581147
-52.77491547305439
-52.914025361048466
-52.34912662134112
-55.91819447132967
-53.49661711351601
-53.18969085796825
-50.600319505389166
-54.80894498545403
-56.04100915653687
-54.16156213769744
-53.44367725655543
-51.31536766571918
-52.93242989264972
-56.76722929419393
-52.58485158071812
-56.716518301908856
-52.56548170526845
-54.070096757645985
-57.16928063035956
-53.35645551466098
-55.35695784370555
-53.282243797494964
-56.20023246633948
-56.62596127562959
-53.76695997664969
-56.03488362630533
-53.54118840459821
-53.20671557623918
-53.07895832411935
-55.93450553798418
-54.12088137533516
-56.940622028725386
-53.88714968940664
-53.33886102824442
-53.74746738407653
-57.025393692140945
-57.36438466475092
-55.28508059070593
-54.49085710736687
-52.333388765145
-55.20769441655584
-54.461298219100854
-58.44130216409516
-56.334894949279665
-57.07941614461576
-55.794266290487954
-56.56673160880372
-55.59843822331422
-53.99251508363914
-53.379107027603204
-56.83239860990487
-53.22777803304602
-53.08700346673298
-57.314825220762174
-54.64811657881588
-57.017544608237166
-57.59930747634241
-56.44811755740812
-53.69902972097474
-56.01679909051348
-54.15231471534638
-55.94520809122722
-55.97071973199242
-54.13471396657113
-56.32460618783849
-54.269886564546084
-53.48505350579977
-52.56723996410332
-52.83470037526009
-52.318827172927065
-52.73981513227099
-56.121093190633495
-54.19215151676614
-56.33298621347537
-54.27308744951278
-53.486276135062965
-55.611966394462236
-55.922100423670784
-54.73417703205167
-53.04436269498443
-53.01694504165151
-56.779559888255406
-54.44366341479781
-52.933396367388134
-52.97455967611648
-55.53730796926427
-56.5292418949814
-54.34805044936281
-55.73769757245511
-55.940444355321056
-54.12314980170487
-53.42900504979355
-56.22164464448058
-54.23055875451751
-56.33858975394508
-57.26418132059617
-54.01073834152543
-56.30651838791135
-54.262977639755626
-56.961353594307596
-56.737007351645964
-56.70427567596236
-54.41490740451813
-56.983519848254595
-56.74024136451244
-56.7047475120807
-57.553670995050375
-54.73934754652469
-56.412821038293124
-54.303581639107264
-53.497923879028676
-52.57215600922887
-52.83657813740783
-52.9375784029946
-56.1499464629801
-54.20317248611588
-56.71656016248363
-57.08325848251796
-55.177699944220436
-57.09480977995657
-53.94604416972804
-56.29707963545101
-54.25937235712718
-56.3427936019111
-53.658799549804456
-53.25163903625217
-53.09611755895206
-56.173077014106724
-53.59397358171785
-53.226877719796704
-56.192154664466834
-54.21929458447981
-52.847695100222715
-52.94182470493822
-56.53253200133449
-56.674443124401506
-54.403512383793014
-53.536094026977544
-56.23726871568805
-56.395296814087246
-52.44278601483741
-56.93185919268302
-57.1146701876924
-56.52330796366231
-54.345783889285826
-57.58660077319266
-56.41465615193315
-54.75192560253305
-56.65724526974721
-57.074604556295604
-56.51746246682056
-54.34355110817341
-56.3550751161723
-54.28152465956882
-53.48949886253415
-56.84850456156338
-56.484474922158164
-53.71291699856788
-53.27231006229537
-56.19878315390606
-54.221826442151524
-56.33731572674079
-54.27474117642542
-56.34503588242777
-56.6470878093172
-54.39306358320378
-56.36229888892534
-53.66624990648358
-53.25448481927529
-57.05028445224799
-56.7499821889592
-54.43236573897568
-56.986066984924506
-56.740612986744274
-53.81075303342716
-53.309680102287096
-56.20423536926202
-54.22390900310352
-57.906046839815914
-54.87394314241067
-57.050492259834236
-56.75001250767743
-53.81434333094566
-56.89589873077929
-56.727457615757785
-54.423762117594826
-52.92579474827681
-53.589690104735375
-56.24508827804965
-56.632505650360386
-54.387493694111626
-56.97952024180849
-54.52004147345264
-56.380824713442415
-56.652309329392466
-54.39505802639959
-56.98062386301593
-56.73981884596035
-56.70468586745473
-56.699560034970965
-53.79507220118826
-53.30369055734372
-57.05746347268141
-53.931779149703225
-56.29499839707798
-54.25857739480737
-53.48073378734412
-56.22919176557759
-54.23344149825935
-53.47113272920048
-56.22779099007251
-54.23290644962702
-52.85289437005867
-52.943810649298875
-52.978537577837955
-57.01002429230346
-56.9801762882846
-56.97582152318689
-54.51862868865401
-52.962030554025255
-52.36746297342175
-52.75839235498991
-56.35987154840051
-54.28335673365526
-52.87216466381537
-52.95117124654074
-56.387997609626346
-54.294099933073866
-52.87626820084536
-52.952738658212105
-56.38822629190727
-54.29418728193256
-57.201974997235055
-56.77211354121132
-54.440819163319
-52.93230995999578
-57.688170458346285
-54.790721770035105
-58.02780417645457
-54.920450306626975
-57.0572775636487
-56.751002470162355
-54.432755451717206
-52.92922989623937
-52.9729682257508
-57.926504243339345
-54.881757175235045
-56.90573427810866
-56.728892602773996
-53.80627624511171
-56.27668777006812
-54.251583357644925
-58.289555089986614
-53.29959973204344
-56.202764663063995
-54.22334724332334
-52.560449968644846
-53.46727706690603
-55.47689017718724
-53.32805387253488
-53.1253054291673
-56.17733546698049
-56.00458665969444
-54.14764998185876
-56.32649352703352
-56.64438251612408
-54.392030253153536
-56.362148128102795
-54.28422630972343
-52.87249681231761
-52.951298115979284
-52.363363546870346
-52.756826513381654
-52.90711599327461
-56.14550205729866
-54.20147487420537
-56.9523804617436
-56.735698189248296
-54.426909736581415
-56.36723697615315
-57.03229291648895
-56.511289281768015
-53.458056657605994
-55.6078492281878
-53.37807577888267
-52.52637810846019
-55.853885171030186
-53.47205314659433
-52.5622742687528
-55.85912235023606
-56.340126002897975
-56.410303490048065
-53.68458603249608
-52.64345460744017
-55.252932413279844
-53.24250961876668
-52.4745964430202
-55.228296339108276
-53.2330994757825
-52.47100208823924
-52.17990678893521
-55.18530169801072
-53.216676984217344
-56.75974577946622
-53.81806110994724
-52.07640356162559
-52.029183563679425
-55.39937945330519
-55.891084406954974
-53.486261990362074
-55.3758963532784
-53.289477664455525
-52.492536640088176
-56.703049733585175
-53.7964051474484
-52.06813172001013
-52.026024001331876
-51.39190629523561
-55.30640195288546
-55.87751917246072
-53.48108053185063
-52.56572242309117
-56.09569340667389
-55.99267524362438
-55.97764509619489
-53.51932523156211
-55.852856170158475
-53.47166010323579
-57.95429538917052
-56.49990959589486
-54.33684650807993
-52.892595939595026
-52.340941310705155
-55.44486429560267
-56.13378853351142
-53.578966717496776
-56.24352375693639
-56.0142434010563
-56.598825836705714
-53.75659516128041
-56.50550737512235
-53.10291669198352
-52.42127668957811
-55.692653046920604
-53.41046795526281
-52.538750818867825
-52.20578450134067
-56.04317917161832
-55.98501351998587
-53.522139719006745
-55.61719882084287
-55.92286382439146
-53.49840064768014
-55.61373533701326
-53.38032407239251
-56.21454218559672
-56.86411701303253
-56.340854714379226
-56.88254576261993
-53.86496652969404
-56.521318544688725
-56.29084109187524
-53.63895545677163
-52.00799128968976
-55.63235551969918
-55.925075156952744
-53.49924530155812
-56.61385857035326
-53.76233715458994
-52.055118904666685
-52.02105354816001
-55.39819330002654
-55.8909113495239
-53.48619588830541
-55.375886709118305
-56.26962287302082
-56.01805121077564
-56.363313411156874
-56.649754464820596
-56.0735116625856
-57.22550694827654
-54.61400003454279
-52.99845916660195
-52.38137746526305
-55.45076385104509
-53.318074503949745
-51.885425672054254
-51.9562365009629
-51.36524984208456
-51.75754701404067
-51.90739120003744
-55.99964417567391
-55.978661849678254
-53.51971359683457
-51.96244495207556
-51.985655248141995
-51.37648680360053
-51.76183915140949
-55.36037442922087
-53.90158280578624
-52.72633999938795
-56.355195172741126
-56.884638007298015
-53.865765696048285
-52.71265908084684
-56.35319915362608
-53.66277411688789
-56.25575109172128
-56.634061333909315
-53.77005392360168
-52.67610043689573
-52.25824738708552
-56.28690138099315
-53.63745062112052
-57.96353457807249
-56.737325552888905
-53.809497345430174
-56.131259688520785
-53.578000784662635
-51.984708676717226
-51.99415923423894
-58.198195009016004
-54.367499824544154
-52.28627047586656
-52.10934559180542
-58.204614124717345
-54.369951708564344
-52.90524100097569
-52.34577129436274
-56.29967094697104
-53.64232816130249
-56.48883604450302
-56.904135947716746
-53.87321324657762
-52.715503792016115
-56.971648180142154
-53.899000624707746
-52.72535369398108
-56.35505127272158
-53.663481563431155
-52.63539341757189
-56.34192624527785
-57.11877007437093
-54.57323017656376
-52.98288646657046
-56.39262479786864
-56.89009891600813
-53.867851577566086
-52.713455816690136
-56.35331539581903
-53.044784528704774
-52.399072179045184
-56.30744744124336
-56.877671707156445
-53.863104806170035
-57.88593991105652
-54.248228990284055
-52.240713071045754
-52.091944211603106
-52.653153552513466
-55.49041544779528
-53.33322006620011
-57.710512412827086
-54.18122164852178
-55.94942555593927
-53.508546326331356
-52.57621342305479
-56.33329200044045
-53.03713627224033
-52.396150805030445
-57.56812138895413
-53.430411951081375
-54.1268331170952
-52.546368747399036
-52.20869429111573
-56.27967168172491
-57.49165326720668
-54.09762489364354
-52.80122141372395
-52.306039347528305
-52.11689662886097
-55.41217661704938
-55.892951487982835
-53.48697515185496
-52.56797396758206
-51.598912762141325
-51.8467983075918
-55.99080379180685
-55.97737205505445
-55.975412391072425
-53.51847241409218
-52.58000485120411
-55.47974319610285
-53.3291436287901
-56.20707505950866
-56.00892560776883
-53.53127332379786
-52.910020048846185
-52.3475967282154
-56.06386929668109
-53.552259945495045
-55.62015172124152
-53.38277491308283
-51.91013902925706
-51.96567616343825
-51.98688946105771
-55.77517483814354
-56.563946203445234
-56.060992405971405
-53.55116107102587
-51.974456818356295
-51.99024337279292
-56.39369815602098
-53.678243359292274
-55.98191477335925
-56.0219400462719
-53.520956103117896
-52.580953535994446
-56.097915596098304
-55.99299945669202
-53.52519007539649
-51.96453678074755
-55.38994761478714
-53.29484476876705
-56.20207092327142
-56.0081955141312
-55.97990947314511
-55.73971461788287
-53.42844387580643
-57.62564911010958
-54.148806751281256
-52.8207711437342
-56.13290451352624
-56.23417224844761
-52.999275895935526
-52.38168942810887
-51.527758399641186
-51.819619759564574
-51.93110087905254
-55.767035393723276
-55.70865670825881
-52.798546821199665
-55.89359405106723
-55.72712136751937
-52.80559969344652
-55.27658906251044
-53.251545654712835
-55.57771967891789
-53.36656731512727
-55.59450111301105
-53.37297725257089
-51.90639665595174
-51.96424670403422
-55.38990529316503
-51.87654652812267
-53.29482860334586
-51.95284496977204
-55.38824180255483
-53.294193206472734
-56.20197586161381
-56.626215633572166
-53.76705713273844
-56.888999767437326
-56.108417081821386
-52.95124169654522
-52.36334199656416
-51.52075030439737
-51.816942905377836
-55.98644794732701
-56.59477053465942
-53.75504617373337
-52.0523339977908
-52.01998980838892
-52.00763542737597
-56.014269611337426
-52.91528056277517
-52.34960606573799
-55.71142557328409
-53.417638422278955
-55.601952287125926
-53.37582334782668
-57.00468267984054
-53.91161868079118
-52.1121393737831
-52.04283342930802
-55.78333695311146
-52.20903814769532
-52.07984546747429
-50.79443027722777
-51.5395133417088
-56.18203949698328
-55.85937493467223
-53.47415004971539
-56.9364351437022
-57.85558461695767
-56.485507888319034
-53.713311556532105
-55.64509041604625
-53.39230064686318
-55.59825555551316
-53.3744113219979
-55.829549299082096
-55.95384534163251
-53.51023453424318
-51.95882427234714
-51.984272271548114
-51.99399254229721
-56.01227914122975
-53.532554259597525
-56.236752270587374
-56.01325545451241
-53.53292717808783
-57.6314717649827
-54.15103080753803
-56.32698678285257
-56.644454481178215
-57.54487436039285
-54.11795354232223
-52.808986266573854
-56.13118512312056
-56.61588740401827
-53.76311210009246
-52.67344889625911
-52.25723458868488
-56.05068563819812
-53.547224236050624
-56.23889259130704
-53.619112895219175
-56.24938100532869
-57.78285454835031
-54.2088538854729
-52.84370710806838
-52.32226743873224
-55.44213981439931
-55.89732305956107
-53.48864494361359
-52.56861177127972
-56.09611495689342
-53.56457669170648
-52.59761511822601
-52.22826866297155
-55.42842557784089
-53.30954204283572
-52.50020055066628
-55.70416788306935
-53.41486623129675
-51.92239682207099
-51.970358223666125
-55.62686492936234
-56.16034206811826
-53.58910926519515
-55.8630375234527
-53.47554903414271
-52.56360957897544
-55.71341913562168
-56.17297015662432
-56.24001774699656
-53.61954266644993
-56.485511685606
-57.50421759265213
-54.10242403891799
-53.42108851285173
-55.83852362605655
-54.08421954728401
-53.414135015795466
-53.375628109674864
-53.14347717076593
-55.79802067709944
-53.74454548185952
-55.88571536183762
-52.86617720886448
-52.330850253505716
-55.6794600076986
-54.02346265144481
-52.15485996913604
-52.059151244713206
-56.87588763404365
-56.578640002340556
-53.78804790587295
-55.892062279964556
-54.104669493364945
-52.18587822263049
-52.689033152026326
-57.50187787368114
-52.18467917495455
-54.1015303457952
-56.276167923496715
-56.25507409827066
-54.243327669639974
-52.23884093314948
-52.70926310730825
-52.88894838877528
-56.99695340577394
-56.59630326039047
-53.7556316228672
-53.288625596961026
-53.11024516801589
-56.41120618199052
-54.30296481888662
-52.26162029716955
-57.26882819320357
-54.63054727766996
-53.62281363980631
-53.237893641748975
-56.19376186581962
-54.21990848076981
-52.84792958773993
-52.94191427119986
-52.977813225859656
-57.07267227969179
-56.1352145402133
-54.197545392338604
-56.33377316931569
-56.64544460161946
-54.39243593371381
-53.53186319952198
-53.20315366485213
-56.806727360247734
-53.83600647696058
-56.281025352437815
-54.253240166681145
-56.95993291613233
-57.35483406624349
-54.04536460918921
-53.39929375007403
-57.07141179052101
-56.9891326035714
-54.523713068933915
-56.61742836950365
-54.38173468528228
-57.38697811863639
-54.67567653341703
-53.640051481614705
-57.10653787016299
-54.568557890313656
-52.3630678232782
-52.756713557020724
-56.359626615077744
-54.28326317745094
-52.87212892852518
-52.95115759687449
-57.00602960691677
-56.08719267137167
-57.18519896853656
-54.17920267064439
-56.125448366480896
-54.193815045912864
-52.887644414114206
-52.70584925732509
-52.22990335786107
-54.14466167028861
-55.996763158434824
-58.93607239106911
-55.26737789370854
-57.580029571457224
-56.68137292649034
-53.170091355155854
-53.06496911647701
-53.024815994275166
-57.016776222266735
-56.98116138159027
-56.97596524636324
-54.518683586022405
-57.23472856658597
-57.78203799592532
-54.82657597895004
-53.6976899409248
-54.1898039603115
-56.186745675854205
-56.478095545665866
-54.32851428232475
-56.825017227846715
-54.461026573483544
-53.558062492603916
-57.330643815376924
-54.65415874430446
-56.25449412580134
-59.05364932403662
-55.31228828580916
-52.39308640436428
-57.16067609473663
-56.62019007879044
-54.38278956436279
-57.72329645906742
-54.18610471967183
-55.572677159316505
-53.36464124402848
-52.66023768216622
-51.63415436518415
-56.577813447470554
-55.82694763210845
-53.4617639222995
-57.30126805141011
-54.024904212164735
-52.15541059633421
-52.05936156558778
-52.02267410042913
-52.0086607356996
-56.39638521305593
-56.418511598190456
-56.185671816775795
-53.82187662946117
-56.76973493923844
-54.806827880470884
-53.07211284976905
-52.40951066883627
-56.62459399864754
-53.766437723314574
-55.41677344182072
-53.305091322917555
-55.01654424345941
-53.152217372433654
-51.82207388509166
-51.93203827159123
-51.97404092968204
-55.77330026267926
-53.16855107782435
-53.44127245058457
-55.94757694458802
-54.125874208377056
-52.81201169179326
-52.928194855752615
-56.766611410637786
-53.820683547700554
-53.31347322121377
-56.20478877785521
-53.606086397626555
-53.23150440377436
-53.08842681369653
-55.55392096074598
-53.357477013674284
-55.59317485590286
-53.37247066743338
-51.96417279425872
-51.906203157647404
-56.007928498624004
-55.915296895076054
-55.96635574728684
-56.59183912217984
-58.419973073857605
-56.94981706570222
-56.73532419480613
-52.880180601902126
-51.8923486416629
-51.34084685130043
-52.366259889738174
