-58.061485594705125
-57.441120576006426
-56.550459078147625
-58.592981931797844
-56.37239697698252
-58.17894378421442
-56.214248477244695
-58.773904217812
-58.3132945742582
-56.26556591262602
-58.16335734198135
-56.20829498607535
-58.15500162640655
-56.20510338672611
-57.95570192999411
-58.05325944316869
-57.822628159543356
-58.15446168473365
-57.828267967169566
-58.04615779181924
-55.82639444356973
-55.31565458932958
-58.26083512517503
-56.24552818610734
-57.54239988833155
-55.971110344348716
-56.60699912221438
-55.613819044794646
-58.68630274421172
-59.13457207468657
-57.815333981093886
-56.07536189109531
-58.75364093797852
-56.433763256744754
-57.56986301502041
-58.35365172464692
-56.28098097238542
-58.165606368890394
-56.209154037912995
-58.537092971630656
-56.351049293794546
-58.17582919921217
-56.21305881163469
-57.919628681689
-56.11519892187615
-57.28731712744031
-56.49171138838232
-55.56978304895675
-58.06184399025484
-56.16952033602775
-56.68278499532819
-55.642766672457036
-57.45445816866961
-57.173587573966756
-55.83023657573087
-58.71787763644441
-56.42010289110864
-57.33180201703399
-58.93695308187797
-56.503782265163736
-58.81614662817367
-56.457638305909036
-55.55676828955343
-55.21266656275127
-58.00974139709764
-56.149618916343705
-56.05714934068337
-56.0218291057064
-55.39030398768594
-58.65369233686597
-56.39558628824777
-58.18232705913204
-56.21554077326994
-57.91999079501142
-58.40473467930898
-57.85742387015059
-56.70947278688215
-55.65296050174598
-58.07397941706915
-56.17415565660283
-57.53198677661306
-58.11205767843765
-56.18870025821309
-57.916074816639785
-56.11384146621878
-56.04348357076645
-54.780541268580784
-57.7106271888446
-56.03536745530906
-57.89370386218666
-56.10529652197847
-56.040219692498624
-54.77929457801761
-57.71044529914274
-56.03529797962515
-57.27565973707109
-56.4872586614814
-54.95004826987333
-55.59895412563837
-55.22878011829188
-55.70542021798717
-55.26944654691974
-57.95115703266053
-58.17321379460159
-55.594025827217884
-58.67744914850477
-55.786626594079564
-58.59801247762519
-56.3743184745066
-57.94315614942525
-56.12418561488218
-57.9066622570297
-58.16672209432489
-56.20958020710686
-58.15518913762798
-56.20517500963942
-56.07836988004017
-55.4119006417312
-58.656843246226764
-56.39678982852812
-56.76959421685739
-55.67592484454427
-55.25818031677542
-58.01638176431836
-59.03683192095205
-56.54193258693315
-57.58564470760698
-57.737920253814664
-58.99620493409441
-56.52641445881403
-55.583038442347686
-58.68181191483706
-59.1339168715109
-56.57901573825053
-58.827123043969245
-56.461830923668295
-56.794437704535426
-55.68541421243819
-58.69674833839694
-56.41203221741293
-55.539348313841856
-57.821335644744075
-56.07765432262064
-57.89987343298088
-58.95184766515727
-56.50947148972816
-58.435010663601076
-56.930091310527175
-58.496378268412066
-56.335497661006904
-57.79159423531674
-58.622069851209005
-56.38350757353557
-58.1805647984053
-58.442751914050596
-56.31501421633357
-57.55253776351468
-57.73309001576811
-57.759432234361086
-56.05400932387387
-57.51445766290559
-55.96043736395731
-55.36685442896634
-54.52209193419181
-55.43548935110889
-54.54830814163507
-54.8274690625462
-54.93409904600353
-55.59286206421429
-57.44717718445192
-55.93473850796736
-57.497056285381035
-55.953790629193996
-55.982349590950854
-55.37522415490867
-58.03345823016459
-56.15867794046977
-57.5297286082623
-58.34779619361519
-56.27874435855348
-58.95167518194407
-56.50940560700321
-58.19893307394126
-57.82739782058478
-58.39122554640104
-56.29533289520826
-58.16770028621078
-56.209953843159745
-58.32980762916111
-56.27187333834084
-57.78231157174106
-56.062748453112945
-57.51573268467827
-55.960924378938074
-57.500876752467704
-55.95524991776821
-55.364873000836916
-57.413914028388575
-55.922033112924254
-58.93179634554333
-56.50181256715493
-57.57979127560731
-58.355100238345116
-56.28153425538496
-55.48950252780977
-55.18697332804434
-55.07141745632325
-55.02727904092542
-57.36465973343151
-55.90321964634257
-57.49245774544393
-58.342358448013805
-56.27666732455592
-56.105677514403865
-55.42233122990577
-58.040331059782396
-56.16130312778489
-55.44357832357227
-57.42539698022135
-55.9264192102332
-57.495842516199446
-55.95332701062113
-57.499768311368584
-57.72539105645792
-56.04100675093194
-57.51256061307967
-55.341678766652265
-55.130509675627025
-57.143652902557484
-55.81880254869459
-57.24407347938239
-55.239125807121944
-54.47330394198344
-57.04776787824945
-55.16414373967114
-57.14856004636855
-57.20201450615797
-55.22306070888214
-57.157155916330964
-55.8239602410055
-57.244825976549244
-55.23941323546324
-57.15954171780599
-55.824871536078554
-57.24495893270857
-55.23946402019709
-57.15954912719881
-56.82165178019373
-57.39038721040613
-55.295012679352205
-56.54961957859711
-57.350698247076416
-55.2798528443385
-56.54740778847663
-58.279056462745096
-57.60301968796888
-55.37623105866907
-57.17950316919372
-55.21446214329399
-55.081917249438156
-54.413255616270575
-55.94883700184847
-56.64501126166745
-55.01030440133072
-57.46457958084856
-55.323351643155284
-55.12350933736719
-53.811108391446496
-56.951154849467905
-57.40928145357787
-55.3022296380521
-57.168706507430976
-55.21033818546566
-57.15529972518016
-57.439065789544486
-55.313606242059
-57.170366331586344
-55.210972181877665
-57.15539222401007
-57.4390792849419
-55.31361139684212
-57.17036708365906
-55.21097246914388
-57.15539226592165
-57.43822319667588
-55.93131838897177
-56.40638735299491
-57.32980094699138
-55.27187078597912
-57.95129213087302
-58.01044122098197
-55.531852236531485
-57.20220799305376
-55.22313461429995
-54.467195849846085
-57.04687671961665
-55.16380334736277
-56.912442406300265
-55.11245400893017
-54.42491962049024
-56.80464072337946
-55.07127743009886
-56.898943056900514
-55.10729771628547
-54.42295009195591
-56.804353373038886
-55.07116767203544
-56.89892704341487
-57.16559354186785
-55.209149138426355
-56.919058268055295
-55.114981043255725
-54.42588486171187
-56.80478155017579
-55.07133122114853
-56.898950904908894
-55.10730071395793
-57.140266760684575
-55.199475168839975
-54.45815874583535
-56.191456257660995
-57.29844292279036
-55.25989308655437
-55.099270325622655
-56.52106115406631
-58.58259960659016
-55.750397292885545
-57.85212727581156
-55.471381690369476
-57.81141944801881
-55.455832683760825
-54.55607860326366
-58.295912516074374
-56.25892655719423
-57.926320695578696
-56.11775504372883
-57.669656071842745
-58.132143357919446
-58.43568732109235
-57.843940134743114
-55.796891285012734
-58.37064715050134
-56.28747264740853
-58.166553491512005
-58.44070769192459
-57.86267226195928
-56.7114774941668
-56.27176022054111
-55.48576917870664
-56.4216152930786
-59.040226606007025
-56.543229241243054
-57.73847706054645
-56.04600515971684
-58.74935784859306
-55.928989949186146
-56.59091056288186
-55.607673761959646
-57.83130419327957
-55.4634279805928
-58.28239497240095
-56.25376331495539
-55.47889497246522
-58.04858359860338
-56.164455317121025
-58.14860550490585
-59.29219108221866
-56.63947110719833
-59.072011340928164
-56.55536992965952
-58.73102301916741
-57.8603986291059
-57.32864303244464
-55.88946249072823
-57.87241661473991
-58.1043462016253
-58.06607984665644
-58.18998080719665
-57.83024738002294
-55.79489353902243
-58.55087570743194
-59.114813536303764
-58.57905696794369
-58.22589693220256
-58.06831689456954
-58.05953526004999
-58.425093942378844
-57.843349785980756
-58.87411453933369
-57.86837284622008
-58.16113574457431
-58.203849275799236
-57.831020243289395
-58.15568607325126
-58.064404177502865
-57.974212410820705
-57.81822301941036
-56.6944993942873
-57.5665671697508
-57.795505728727605
-58.150504575407105
-58.202298209121274
-57.686198864979275
-57.936695513864535
-58.17110388744421
-57.82919540534004
-58.15541983298254
-57.828321362941416
-57.81009278996383
-58.152632798959665
-55.84192893775507
-57.95614231195215
-58.17394113704793
-57.829353519841305
-57.81015031009644
-57.677851512154824
-57.80170739257678
-57.80860964422807
-57.972132642990836
-57.818107117921556
-57.80952356959807
-57.809045224844574
-58.022246526535405
-57.82089986893402
-57.442012352304054
-57.788564526650894
-57.80787721741288
-58.579502564061684
-57.8519546835468
-57.67874136992447
-57.80175698265066
-57.97207692661209
-57.97346173314294
-57.818181185577174
-56.6944834151849
-57.989867584746
-57.68167701652162
-55.77321741511402
-55.913376760630115
-55.96691286677632
-54.75129386219906
-57.70636004976121
-58.13749839612857
-55.580383758922935
-57.82732263549548
-55.461907160847446
-57.81003713279083
-57.718903900990924
-58.757362508108535
-58.71596844476587
-58.47759365517862
-57.56439055471704
-56.3741395397011
-58.651333975688324
-57.012719463185555
-57.292504898889796
-57.83596085183207
-55.79572712332527
-58.44650151803455
-55.88480380604882
-55.511057146807424
-57.81720801910125
-57.809473464538094
-57.3369064775857
-57.400741165754866
-57.55019658475265
-57.93558973117409
-57.357363477783124
-57.70461447124126
-58.991345685904435
-56.52455839116523
-58.81917782410624
-56.45879611972872
-57.95548127175901
-57.817179168806916
-57.57340387926651
-57.79588672549081
-55.78988038708782
-57.857887781622054
-57.96253311199665
-57.58150417689456
-55.9860468534739
-56.853324384044285
-57.32002035899452
-57.69765027853602
-55.7755478826345
-54.67819894251347
-55.4951169224057
-54.57108384720384
-57.443999785411506
-55.31549086077985
-57.552607305002184
-55.35697524182967
-54.51831842048683
-55.4340479971306
-54.54775759340518
-55.44529276058472
-54.552052710849196
-54.210865371962875
-57.39144461815331
-55.29541657317166
-57.54967850591121
-55.355856540123135
-56.322428600749575
-56.12315676654127
-54.81097372137444
-57.478999246369604
-57.868258924462054
-55.477543431859395
-58.43035242273656
-55.69224404334492
-56.500481673547895
-58.57959710084692
-55.749250437743044
-56.143756019401906
-58.52755152931872
-55.72937079838319
-58.4670935403569
-58.69979230960656
-56.41319491095423
-57.56686213381207
-58.117145924479324
-57.82618843112367
-57.91891314385704
-58.1685094746247
-57.59298284616914
-57.79697782392048
-58.15071935120124
-55.22361578073954
-57.775270888973445
-57.80713638837595
-58.53188932335472
-56.34906167701863
-59.57362782054601
-56.74697037555647
-58.851627295311424
-56.47119071481214
-57.95728961881081
-57.08479768318247
-55.450065916493855
-55.31687738140131
-55.975086498725545
-54.75441591179213
-57.706815550658106
-58.137564852813796
-55.58040914311791
-57.82732633899961
-57.629697451681096
-57.8902454963067
-57.81354370364124
-57.809269259236345
-58.25329427414354
-57.59770774110743
-57.56117315579105
-57.88024793627222
-56.26383627746321
-57.690969036612415
-57.56637042966055
-55.75639441081253
-55.492322468527384
-54.570016460802314
-57.44384405583427
-55.3154313773744
-57.55259862649029
-55.3569719269331
-55.754385131808796
-54.670115490993496
-57.458448307519475
-55.32100970513789
-57.78948047104239
-56.68352071773402
-55.025013704659884
-57.74629523657469
-55.4309574484797
-56.56945365311145
-57.73555801079942
-57.905690343733774
-55.491840961774045
-55.80590051908814
-54.68979261799059
-57.4613191616582
-57.46340253701095
-55.322902052415564
-54.50530362023575
-57.43440257963721
-55.3118250543711
-56.31600449355525
-56.12070297594041
-55.30940639435815
-54.50014873755836
-57.43365049239036
-55.311537782605306
-57.55203055866926
-57.87891404932878
-55.481613327404105
-57.57684424624442
-55.36623292960087
-55.75792252005798
-54.67146665307328
-57.694713416909984
-56.386239209323826
-54.91146227267403
-57.72972830591842
-55.42462944405827
-57.80459838720859
-55.45322727037065
-55.79115140140314
-54.68415895633899
-57.460497221500425
-55.321792320638586
-57.55352667560533
-58.1152003073478
-55.57186664689284
-57.826080005597056
-58.154965302285696
-57.441157489646336
-57.78851688678777
-57.8078745625343
-57.80895332883051
-57.80901344641576
-58.15247532485826
-57.828157271127665
-58.15526837124219
-57.940509339189916
-57.973205069124575
-58.17643055976975
-57.593424273115005
-57.6166625363021
-57.7982974478234
-56.686888503186346
-57.9887595020189
