-55.38361098892199
-55.42217110985082
-55.77928900364464
-57.374162284823086
-55.28881530924441
-54.00769573198712
-54.00769573198712
-55.23900748555056
-55.23900748555056
-57.33142673315912
-57.33142673315912
-56.50855975853655
-56.50855975853655
-56.19425254245052
-56.19425254245052
-56.07419786881502
-56.07419786881502
-57.377970298005515
-57.377970298005515
-55.2902698408505
-55.2902698408505
-55.72890720204576
-55.72890720204576
-55.89645176528679
-55.89645176528679
-57.3680648471508
-57.3680648471508
-55.286486295297884
-55.286486295297884
-54.49139403874286
-54.49139403874286
-54.18769582093069
-54.18769582093069
-55.307761401549
-55.307761401549
-55.73558838371631
-55.73558838371631
-58.00442166934924
-58.00442166934924
-56.76562094990461
-56.76562094990461
-56.29244118036458
-56.29244118036458
-57.716370502162896
-57.716370502162896
-56.037561205788606
-56.037561205788606
-56.014347103952815
-56.014347103952815
-56.00548010606985
-56.00548010606985
-56.620127203006625
-56.620127203006625
-57.73463181832471
-57.73463181832471
-55.426502419133215
-55.426502419133215
-56.39897740532462
-56.39897740532462
-56.15239580809076
-56.15239580809076
-57.14626014230356
-57.14626014230356
-55.20176443691088
-55.20176443691088
-56.31313513467876
-56.31313513467876
-56.11960697837551
-56.11960697837551
-58.0125959798804
-58.0125959798804
-56.15070926994302
-56.15070926994302
-56.05756581869855
-56.05756581869855
-56.02198818615263
-56.02198818615263
-56.00839873975934
-56.00839873975934
-58.01022877504002
-58.01022877504002
-55.53177108940243
-55.53177108940243
-55.821152470667066
-55.821152470667066
-55.931686322598765
-55.931686322598765
-55.97390649712922
-55.97390649712922
-57.698619172667165
-57.698619172667165
-55.41274681251684
-55.41274681251684
-54.53962126488336
-54.53962126488336
-55.442184959633025
-55.442184959633025
-55.78693361401571
-55.78693361401571
-58.00551461605182
-58.00551461605182
-55.52997044089731
-55.52997044089731
-54.584396706640106
-54.584396706640106
-55.45928765652281
-55.45928765652281
-55.79346626292832
-55.79346626292832
-58.00565367155992
-58.00565367155992
-55.53002355537508
-55.53002355537508
-55.20245098331522
-55.20245098331522
-55.69536338332047
-55.69536338332047
-57.356858575702454
-57.356858575702454
-54.01762311077329
-54.01762311077329
-55.242799406827686
-55.242799406827686
-55.71077510970976
-55.71077510970976
-57.357717441777744
-57.357717441777744
-55.28253393814075
-55.28253393814075
-56.3439863388942
-56.3439863388942
-56.13139108979194
-56.13139108979194
-56.05018693048163
-56.05018693048163
-56.088132614593334
-56.088132614593334
-56.03366366325726
-56.03366366325726
-57.7746985926707
-57.7746985926707
-55.441806565113815
-55.441806565113815
-55.78678908017053
-55.78678908017053
-55.91856067539777
-55.91856067539777
-57.69553485573255
-57.69553485573255
-55.411568708279894
-55.411568708279894
-55.77523924660692
-55.77523924660692
-55.91414903154088
-55.91414903154088
-57.695289003246636
-57.695289003246636
-55.4114748009865
-55.4114748009865
-54.53913539971285
-54.53913539971285
-55.44199937565184
-55.44199937565184
-55.786862727242664
-55.786862727242664
-54.619311873127565
-54.619311873127565
-54.236556085898364
-54.236556085898364
-55.32642436206733
-55.32642436206733
-55.742717000303614
-55.742717000303614
-57.68573542358082
-57.68573542358082
-55.407825658268386
-55.407825658268386
-55.77380952872412
-55.77380952872412
-55.91360292790397
-55.91360292790397
-55.3489652662379
-55.3489652662379
-54.80269641333466
-54.80269641333466
-54.3066027472462
-54.3066027472462
-55.35317980590374
-55.35317980590374
-55.13490268171514
-55.13490268171514
-57.75556735408333
-57.75556735408333
-55.43449908222032
-55.43449908222032
-55.78399787007742
-55.78399787007742
-57.361798006357624
-57.361798006357624
-55.28409257511698
-55.28409257511698
-54.490479718993306
-54.490479718993306
-55.42341455936273
-55.42341455936273
-55.7797639590949
-55.7797639590949
-55.91587731792196
-55.91587731792196
-57.60521537359615
-57.60521537359615
-55.37706973595008
-55.37706973595008
-55.762061811753874
-55.762061811753874
-55.90911569931155
-55.90911569931155
-55.96528528618078
-55.96528528618078
-58.0093110518815
-58.0093110518815
-55.53142055034814
-55.53142055034814
-55.202984587912816
-55.202984587912816
-55.6955672021402
-55.6955672021402
-55.88371701850778
-55.88371701850778
-58.007574770465126
-58.007574770465126
-55.53075734986112
-55.53075734986112
-55.820765256618024
-55.820765256618024
-55.931538419992954
-55.931538419992954
-58.00859270811505
-58.00859270811505
-55.531146167444966
-55.531146167444966
-55.82091377171963
-55.82091377171963
-55.93159514771392
-55.93159514771392
-58.00859391563473
-58.00859391563473
-55.53114662867644
-55.53114662867644
-55.820913947894375
-55.820913947894375
-55.93159521500669
-55.93159521500669
-54.86344551573151
-54.86344551573151
-54.32980683957575
-54.32980683957575
-55.362042980495545
-55.362042980495545
-55.756322101910875
-55.756322101910875
-54.935979304675854
-54.935979304675854
-55.59358025911947
-55.59358025911947
-55.84476147268256
-55.84476147268256
-57.36518424587238
-57.36518424587238
-55.285386003517566
-55.285386003517566
-54.9514673130236
-54.9514673130236
-55.59949615189027
-55.59949615189027
-57.91135483420103
-57.91135483420103
-56.730072582103375
-56.730072582103375
-55.6608289233592
-55.6608289233592
-55.25241418797422
-55.25241418797422
-56.54340454246433
-56.54340454246433
-54.9714940880805
-54.9714940880805
-54.37107772177717
-54.37107772177717
-55.37780705475079
-55.37780705475079
-55.762343442475206
-55.762343442475206
-58.004991183850926
-58.004991183850926
-55.52977050758737
-55.52977050758737
-55.820388316410984
-55.820388316410984
-55.93139444164559
-55.93139444164559
-55.97379500852578
-55.97379500852578
-57.69861295962024
-57.69861295962024
-55.41274443934409
-55.41274443934409
-55.206116635891995
-55.206116635891995
-55.078729549263954
-55.078729549263954
-57.99043961701474
-57.99043961701474
-55.52421230364551
-55.52421230364551
-54.58219729392181
-54.58219729392181
-55.458447555619706
-55.458447555619706
-55.79314537293732
-55.79314537293732
-57.68854570046955
-57.68854570046955
-56.64496706602187
-56.64496706602187
-56.246355497596056
-56.246355497596056
-56.0940994267663
-56.0940994267663
-58.01205302011063
-58.01205302011063
-55.53246788901559
-55.53246788901559
-55.82141862443594
-55.82141862443594
-55.93178798429224
-55.93178798429224
-55.97394532844078
-55.97394532844078
-57.50277648339771
-57.50277648339771
-55.95597555041399
-55.95597555041399
-56.60121814534404
-56.60121814534404
-56.847678885618144
-56.847678885618144
-57.86632046891135
-57.86632046891135
-56.0948369964746
-56.0948369964746
-55.41819052051245
-55.41819052051245
-56.395802542562535
-56.395802542562535
-56.76921710717516
-56.76921710717516
-56.911848778962934
-56.911848778962934
-57.42465098331552
-57.42465098331552
-55.30810027602078
-55.30810027602078
-54.49964984474682
-54.49964984474682
-56.04495122446936
-56.04495122446936
-56.01716983991137
-56.01716983991137
-56.006558295264746
-56.006558295264746
-57.70043879501235
-57.70043879501235
-55.413441846406016
-55.413441846406016
-54.53988674420569
-54.53988674420569
-55.44228636371084
-55.44228636371084
-55.78697234692684
-55.78697234692684
-57.688201689520454
-57.688201689520454
-55.40876768803203
-55.40876768803203
-54.538101374575625
-54.538101374575625
-55.44160441319464
-55.44160441319464
-55.78671186500829
-55.78671186500829
-57.68818717336065
-57.68818717336065
-55.40876214335237
-55.40876214335237
-55.77416723419624
-55.77416723419624
-55.91373955923636
-55.91373955923636
-55.96705144351284
-55.96705144351284
-57.37199923237301
-57.37199923237301
-55.287989096727934
-55.287989096727934
-54.95184709920466
-54.95184709920466
-55.59964121730298
-55.59964121730298
-55.84707655270427
-55.84707655270427
-57.36531326086019
-57.36531326086019
-54.018856632713785
-54.018856632713785
-55.24327057028308
-55.24327057028308
-55.71095507813546
-55.71095507813546
-57.67765939773771
-57.67765939773771
-56.02277487964023
-56.02277487964023
-56.62673321868277
-56.62673321868277
-56.857424776408095
-56.857424776408095
-56.945541110541505
-56.945541110541505
