-48.28825637996037
-48.77322010269573
-48.29199377577
-50.34176762881553
-48.48755732629464
-50.466783109182884
-49.560261293583615
-48.9886498192884
-48.90817408720199
-48.278398847376074
-51.40129761942842
-50.41748517859916
-49.54143115967566
-50.96753756160615
-49.12280272780965
-49.66494045686198
-48.432177490371735
-48.78311110089927
-49.709272745906524
-46.9231416115215
-47.588676696671655
-51.15477048005629
-49.966852618721965
-49.157206410999585
-51.529513915006
-50.02152694904197
-48.44083484078882
-50.12789244492888
-50.04885056705851
-48.319147147204944
-49.38565383280959
-48.73002821466593
-48.27884596525598
-48.18658111180037
-48.071267643049
-46.96139913712157
-48.084538153754444
-48.221323759875304
-49.13694574790776
-49.05442196909884
-49.02078734246106
-50.89157665239028
-49.04026454751194
-48.39734569985803
-48.94651577632675
-48.361536855668824
-50.78980839766092
-48.952953339389964
-51.11774778222058
-49.10611775468829
-49.56508808048114
-49.21584444010636
-48.26697372823847
-50.60745561709075
-51.12306843387276
-47.52156679626312
-48.84059541510887
-48.93911286653416
-48.53762653884317
-48.998159996390044
-48.99929718116042
-48.92294650699541
-48.280554114377665
-48.92947611364658
-48.973062272431726
-48.539518474390505
-50.82136047083355
-51.15427673144348
-49.822860490238384
-49.02176536115725
-49.00046330261971
-51.124679392439354
-49.811555312715356
-49.14855198875356
-49.05674181060747
-49.01553634225149
-49.32346301148578
-49.33001761131546
-49.031546868641676
-50.89314644610412
-49.030467448224066
-49.02847833292432
-48.29595100027878
-48.973920311474956
-49.01486295221726
-48.293964543004854
-48.35577562125532
-46.899826217451135
-48.19780499734777
-49.15347115767713
-49.05683299389111
-49.02170827198399
-47.154189855811175
-48.294963261699216
-46.87659796303678
-48.724641671694286
-47.04072051142288
-46.39751986257437
-48.65474511882398
-48.868124370172566
-47.09552602544404
-48.272555672409226
-46.86803902553395
-48.723392939541625
-47.04024353818341
-50.602619205589804
-49.26826084469468
-49.07358058352179
-49.045177116206666
-49.01725612287724
-47.152489286175374
-48.294313701898574
-46.87634985327066
-48.188837824163095
-49.15216286474119
-47.204019076255896
-48.31399633027618
-46.88386794832297
-48.19170948094242
-46.641873209454296
-48.09927571579325
-46.80185197167576
-48.1603821654837
-48.67929452477536
-50.841753521750086
-49.30315007122469
-49.115793023515884
-49.044228999322954
-49.040894777784594
-49.01562041515134
-48.38793247891953
-48.94514240590056
-49.026438238633254
-49.010098508555224
-49.27198318379044
-49.3101916429766
-49.118482664590886
-47.98799810255035
-50.35892872175872
-47.63595912976238
-50.30756692782548
-48.94012579118209
-49.099988885948164
-49.015887967733384
-50.89086184325091
-48.337070398156996
-48.976211816980694
-49.08376529107217
-51.13683298876206
-49.2224071823604
-51.17052749836093
-49.22428491302386
-47.70648480656078
-49.38576817498023
-49.2969019999967
-48.495372483921024
-48.32052129946328
-49.40744320236468
-51.18405695958805
-49.045988348197675
-51.16505756883197
-49.13625587065926
-49.22283396325129
-51.39319081208905
-49.151014297067185
-49.111741299584274
-49.54416688089847
-49.2078532529512
-48.32212144841482
-48.192894919702844
-47.97630781169727
-49.1211551538095
-49.28818612996794
-49.11007730656146
-49.04204578971643
-49.1187424157543
-49.4158298240985
-48.32515684809459
-49.17205154229556
-49.06571784134007
-49.02510198172463
-51.164612976700774
-49.45937870820024
-49.42308068869558
-48.64970451025096
-51.073504374312115
-48.59431627868545
-48.322627440454326
-48.74126670530006
-49.61677089391307
-49.85361950695303
-49.060726202206375
-48.300655900999665
-51.02257886853907
-51.4197020775229
-49.924243950965014
-49.335171798826956
-48.34069697391804
-50.792352804847326
-48.640904060918636
-50.59802225793783
-49.102210345710134
-48.30670835596868
-49.06468974211049
-49.89798192617605
-48.72496458576626
-47.707374462434906
-50.936020273191914
-49.21121627327379
-48.322612106467346
-48.88406762801886
-48.95219306427276
-48.36370538670028
-46.9028551183283
-47.58092794578439
-48.45796270777477
-49.42749563359321
-49.8050165586261
-49.307488963888694
-49.551439843979495
-49.40456608174966
-49.154530492533
-48.82014118294102
-51.18854069348602
-48.64169661898173
-48.24510629798513
-50.16116542179741
-48.3800940472305
-51.03416873787892
-48.58857728667353
-48.754159837999985
-48.87396245999786
-49.624165774873596
-48.808554396378206
-48.28772091115249
-46.87383163128637
-47.56984196020642
-48.453728238082775
-49.95474187779159
-49.173736816457506
-49.059789713659825
-48.404803649690535
-49.183671854042906
-49.29730719360856
-49.31388636621574
-49.11989392328922
-47.87393904309373
-49.68112871292113
-51.07808910369387
-49.134404639363844
-48.40087455722174
-48.15312045563364
-49.14695177090201
-49.05613058177758
-48.01095745517537
-49.98031243491279
-50.26763745421287
-49.48419442209693
-49.13030879157842
-51.37969157146957
-49.235941227314996
-48.326219428646525
-48.701539438259
-47.63021726964071
-52.51228175846284
-48.80423107003746
-48.26323376554969
-49.152436929972346
-48.31403631585453
-49.22930442701405
-48.722037695581214
-47.039725881053585
-48.251241913829226
-51.487505419970724
-49.422289374666555
-49.16130018803469
-49.416533094043245
-49.30687804249802
-48.68273318716656
-48.35895135740558
-51.26715203850506
-48.622569092131535
-48.32990898815543
-48.19403110643875
-49.15292055441392
-49.29282063945742
-49.111847531665255
-50.7063063630546
-48.21355510784643
-48.177055304082444
-49.1504438182288
-49.05746442516609
-49.41452544631378
-49.126426272625714
-48.928275400840995
-47.831046323336665
-49.33602976577783
-49.74638593804536
-48.66706007085846
-48.46504891701008
-49.428529497587384
-48.70424734030674
-51.17163200972191
-49.03965158292467
-47.7790775794697
-52.959470048970644
-51.792460636085664
-49.329950808073136
-49.302052977073
-52.25885067669096
-49.46527497255478
-48.3596787711496
-48.8175412254594
-48.83580326848486
-48.937282429402856
-49.04315683020502
-48.743564432731645
-48.82735718192913
-49.17666497168624
-48.44944602581271
-49.898389021440444
-48.72512008232059
-47.633657639243864
-47.238347437386864
-48.94514258620003
-49.66257436110149
-49.839314082746085
-49.71744798513644
-49.43421053724977
-51.27813220486599
-48.90588020314171
-51.20104984794898
-51.29984260874998
-48.82904239590568
-50.95377138545577
-48.7745114076047
-47.02282974773724
-48.31937956073008
-48.12199213688688
-51.41589899843028
-48.90700033241739
-50.60289875835793
-49.372991935012855
-48.52443625289543
-47.98634427437535
-48.700605766895244
-47.031539612740005
-46.39401307132478
-50.070641349874634
-49.89885025404649
-47.4892282799996
-47.80490256345209
-50.18631740886551
-49.91572716360525
-49.34977665207567
-52.11991543328688
-47.84852389573713
-48.511291952273304
-48.81333013634401
-51.569512986429835
-48.04864897116675
-51.54811745173405
-47.545253966185264
-51.47467311030752
-51.33976370471643
-51.24074984537539
-52.03972776404362
-48.11725238266094
-52.39352526132449
-48.168870741860005
-47.97496899015225
-49.51021304860107
-49.194884043061904
-48.6315878928124
-49.2909319530688
-51.40312617490578
-48.61921320425453
-47.10022952898245
-47.941726891455254
-46.74167367566623
-48.137396101793115
-49.616793573594265
-49.832634755865236
-49.31803817652605
-49.5529789533609
-49.21121916512052
-48.322612528382095
-51.113173522507196
-48.51711746584158
-49.33428116366698
-50.40945073949668
-48.41793953640811
-48.93188203345807
-47.19168784636962
-49.02728592776221
-47.156320330740904
-49.47365654763767
-49.18092070220366
-50.47724569346361
-49.56425764516869
-49.21552724204246
-48.24065574129269
-49.161070686196204
-48.07922798641168
-49.84437493743294
-49.24055090750309
-49.09188227064155
-48.34451396219348
-48.74962661270891
-48.019199105091666
-46.771265428091645
-48.14869914543296
-50.854510642936496
-49.777147265121684
-48.67880985226256
-47.02321431416621
-48.244935056485765
-49.86855127313527
-49.33175706536568
-48.508685934211876
-49.90703200759543
-48.72842140926751
-48.278232220207094
-46.87020727385398
-46.33238960135483
-47.9810634964602
-51.44808692011481
-51.5719528093422
-48.52127813646855
-51.908869185145264
-49.416857984751985
-50.18543055782654
-49.45279418178699
-47.73982385956704
-46.97820059169599
-48.975533272939316
-50.50300816137775
-48.338030054778024
-50.53195381259163
-50.57865419201978
-48.82887186232557
-47.64879481994468
-47.8658515582439
-46.71269187728721
-48.12632603986743
-49.14304251832623
-47.20053541391456
-47.69463170091723
-46.64729171133733
-46.24724343309477
-48.86888806074368
-46.477783740535415
-47.41856512711226
-49.03978159278992
-49.01519521631914
-49.005804056167506
-49.50742460913083
-47.33971698771016
-48.36582832024934
-49.41405340761246
-49.158154328550246
-48.44237558928838
-50.369493413653366
-48.905065947896574
-47.10963645253656
-47.659911387212894
-49.31106151509138
-51.406063038425124
-49.24128889998154
-50.777849362321085
-49.292571654266744
-51.40336540408649
-49.498902702524
-51.19740072082907
-51.44520824202859
-52.29816725530674
-48.43302415663778
-48.13558778917533
-51.14567856744847
-51.67373005904882
-50.021274005814384
-48.38744385350454
-49.52487502762966
-49.225993677457815
-49.11591975724289
-48.92674252090508
-49.7166945539734
-48.655718971316
-48.51821111633733
-51.762523679188334
-49.34744567321864
-49.13271243792543
-49.81892530443021
-49.93083562079488
-49.35554756920454
-49.13580708681873
-52.26994748204962
-49.28555348882358
-51.4023414675478
-51.71117667150997
-51.52016714302113
-51.88646060319888
-51.478964238772434
-49.005405525953286
-49.01345685713325
-49.00514006204315
-49.10361200708605
-49.272297885643155
-49.20867014607353
-49.22597326809112
-49.59300398359594
-48.37831418271338
-50.97818096914469
-49.39770638328895
-48.25601357406987
-48.09778848371335
-49.33087175958004
-49.33207986973378
-49.75976451429104
-51.707595901246016
-49.434554596815396
-49.16598508601597
-49.093703141504754
-48.02650813335534
-48.14976551828525
-49.38253026963931
-49.94435423418867
-48.12464324254041
-48.493249376647725
-46.95233651944994
-47.59982815920189
-50.302295490263205
-49.460512182639725
-49.17590000153498
-49.067187821965206
-49.28031240236511
-49.22400523198987
-49.08556238496232
-48.96122882264269
-49.064952795041116
-48.30127255258372
-48.937404582220374
-49.64070282554259
-49.18677532548727
-51.15186195023978
-52.0565982136901
-50.7855506164273
-49.29300083044869
-48.50161994914557
-51.28796710551785
-50.491959657916
-50.075013443338186
-50.02865258574202
-48.33460150325608
-48.602238837689136
-48.85179748476713
-49.31069108431319
-49.11867343420608
-49.867036230906436
-49.812367794755936
-49.07430251903626
-50.03291785470783
-49.06053074027799
-52.175582531285194
-50.21296459287052
-48.45952563012662
-51.66379163839104
-49.251773581413644
-49.70403976747234
-49.124124836406054
-49.11940976919077
-49.04561047324209
-49.72390133455361
-49.12428632323588
-47.660146429278484
-49.02865808086878
-48.295977225150445
-49.16779429268243
-49.06409171668644
-47.82901096794529
-49.09966483392846
-49.03806857907756
-47.16043893705453
-48.297350198335714
-49.167994606770556
-49.06416822985968
-48.06509010856661
-49.13410831635457
-47.19712285242374
-51.024140897557515
-48.311362207166326
-49.56582800823566
-49.216127067359366
-48.323328581668584
-51.02588676806852
-49.12811614380006
-47.83835200597315
-50.95512963925959
-50.072953585138464
-50.00059315778763
-51.27059637180334
-51.212411100790995
-51.44739822695089
-49.239714389905316
-49.15479143753105
-48.314379833877794
-49.065117258921845
-49.37746425296013
-48.49276539356886
-48.35490765807075
-51.884596059472926
-48.60744685445162
-49.4680920295411
-49.83761536849621
-50.35411759735284
-50.135260886174336
-48.33170340562003
-48.19429290841856
-52.39781858267762
-50.91588519972675
-49.35378462959488
-49.72511078678387
-50.05230682931846
-50.427571278006496
-49.1181098987501
-50.40768574143633
-49.115208638064445
-51.995522477512445
-48.72883690702457
-50.106335871659546
-50.0422508076473
-50.268303571906706
-48.47683906484032
-48.83350190447575
-49.55443737532176
-48.99072137914766
-52.08196388406496
-49.9790910262734
-49.99201348270632
-52.54587465834354
-49.5714402145862
-49.836304728183286
-49.949885343618035
-50.05413438554608
-50.05061427715491
-50.019332933557166
-50.04867485870631
-50.42926154425681
-50.163963319842836
-53.09280563346951
-48.88892836194604
-48.893624922653025
-49.98594130135998
-49.994630054957106
-49.96361258753568
-50.067401614029365
-49.407711136912724
-50.01459034417643
-49.88414167978361
-50.333821731154636
-52.645451686696276
-49.999036681559524
-49.0555875437345
-49.63926654110535
-49.99232134236989
-52.30872801021031
-50.26382164037153
-48.47618515984193
-48.21537251227233
-49.31833295694537
-49.00053551734878
-49.0526338691345
-48.29947524551603
-52.34864453447474
-49.70634699024267
-53.572252412385126
-48.95887870427776
-48.28579655130949
-49.16513718415798
-49.063076791541896
-49.28718059786086
-49.109693227473336
-49.04189908455914
-49.376170348449584
-52.26966425544155
-53.163955282139774
-52.82229462953602
-51.078020622216464
-52.401807392884216
-51.51581414980544
-52.73736429059143
-51.72170109245464
-49.224488375136964
-50.444391992565485
-52.1894477154278
-49.37516420668088
-48.346531787588866
-49.25659995249573
-49.098012460341764
-50.08750137220482
-50.03342255011999
-49.8613180897287
-49.39719461158123
-52.34044635697258
-49.60572703206331
-48.96777996909645
-53.62237314430067
-48.50971870878286
-52.14325066487444
-50.49336583873245
-52.28676284703822
-49.35198311846404
-49.303280795649385
-51.64099582425716
-49.4308431017309
-48.354655228898054
-49.2477016172593
-49.094613598724735
-48.64459286014714
-48.9761734821438
-52.261051406161144
-47.98737618566845
-48.96218381274196
-48.16327368569125
-51.94680698345247
-50.1255801093933
-51.52489969978684
-49.96442586713417
-49.34538950899901
-51.411071425238845
-48.49735133905902
-51.75948027869896
-49.96531005907215
-51.50151661457592
-49.33290024803106
-49.431083926205964
-49.16465940780693
-49.202671659293124
-48.32136546408841
-49.178660926263944
-49.82148592592374
-49.419615234108626
-49.16027875723225
-49.36409150649055
-49.139070580464235
-48.9996195190688
-48.29174055608089
-49.34560432743378
-51.345497790313175
-49.712452660073446
-49.330844360920224
-49.669568271209066
-49.420665628053264
-48.35317035549994
-49.33778881185041
-48.868817774505594
-48.94989284858099
-52.41223565232057
-48.789634539866924
-48.261104160498235
-48.18399261737103
-49.4185308033833
-48.352858888778194
-49.71763434889509
-52.17358514795275
-49.37716612587949
-47.87468790866409
-52.38934858594995
-53.193906921782684
-48.90367884112056
-51.818762662308416
-48.49458932920461
-48.806950302033044
-51.33251420364842
-49.323482066464535
-48.33899146495129
-49.624628956563875
-50.17561540380442
-49.08135003211218
-49.664257475982474
-48.571545480492944
-49.25978849672049
-48.3296986983631
-49.86434482622944
-51.48678598562703
-52.57759892690841
-48.73610578414552
-51.94021211653654
-49.44751785419676
-48.3570880424961
-49.37246347275713
-49.304422126676684
-48.954244645962746
-48.90315444006294
-48.89570047947826
-49.23403371657238
-49.824571745765645
-49.71451972271571
-51.70099477511773
-51.75474960185745
-49.52735232623641
-48.62925933495431
-48.858389666964285
-49.23373035658035
-49.08927705201106
-49.12070587390071
-49.415871618732474
-49.21667123599289
-48.323407974802244
-51.0524647624754
-49.783971778554125
-49.18050282311538
-47.832877965864974
-49.12845402323513
-49.41603654766973
-49.15891182064767
-49.82038534598852
-49.85354415138517
-46.58549963994777
-48.6957769170588
-48.88379712247874
-49.87159004865184
-51.25177507183275
-47.761160747405874
-48.52680551210656
-49.07695533623667
-51.13583942974163
-48.1403124882202
-49.07187043227066
-47.68424783350381
-48.76726084476831
-49.4726216236232
-49.57553237434272
-49.21983380537299
-49.13334355982537
-49.12075814741177
-48.30941444376734
-50.369792232211935
-49.52321407517937
-51.43701567979706
-49.32930573413257
-49.1257835977484
-49.43767024067644
-49.09948629589307
-49.03800038361632
-49.22203508534548
-48.370431065021485
-51.74096286027383
-49.360493021496694
-49.614471289601816
-49.227738816325235
-48.32502271301111
-49.33622019749648
-48.34084993322251
-51.73664703130825
-49.21420094647893
-49.456430062431316
-51.66334000115095
-49.45073039233824
-48.444182834853166
-49.18276512749736
-48.31846114024062
-51.261244595434576
-49.409680291073144
-49.2250570729722
-48.32463145192887
-48.7420321695695
-48.42909731705179
-51.277386196092976
-49.32040988789792
-48.10247526263931
-49.07106502014781
-49.24861515629227
-49.2073503528008
-51.86306773876855
-48.709512021080926
-48.249414442548236
-49.422176636744794
-49.487532433852564
-48.36292609098923
-48.77602658160673
-48.25911878614472
-50.45325976243149
-49.39909469332886
-47.87788724353792
-51.43303370768372
-49.59959365768068
-48.3792756032054
-49.24907366369456
-49.38771579204153
-49.95444429867276
-49.36456528172444
-50.41386913277512
-47.78987286145342
-49.486737205903886
-49.18591706906613
-51.62387268731506
-49.283990828263974
-48.33322977094747
-49.15633767366086
-49.790465478134585
-48.17229167157405
-49.395336225353255
-48.34947484544994
-51.265769434043925
-49.4099324516864
-49.15658026345263
-49.249310448133386
-51.39705367917397
-48.64152148608607
-51.30837846467612
-51.690947421584525
-50.027850453106396
-49.34094559130297
-48.34153935888757
-49.51319349251642
-49.402434685633125
-49.61536406977344
-48.38157647532117
-51.506520976222106
-49.42334907529675
-51.90514152742659
-49.389835347249615
-49.14890385263323
-48.50664179131908
-52.56112322308588
-49.39195010047559
-48.34898081648826
-48.19681364869253
-48.17461275810978
-48.171373691826254
-49.38568285967188
-49.1473177435164
-49.05627037087733
-49.196631345288004
-49.0751064906464
-48.43618721573978
-49.424318632121356
-49.162075295410496
-49.06190725411013
-49.31239940674458
-49.119325955311126
-49.13252636881455
-49.050620568481555
-49.196316492591606
-49.72243276922216
-49.33829545729482
-49.27302672326334
-47.71359614083615
-46.65453548280876
-49.164379147458874
-50.002696358151596
-49.38299592841817
-50.03459211663838
-48.442741023051745
-51.51544476347122
-49.966705817971715
-49.369248765342924
-49.41822384464614
-51.893833766598846
-49.44493327733734
-51.66924904284475
-49.43241759963916
-48.35488494504701
-48.386414556017584
-49.339641447648866
-51.882368749389556
-49.439753974512094
-48.45176232363857
-49.775467720776525
-52.105338732336165
-50.1861338491709
-48.459836806576
-49.41082976271746
-49.40046090044301
-51.89124218796599
-48.71362261782083
-49.35787612796604
-51.885029153393894
-49.534612556809705
-48.3697949883574
-51.740870057939226
-49.43640890201429
-49.166693367576435
-49.292954951735695
-49.11189883439045
-51.61307357241421
-49.429287047967165
-48.409284533010215
-48.38757251849899
-49.52004586618519
-49.67359565914941
-51.363776120766516
-49.41539417714476
-49.577324404083015
-48.37602656289242
-47.98651338839095
-49.22718577563845
-48.94297601421221
-50.30655591037142
-49.49905994955982
-49.673148947970155
-49.3211787539013
-48.956689404927104
-49.44992779918842
-52.28042532247878
-49.958773350609704
-49.049713202916685
-49.01898875382455
-49.00725305855698
-49.513072368749356
-49.40242793563693
-48.35050951203626
-47.98509137188427
-49.83064059046948
-49.31727647312406
-51.64303776608172
-48.67741008069978
-48.24473083256706
-51.250487488517194
-49.356505153239844
-49.213362856260886
-49.22346089075462
-49.223542994023276
-48.324410550787285
-51.2621126027353
-47.90727882828125
-49.13260024119201
-49.05064878521891
-51.368069333173175
-49.904521997555854
-49.24390278828291
-49.0931625751732
-48.30538830403752
-49.15478612188714
-49.0591230375741
-49.62934249317693
-48.05635829135333
-48.154120597644294
-48.676902818683565
-50.16764249778324
-49.25856599120065
-48.329520337211505
-50.37091269525134
-49.523642053977284
-48.36819441356489
-51.26850058222455
-49.31991470960854
-47.72043700585042
-51.43637278096704
-49.23909996285923
-49.206820089244786
-48.32197071186151
-49.396553208565564
-52.39715961041212
-49.6102267845354
-48.38843303865279
-51.928148331160735
-49.49475737145099
-52.90499985767565
-51.930411576028035
-49.15538223428647
-49.059350732249534
-49.06957763001728
-48.367185819608956
-51.054904418150834
-49.78490364410129
-49.23723668591584
-49.09061635064147
-49.40821166882789
-49.47678935892592
-48.56408334088553
-49.34954258968232
-49.22456811624934
-48.32456011410442
-49.492955445787764
-49.22573415150701
-48.439393511714975
-48.78586737578884
-48.260554538666426
-49.39869416987405
-49.152287621775464
-51.41953332864634
-49.241398421775855
-47.78725110257411
-48.53677114100227
-50.61853036419753
-49.61822358729971
-49.320561530584655
-49.122443609197646
-51.614612034324914
-48.05522883357865
-48.15395581197576
-49.14634707834047
-47.69511382972571
-49.316197482237214
-47.26667472480779
-48.33792865843584
-46.89300928425005
-47.57716717181409
-46.60242425369244
-48.084207555512904
-49.372965491774146
-49.560992740654775
-49.21428015948817
-50.00997681768882
-49.38577681650767
-47.29325166558451
-48.348080146495555
-48.75098877390215
-49.70631553797857
-49.26978852872565
-51.87217734586694
-51.77972480234208
-50.06176039512359
-49.32052883144594
-49.122431119238065
-49.20031835742718
-51.2440077957203
-49.31854977339786
-51.36624096443684
-49.49602587139302
-49.18946502357285
-51.10072846763515
-51.715373061199415
-49.333973725603535
-51.40940588488772
-49.654005014246216
-48.9938739777905
-49.193154113478336
-48.912463547314694
-51.141019794436716
-51.43154812390381
-49.22872931252912
-48.32516722445969
-53.24490894258661
-49.4923078324787
-48.78323677894092
-51.32905444725599
-51.700484239349976
-49.41345920459839
-49.4526047742607
-49.17287964029711
-49.20312975714916
-51.39031600716214
-51.70942218048476
-50.03490718307233
-49.25116890563615
-49.22376827732876
-48.395947139080555
-49.80041369530892
-49.23810103144545
-48.37077304854578
-48.759656691181966
-49.08505393929634
-51.373088977503954
-49.32574322111372
-49.21164855253876
-49.410274620948655
-49.15671096048091
-49.2724627908156
-49.208679335923826
-49.276045280822025
-51.40095423869588
-51.71097427754811
-49.22714140064448
-48.32493555123795
-49.15587545263839
-48.31453798955051
-48.87675934968949
-48.27381549894222
-49.06285668601373
-48.33260090225843
-46.890974262474046
-48.1944238514134
-48.69229729176615
-49.46168458863725
-49.176347820777416
-51.386408575305474
-49.32648549685878
-49.83102489754646
-49.85784092402868
-49.32766607603834
-51.40848561121857
-49.241857572320754
-49.340173749169786
-49.21245273830503
-48.32279250428421
-51.9548712744887
-50.33030229927691
-51.790836242255715
-50.06600458750665
-49.433241792088204
-49.16548363923078
-49.29288753588557
-49.111873083827085
-49.38006986577851
-49.14517377062778
-49.20158576195068
-49.30613706713588
-49.23848499777458
-50.14786886174041
-49.43844689055718
-48.35576460673686
-51.26668709784844
-49.1739156138377
-48.16778065883148
-51.47532858697222
-49.09537286177203
-47.895598948006686
-50.9634818555405
-48.513915355022974
-51.28976098105953
-52.38998321852554
-51.85527166102734
-48.33631281712993
-49.21632993125671
-49.082630680956136
-49.19810035502053
-49.2725913305477
-48.33156660664492
-48.74468116295379
-49.39999010608748
-49.15278262536174
-51.382970459629384
-49.910213721391465
-49.31901396532048
-49.12185249186654
-49.42936797736133
-49.164003973671235
-48.07965594728671
-51.22640338733323
-51.150384443340336
-49.82137376847699
-49.31373686209062
-49.21097946108254
-49.08058698320539
-49.23778337106315
-49.0908251657866
-51.37393098810121
-49.450401942254175
-47.935970255842335
-49.134199159649384
-49.222817240918175
-49.08510861275127
-49.198238445426625
-48.320718666902096
-49.35857160742984
-49.21347801580597
-48.32294209025564
-49.40779639098141
-49.216221218974006
-48.323342318204034
-47.95700506470476
-49.42492204576306
-51.42267506597189
-50.2036719293318
-49.260573842604664
-48.32981327878342
-48.74401145130412
-49.179229752114466
-48.31794533592369
-49.407067374349246
-49.155485901290234
-48.07841317727498
-48.90606925409517
-48.96412164765299
-51.82758114893585
-51.966912996593926
-48.49774289222105
-51.52346942803562
-49.514463523894264
-48.989841047990474
-48.819443866648506
-48.26545328266309
-49.215753799396744
-49.08241061816763
-48.96202011384185
-49.19137895848133
-48.9680927113181
-48.28714085681964
-48.02429276435299
-49.61938777810813
-49.236585079021026
-51.395197072841725
-48.970690721709545
-51.592471586424466
-49.593098005147475
-49.226543279306576
-48.95305822450103
-48.04887937725479
-48.97792494203963
-51.357459067446555
-49.08880421857955
-48.06868445088033
-49.14159506825485
-48.312454509547756
-49.168114983607026
-48.494660299432944
-51.28695170630919
-50.458273554730546
-49.55701093301194
-48.13699488990471
-47.64695468855637
-50.92459736910865
-49.10674552177135
-51.37625373673599
-52.1795064778791
-51.82456351841685
-48.46782635354073
-48.79672775496953
-51.331022754131936
-49.08733097333186
-48.06846950729546
-47.91981962273679
-49.13329911571411
-49.050915731532484
-49.607881554269326
-50.213300521019086
-50.08147354921123
-48.38872527520756
-51.889529983319306
-49.972557480715814
-50.301261917033074
-50.24472610997025
-48.47339915950297
-50.51991772529791
-50.19859089971027
-49.08470211178928
-49.10282800053503
-52.229784144340115
-49.31775711647361
-48.95619019475419
-50.25993777572298
-50.071311184387035
-48.830064274087526
-52.898192385472385
-50.118938253592944
-49.96405572919635
-48.81441591406621
-52.65984134301407
-52.98481337453124
-50.304105363366126
-49.08038196484808
-49.054333499479874
-48.91775720699141
-50.10960125391668
-50.0291217397291
-50.392635900963334
-50.149973568964555
-50.14612515554354
-50.429568317063314
-50.164080496628095
-49.96657142017906
-49.0508509259339
-50.604166802605825
-50.17143647694567
-49.07755794358842
-50.9772590604431
-50.373279745275475
-49.82760583334715
-49.93415128780082
-48.69137869204307
-49.79433061771927
-49.02572133152344
-48.958860928173664
-49.76163942060292
-49.29092037149854
-51.40312448517744
-49.09134906508878
-49.03489223802339
-48.0608187989216
-48.641264702783005
-50.07227302299731
-48.212170615699655
-47.9407853319007
-48.595415998168505
-48.8110480418542
-51.569180033330944
-49.28094291112036
-49.10731064314964
-48.27349561349098
-48.9169408256582
-47.916192657798355
-48.58602243253566
-50.06421328438832
-49.162632134938384
-49.119722857354446
-47.809662084779355
-48.5453313744834
-49.204174572777596
-49.07798774716255
-47.175686702460375
-48.303174326468266
-48.733836276944416
-47.044232538115295
-48.00645344033881
-46.39886133740147
-48.62049898361495
-49.45120935665139
-51.42651033294308
-51.71470286144912
-51.22186445645073
-49.84867670396887
-49.21547076794418
-49.08230250977264
-48.94215502774152
-51.73420631853315
-52.076381577895646
-50.221432616300625
-50.084579733209026
-52.70478678072811
-51.033136617916725
-52.275344398647604
-50.86910422417169
-50.07112242782921
-50.02716635006835
-49.77860156879824
-49.91543332433683
-50.050822363748466
-51.895958702939765
-51.86959017973552
-49.32849762114315
-49.593768061241605
-49.84483320671006
-49.72618725173111
-52.08466305590991
-51.78993636915191
-49.967007318821985
-48.81484654518903
-48.65355962105715
-49.91250564197833
-49.75700939920157
-49.90718584944176
-48.958592269747754
-48.04968678357498
-48.90446838704166
-48.963510170850014
-48.86522407526312
-51.34101623258191
-50.01894409770073
-48.440458007856655
-50.732749816002794
-47.9698130179353
-47.942165783164036
-49.15779747975141
-49.060273273925965
-48.88282263897949
-48.32876865499981
-49.17257849782132
-49.06591912044034
-49.02517886349971
-49.2741833779251
-49.10472873121713
-49.04000281572629
-49.105554841760984
-51.14001204136386
-49.4208701296094
-49.16075808466122
-48.03024497726257
-48.15031071646375
-51.23671177923124
-48.99190525908505
-48.054547083217635
-48.63886912055186
-50.0719235122601
-49.409438348343194
-49.216312722121636
-49.38589008734104
-52.27108234623438
-49.93809257513554
-48.81062794093878
-48.72235353034769
-51.938205689747804
-49.91954199486368
-49.96926777670494
-50.50209403779669
-50.19178285688966
-52.15259253922533
-49.84131942075688
-52.10146061299218
-50.40932548178927
-50.156348421582074
-50.059719782956954
-49.06444108891026
-51.71179511130191
-50.595637953888456
-50.22751345339595
-49.789766530203885
-49.855541674020124
-49.9448218294336
-52.498527422156634
-50.15239377854794
-49.8757501979526
-50.57057478746324
-51.11322816848176
-49.218145890897794
-52.01054082030049
-49.597335172280076
-49.06533748758461
-51.57374668542719
-52.82635429952259
-50.807151458731326
-50.002408536632075
-50.283799671891046
-48.38892997160936
-50.3796151560855
-49.96521516110522
-49.33883240640001
-49.83041197658433
-49.317189150390234
-49.73918946333626
-52.19018871266463
-50.836577646461514
-49.8111564669341
-52.24937025617605
-50.843148882925355
-50.32205421570098
-49.885205050063846
-52.10786344001796
-49.85187334274302
-49.84668636484167
-52.33831161708118
-49.089240706001746
-49.65212090526253
-50.11838077749359
-49.309067590170784
-52.49594207244924
-49.792297839328384
-52.33037643815022
-50.32336293287645
-50.12351364965695
-52.61476815112396
-50.614858851343485
-48.493245246908636
-51.66871126417834
-49.63401375401239
-48.674652600547475
-49.49376234031042
-48.66801118306746
-50.312243259380345
-49.501232323575344
-49.80948770009559
-52.56895238253638
-48.14987826982546
-48.35376775931384
-48.19751205423846
-49.31151086903107
-49.05925336393903
-48.68240702804253
-51.3306000713409
-48.65414203556951
-49.70878036035868
-48.77717173968791
-51.946203558704255
-50.56618577373075
-50.21626372161849
-50.082605391124716
-52.13666376164038
-50.312567695405605
-49.501356247109825
-48.364942958162395
-48.58110850502734
-52.38973427327613
-50.3871563670515
-48.87614546520778
-48.77947624184878
-48.25962208479114
-49.03686261076665
-49.271294497490075
-49.10362527708038
-49.19927034376287
-49.69414848711744
-49.265141128839545
-49.82630530243616
-49.22844449210371
-49.705292020190804
-50.35709448111794
-49.359293732128236
-49.137237993728185
-51.339209199087826
-51.701965797675456
-49.994471177509574
-49.99788817772642
-49.5986499608014
-52.538191570932995
-50.48084210705002
-50.60225792846335
-50.2300420586789
-49.970247332045616
-49.988635492097416
-47.92241199073165
-48.58839800632883
-49.11505397857816
-49.04394670927596
-49.016786149249704
-49.38783871660588
-48.9790410384004
-49.885485948711484
-49.33822553584734
-50.04916121284086
-49.40074392362715
-49.134814471025955
-51.616416918741464
-48.67352615141607
-50.545309605566416
-52.676307351734984
-51.827078288465245
-50.558363197295606
-51.44934374079965
-53.13520961761099
-49.186464224092504
-49.07122299591746
-48.29777539523879
-50.16805664216267
-49.16841912692642
-47.61618455198213
-49.026208169414204
-48.29561978788636
-48.73095069997545
-49.922283625523775
-49.352280997682605
-47.89849139002424
-49.19729513863981
-49.07536003714529
-49.24865007743802
-48.3280736248907
-46.88924499639607
-51.052724770243444
-49.217719991988986
-48.323560986239954
-50.37058059200405
-49.523515201824594
-48.36817590608524
-49.15828515502499
-48.31488956039064
-46.884209131866925
-48.191839801459814
-49.30934426126241
-51.641880471967816
-49.32674552312483
-49.12480568416182
-49.04767152936063
-49.28632209202353
-49.20945168830889
-48.94038864574048
-48.97723048878827
-48.43410380404081
-51.32101284210256
-51.69931098496989
-51.51843596268584
-48.65923092258258
-49.174505095179555
-49.066655015148555
-51.09388450043268
-49.79979271064869
-48.40848425139211
-48.774061088912624
-49.78232824843795
-48.405936220695054
-49.077524561794306
-49.13218649762041
-48.31108181759179
-51.41992400604662
-48.79055187947748
-51.72528097860742
-50.143744084897634
-48.20080338849946
-49.31276804685044
-49.631387554345864
-49.43351081269705
-50.138108593148345
-48.188304698381806
-47.45389200579066
-49.51707166992721
-51.71610482220962
-48.49240413016712
-48.21773882815223
-49.24007152775595
-51.395705738856925
-51.71020853174147
-51.75609387083231
-48.69390474408636
-49.176437401024984
-49.383667911858154
-49.146548101937114
-49.055976393953195
-49.19661496251552
-47.62221918129272
-51.63180021760918
-48.675770544473465
-51.513248390163625
-49.33355403747688
-49.12740630523141
-51.61533608191834
-51.74225216694604
-49.526655868058896
-49.49335486185845
-48.36377557178694
-49.270000234801756
-49.10313091272382
-48.41125004783105
-51.510850292105644
-49.6039302273009
-51.684859985183266
-52.224531522730615
-52.303268538929785
-49.3775803514298
-48.34688429835699
-49.076267568624274
-48.30292335580183
-49.422709576767986
-51.51556809897241
-49.60419314166658
-49.23078124434705
-51.63041828227437
-50.18117371690401
-52.39833680162932
-48.10345866590121
-47.90746499133945
-49.20072274934073
-49.91288533293522
-51.87583396136275
-49.88162428382209
-51.871273035764176
-48.83368847885318
-48.93647465164261
-48.86371743741552
-51.10472843958257
-51.43168753841157
-49.928821989653656
-48.919019059180286
-51.11279683746126
-49.22106769355743
-49.13411473744869
-48.952151706726035
-49.18832190763745
-48.515053359848714
-48.81476686619227
-49.27334275999287
-49.104407643738575
-51.66816983209288
-48.98606577664216
-49.03314231860121
-49.01265923923968
-49.004835399117844
-51.915124522548396
-50.113478486175175
-48.933531822369005
-48.04603051357751
-51.5354542363445
-49.96845734136369
-48.197024111876864
-51.24352717177182
-48.61912227052755
-48.21031730277575
-49.11197994851865
-49.41568587662327
-51.18525954955522
-48.98923469993736
-49.089940791029015
-49.03435432519803
-49.11867987938862
-48.07304325104936
-48.96496579178869
-51.119500375406076
-49.80957710423696
-48.912373769473646
-51.11182730275936
-48.98494568574052
-48.28959967265071
-49.78489780906248
-48.170243137037986
-49.159571866866905
-51.147893019115855
-50.43798516569314
-48.85958243537812
-50.69224811106464
-48.96156333878327
-48.05012025670539
-48.96022063367213
-48.28599233616956
-50.784371505762806
-49.20276517711399
-49.18893287131715
-49.11993669861494
-49.04581174237246
-49.10587856214793
-51.32803301470276
-51.70033521434885
-48.685769665740864
-51.786970142084364
-49.34880802790311
-48.51519882236027
-49.3342655639083
-48.961851282918445
-51.55333578994018
-49.516127919198475
-48.57910933384116
-48.73234597082021
-47.634711882168055
-48.589546560887335
-49.9188294140352
-48.732927617548405
-48.8979874273599
-48.27691263373463
-46.86970323667259
-48.18629904253282
-49.151792461493216
-49.057979561054395
-51.13307090145365
-48.37666797114096
-49.8052751773707
-49.30758774745901
-51.953282568916926
-49.267906358044414
-49.10233112297077
-48.872960301776914
-48.950347847759325
-48.864490564137306
-50.10484123725112
-49.42201180045744
-49.161194164121206
-50.148129709095414
-49.02141060325669
-49.008178122724416
-51.36187294702316
-48.333158463492985
-48.74528919816452
-49.116329601045116
-49.11934638910393
-49.11937091745751
-48.33380387754055
-48.745535724393875
-51.921960483190404
-51.31485210919192
-51.22627619115219
-49.850361836675475
-51.01260993994558
-49.1253145253663
-50.906826962849614
-49.11941944209814
-49.01981063491352
-50.908804887680674
-51.16703469992392
-48.95595806883984
-50.882118188839485
-49.030377781668705
-48.29746769487869
-50.78604573803504
-48.12081915388704
-49.58219453692712
-48.376737105698474
-49.5964563555785
-49.04639499096168
-48.2985650054578
-48.18945808099326
-48.69040053624599
-49.73854801696413
-48.582177532856164
-48.84040601881439
-49.01115740569527
-49.004261749749325
-49.0350636346574
-49.039557569101284
-49.63314363563426
-49.007067228244495
-49.000021948125486
-49.01315684062354
-49.01518196947706
-48.29401108699579
-48.9314394594918
-50.87854097194531
-49.117843117851265
-50.90573689918382
-48.33738703211185
-50.79186989084598
-47.64900776779949
-50.69143670970831
-48.242655443900304
-48.80043347734045
-50.8594274567399
-49.11677795815566
-48.30883374198092
-48.974638242063996
-48.99031267048289
-50.88713045766948
-51.16387244320263
-48.79660064059396
-50.889239211921094
-51.1641801063016
-50.96822546468948
-48.57895629277613
-48.83917561458974
-49.00419318167195
-48.38356766412779
-48.44881377227855
-51.15234596972514
-48.60581911243394
-47.998217873563
-48.34438060272196
-52.69797875071441
-49.794468204348135
-48.41705786537979
-48.777335918049495
-49.3363969006951
-52.13177242140081
-50.19623061994555
-49.260159152645464
-49.54345185166809
-48.37108462409697
-49.11452800656309
-49.15879859351532
-51.318212192026664
-49.32268504267368
-49.09703869380288
-48.30595382212417
-49.21608309384251
-49.20553740309669
-49.542289160202685
-51.43979869719558
-48.647757900168045
-49.08369578180438
-49.235562234703465
-49.08997676719084
-49.248768920497476
-49.095021272285415
-52.26767456650656
-51.837427069187115
-52.34967178391498
-49.24896102294574
-49.20736962728879
-48.32792396463028
-49.21626172469523
-48.323348227909115
-49.23422900214112
-49.08946751766694
-49.198481358872066
-48.03234722328292
-49.5173163568664
-48.37671649192793
-46.907824918294054
-46.34675826295423
-47.98655183681833
-51.212819680681825
-51.68352581545338
-49.25287332940907
-49.09658901698592
-49.226462549947364
-51.86585617075288
-49.245027302647024
-49.23967161722248
-48.32676368519915
-49.15597733105232
-49.05957803898749
-49.19681567531414
-48.320511087540204
-52.11564564496456
-49.2733694806239
-52.93008941401086
-50.50116057732599
-49.27715231675431
-49.10586276493937
-51.8482608992495
-52.01230341730609
-49.36136542094485
-49.13802930844202
-51.616885957199294
-52.450682223201454
-52.33626348145974
-51.84743405701585
-50.08762302905605
-49.34427660279507
-51.646977031911725
-51.982936496835855
-49.54280030438348
-49.25726496844923
-49.38817227781013
-49.30529754837848
-48.100270402018054
-48.656333874255175
-48.35838941539405
-49.42316055015242
-49.21707743421907
-48.32346723832475
-48.19309126780454
-49.388851411304934
-49.14852802254512
-51.38234972144406
-49.2519832483285
-49.15126180870583
-51.909944230831435
-50.11149979081094
-51.5228454089911
-52.20089391462528
-49.46204515290223
-48.35920754681293
-48.352064714191364
-48.75251074333148
-51.42932036644847
-49.50921677651664
-48.40633574735764
-48.20518162033226
-52.30825544604567
-49.33066360748595
-50.790888956412985
-49.54159347416075
-48.370813490472685
-49.24860208631459
-48.328066623080154
-48.82981202004255
-51.92665704017924
-48.228130389878835
-50.77592956157002
-49.67834473089405
-49.05095847371128
-50.89597856111571
-49.118814881389945
-49.05515159162124
-49.02106603346566
-49.01432958730536
-50.76473058303124
-49.11150068225483
-49.10615150950982
-48.30728336401774
-48.19073007236469
-48.968056550134186
-50.883883333471694
-48.56665094166914
-48.83447538871037
-50.86439410467388
-48.56380750150823
-48.98884744268278
-48.90959266028066
-48.278605814398986
-48.929191860510535
-48.97295369739517
-48.98966923167497
-50.88703658121256
-51.1230747347541
-49.45849451536867
-49.423061867558076
-48.80427365109584
-47.00085872143708
-48.978839049517006
-49.267422490180664
-47.327985248353876
-50.0790310801807
-48.79411920896162
-50.07056598174126
-49.40891981782576
-48.34509023286346
-48.13181273976823
-51.23401296080301
-49.22782283658858
-48.49798770403766
-48.190214376962864
-49.38843167858782
-50.56324922690051
-48.57240846610646
-50.212239118015376
-50.08106812933957
-51.61442114200214
-48.6309882691976
-49.17293118604985
-48.31702638751941
-48.49481357065459
-48.45713849769424
-49.4126229740194
-47.958708977662404
-49.11858751852751
-49.28781151702891
-50.54856894317343
-49.59150070236974
-51.21091058693578
-49.46036421006962
-48.9769962893087
-51.121255601339286
-49.458455792865024
-49.175114530535154
-48.44885380999055
-48.21138492206928
-50.77348643074237
-49.416611242389834
-48.50850852130727
-50.43487016840191
-47.88310681500756
-50.96165927789858
-51.82386898157296
-50.51043783282501
-49.13068135164084
-48.31086221975286
-48.73677279087725
-48.25339173526004
-49.09917455281088
-49.108852369650734
-49.041577905450616
-49.1187386115657
-48.243620474378474
-49.16015554569125
-49.06117397496727
-51.16538081367102
-51.44053660053336
-51.4806812888116
-49.947535937070136
-49.36192652239881
-48.34460043548071
-48.74965964256551
-48.25527190158259
-48.183141702262915
-49.39591440627339
-49.1512258465607
-47.883562139672435
-46.719456717432394
-48.93778305043932
-51.11553446689126
-48.6031862676668
-51.06671745418557
-48.600465788789165
-49.08106028276513
-50.51840434461889
-47.27726029831867
-50.650438278975486
-50.74737350847699
-47.9646353718916
-48.35992699516901
-48.98045395163578
-50.01776455443379
-48.77071747849892
-52.8676357242487
-48.44803218150238
-49.40720104277994
-47.520270585087616
-48.49299902223435
-47.59979163298524
-49.774426116159596
-49.61956505638079
-49.23665279329572
-47.13467424350659
-49.234430448572006
-47.23544249710694
-48.325999008998494
-48.124520541138644
-49.61491505461134
-49.59629270613947
-47.991695569001834
-46.76076001211614
-49.415945074920664
-47.30477491491689
-51.11334976832006
-49.840253518685714
-50.52035396723299
-48.84052782646352
-51.80954905344061
-52.2173238912534
-49.609504378945935
-49.4979718511296
-48.57217433294091
-51.15236281763574
-48.56244350966616
-48.21483430394069
-48.09401163041897
-47.54158015702821
-49.293797221276186
-47.25811858647754
-47.098592526906344
-49.701302152065274
-49.14538881415108
-49.52778975086215
-47.34749577966582
-48.368799554384985
-46.904800917239456
-49.20089238225798
-50.77195558981486
-50.00117062269487
-48.76437916058165
-49.528034836549864
-48.668746597896934
-48.25543847053577
-46.86150083621059
-49.19457498557465
-48.4562870423791
-47.358367449809485
-49.2670668475349
-48.48397646974015
-46.94879458418576
-47.598475260316924
-49.30209810497603
-47.87932323066412
-48.57193956451612
-46.98239349663456
-48.22934289163723
-48.08760118952724
-48.288547295719
-48.11021525960279
-49.37675996466322
-50.17958033553831
-48.83252560696474
-50.74913088423294
-48.67293723958526
-48.25703915322604
-47.50081296611893
-51.14195133453068
-49.274519870706506
-49.10485726002266
-48.007257015150245
-48.8119339133387
-51.097173325239105
-49.22019702506219
-48.087854402995085
-48.81642545182235
-48.02894492437512
-48.813142539095914
-47.0841940438642
-46.90639141074874
-48.20031267804474
-49.035600136722664
-47.07899825387637
-47.596203815892686
-49.683732716950864
-49.370265090262315
-48.52339469088276
-47.58188499363607
-51.85711245053719
-51.013323386035744
-48.898702144851995
-49.097680425257316
-49.03731060241275
-49.105404809855145
-51.14385289845821
-49.45893680427016
-50.57353578610688
-49.19101570515361
-49.07296150698365
-49.10739156667368
-51.14028001591716
-49.45886075104829
-49.17526921079714
-48.31736750073291
-48.73925758710526
-51.086569992141456
-48.59622252663648
-48.84577072906669
-49.11714657806488
-49.04474601115504
-49.10581917098273
-50.85999906653402
-49.71045642437292
-50.6102320041295
-49.447578023844365
-48.357096821129375
-48.75443283714677
-48.2559683012867
-50.55311438709231
-47.90035841401683
-47.8226887222042
-50.33481040820573
-51.19249173968836
-50.97628534324514
-49.21346016872161
-49.08153452920737
-49.10786932482774
-48.30753398989497
-49.064735753112245
-48.03688757420255
-50.028366909047925
-49.39280120635063
-51.24982741972396
-48.620041464315904
-48.23683476493442
-49.77719951277565
-48.4051879482463
-48.15476802439825
-49.14719214794523
-49.056222397637974
-49.27871256851653
-49.106458728081535
-48.0712602091035
-50.989110488140625
-49.37839436979259
-49.14453378810917
-51.14569899299372
-49.81958408569718
-49.12506428320694
-48.33392506786896
-51.05973047787089
-48.3562387167778
-48.13607108170047
-48.48260853755568
-48.80237404683528
-49.24167659326366
-49.116793736186395
-51.112405785343675
-51.87822150981397
-49.35389329233664
-51.17161170621613
-49.224345333856796
-49.085692292315855
-49.10810102902445
-49.103661281965294
-48.63696645149728
-49.40557462710269
-49.121698130137815
-48.30955158539883
-48.592712234856485
-49.16236066509824
-48.31548416929686
-46.884436252259086
-48.19192655373008
-51.00671547056149
-48.979088004095644
-49.26745881216418
-49.005693191463465
-49.41907806204946
-49.008920594636905
-51.12591329471552
-48.575958643946265
-48.83803061462307
-48.26816505264639
-49.33849791301581
-49.12218940340754
-49.11013494331614
-49.04206780499772
-49.11874259475215
-51.141936108594855
-48.46707874335596
-47.83755889999249
-48.122198196658985
-49.142440274118485
-51.14539355341885
-48.376930274021944
-48.20089141959109
-46.84066571673579
-46.32110573061628
-47.97675344136274
-46.75505262722224
-50.7970783899369
-49.5327000348354
-49.20347330749887
-47.223617921411524
-48.32148242298539
-48.74082934754465
-49.2326973426494
-51.15856188224958
-49.13595100119316
-51.14444678125857
-49.22283148447389
-49.08511405330543
-48.02602947987515
-48.31053075339584
-46.882544215745305
-48.96157719577243
-48.98532379472815
-48.99439418841202
-50.08172692382099
-48.084945653925445
-49.13700520138146
-47.19822936404251
-48.31178485699575
-48.73712520694475
-49.23215691581914
-49.08867605111956
-49.28344749274751
-49.10826730820361
-47.18725246561363
-48.307592054886975
-49.16948887350333
-47.210637022713655
-50.86354725744642
-47.857709746453196
-48.563683948162854
-48.833342098035374
-50.07275179843366
-49.40975472550908
-49.12173211692432
-48.33385413859024
-46.89145295615686
-48.96287696348167
-48.985820261815604
-51.12254300157791
-49.22161082866849
-49.08464780427634
-49.108042821700984
-49.04126868564933
-48.29781708759233
-48.73178999377966
-51.085480484958396
-48.51732281546375
-51.18653862308751
-49.13617846940694
-49.05201554677751
-49.104189230436816
-48.33348071656392
-48.74541228788464
-48.007098549318336
-50.97974942813582
-51.41345334638144
-52.09476388403317
-49.143562902748066
-49.054836149326164
-51.13261228386323
-51.20947393889605
-51.211110034243816
-49.84456888021519
-49.768425760564334
-48.31317795852293
-48.73765732437835
-50.468302528206216
-49.80318524543613
-49.121552741276766
-49.11938885646587
-51.166619989392
-49.82757519524281
-49.13828487336851
-49.052820121496794
-49.19643906948001
-49.07503304782296
-48.30274324164429
-48.73367161719369
-49.21956070416928
-49.101634950784025
-51.3755081144776
-48.63837803056083
-48.86187269875291
-51.34052727333871
-48.39668769511498
-48.92380608507034
-48.970896514232784
-49.390258131458914
-49.395583732767825
-47.7905331275305
-49.32965513017562
-51.64484378780601
-48.059639586968366
-49.55233916231632
-48.37238126524588
-51.74124739065199
-49.38680656989757
-49.367663509200966
-47.94718749352411
-48.59786140630718
-48.0725584493711
-50.82872865503857
-49.69851219002385
-49.266807915032985
-48.330722817692966
-51.26303355006535
-49.40977998609781
-49.1565220267799
-52.473685974693176
-49.6977134337835
-49.7118193867163
-49.27189081187452
-48.78624265799733
-48.46448024570193
-51.754684450810934
-49.238976751519196
-47.708628316909426
-49.21169977136504
-48.462828128500966
-48.70265015151624
-49.7463663246049
-48.71308611124724
-48.27237465759096
-49.636486679483625
-48.62508228942629
-50.396149961956496
-48.915247843325616
-48.349593568020346
-51.973990687932876
-49.10779691962512
-48.42314077066436
-48.90399402819315
-48.963328981892744
-49.44123470063433
-52.23387956094853
-49.64422326746821
-49.24607139182935
-48.97114061616608
-51.356469247641286
-48.887122934061196
-51.58027921052171
-48.668253730842565
-47.62536095037666
-48.21508452958833
-48.53171967626732
-49.424569832422414
-49.16217124538751
-49.38287288625283
-51.416540176278495
-49.713964885085026
-51.92977487227103
-48.807852899989484
-48.26376218341827
-51.253264125186
-48.802352449020745
-47.6449256896873
-47.47605940129055
-49.7563738268438
-49.235646773692004
-48.61492494408718
-48.235614373996654
-49.63112342638711
-48.38387573446427
-46.91055950560923
-46.34780278236342
-47.98695080773073
-47.99501565207887
-46.762028171006094
-50.4161300968092
-48.30484558698964
-46.880372675409845
-49.66946430480665
-49.604251334485525
-48.6127694832761
-49.84275366597149
-48.70386926750764
-49.93550887214411
-48.73929860363208
-50.956054754111875
-49.74714643221492
-48.66735055378299
-48.64709354171744
-48.24716773903551
-49.86887701712927
-48.38781439535593
-48.14813191769947
-49.6183599080257
-47.382090501335874
-48.382013562231606
-51.74265272384271
-51.760827414666494
-49.4365082465802
-49.2178212758469
-48.58760027990997
-48.22444333512666
-48.70851955526019
-51.172255317483376
-49.31455114483289
-47.510559090535146
-47.22038760117274
-47.702214561698824
-49.31723346507028
-49.12117240128794
-49.144520121479125
-49.76373098780917
-49.41639666171938
-48.98768444845666
-48.28999925274591
-51.02118610319784
-49.77202439383262
-48.798824848646774
-48.923157929874975
-50.731434679307455
-49.661349198195175
-48.37978240901653
-49.24910190701441
-49.387717365987804
-51.11177669201613
-49.255452696548886
-49.09757424756386
-49.81696712019527
-49.23902352219734
-49.31383947159585
-49.210985179314285
-48.32257839031304
-49.24252949686128
-49.72341647014897
-51.9383607705748
-49.362097988648536
-48.344625452069394
-51.42063802377487
-52.185982058087475
-51.825508292836645
-48.704032171770706
-49.21931971713841
-49.08377267754386
-48.30401833643628
-48.734158660065354
-51.32189404621188
-49.41306016912456
-49.43173567596387
-48.35478545372362
-51.50261221884886
-49.33296130396459
-49.127179901175985
-48.45581658608084
-48.21240077741029
-49.680202670604345
-49.25981430093241
-49.09924023219289
-48.306275022246496
-48.73502063734293
-49.94005379575171
-49.3590685987238
-48.344183470035915
-49.166380021904025
-48.31607058555176
-49.87892980695579
-51.72498188313708
-50.213952639379045
-48.46890937065204
-49.16389883860447
-51.67414524813559
-48.68194860116636
-49.17577110801628
-49.06713858902199
-51.134407185625186
-48.14023267199117
-51.888228100208316
-51.7820665758407
-49.34853476152215
-48.34264660390035
-51.264773207027865
-49.319706990108116
-49.12211720378038
-48.36830418938867
-48.199632890804125
-48.694286967764675
-48.24719313720565
-48.71245336537674
-49.50820094767445
-48.37652245917433
-49.415613661454266
-47.30464832623705
-48.35243328350658
-46.898549558033
-48.815351345591985
-49.47963793313544
-47.329103421914304
-48.361774298857156
-51.739699855111816
-51.52432861942494
-48.16518963537297
-48.982230029352756
-48.835776869155985
-49.00400377608053
-47.223135482797126
-48.77520081444803
-49.23771207208772
-48.47276394325145
-49.962487522822045
-49.36763751997033
-48.34543365879715
-49.41107786660758
-49.1570177730213
-48.31470465184829
-49.170526587414855
-47.21103339415726
-48.31667556130661
-49.17081413922952
-49.295431278298764
-49.1128447069703
-49.043102842612136
-49.574625727736404
-49.0122316189972
-49.00026036513172
-48.24803947063619
-50.65816798968612
-49.633363813003015
-49.24192344932292
-51.15990795307241
-49.45927855595572
-49.457520410579875
-49.1747572462947
-49.11306444879571
-48.30829194826699
-48.70952429550656
-47.63138224461291
-46.623132568799036
-47.47408343928399
-49.2839495828727
-48.490425100816125
-49.19616385540898
-47.23024604454821
-50.78178819353377
-49.06254854042673
-49.51570351781042
-49.817885915494664
-48.69437063204924
-49.44123839980042
-49.0093923048217
-48.60376849521357
-48.230619043835205
-46.852020658792256
-50.193191846329704
-49.4557587301987
-49.33700413384896
-49.12872412478108
-49.04916824049429
-49.11880032568617
-48.30912880142714
-51.897640358910316
-49.14196016651749
-50.527289517913985
-48.504377714912884
-51.05230148062106
-49.1230344945305
-51.16669759130513
-48.377383756805514
-49.06862834720917
-49.02621369604218
-51.16991819594298
-48.37745231135671
-49.06863216762337
-48.30180936580891
-49.064416730745954
-49.118924305347015
-49.119367485655395
-49.41584312948409
-51.84166746509553
-50.085420386941735
-51.28297249774541
-48.00684327727784
-49.0479788340171
-49.018326283853945
-49.10434685004189
-51.170160847829884
-48.883309093808776
-51.96168878997795
-50.598168581030215
-48.7970261169026
-51.33106628455132
-48.70536738794888
-49.17707619227381
-48.44960309810029
-48.544788948160225
-48.16562515876423
-47.5520284300037
-49.2953216037594
-49.11280281502396
-49.52303551766171
-47.66033737664821
-49.3111236661124
-49.5519701398872
-48.59279984391198
-46.99036141434895
-48.23238636538457
-47.06054791953018
-49.69575151865429
-48.64771944365169
-47.62937282355088
-49.30660599869954
-49.117113070348616
-47.19063124609663
-48.30888263419096
-49.405745143985975
-47.30087888798274
-47.732959497462026
-50.5577870682457
-48.976987724084914
-49.503220362940084
-49.19221307481205
-48.45538487274618
-46.93787356592671
-47.59430380253373
-49.30148949748759
-50.022700488627606
-48.772602837594725
-50.305434892961024
-49.49863175901103
-48.60324931178892
-48.357259444856055
-50.3724585427387
-48.90619852642614
-48.346137036539716
-46.896144605693216
-47.578364758039726
-46.602881690926175
-48.70241626973837
-49.46316092762696
-49.574152077398956
-48.60127259010515
-48.229665692916484
-49.15811957051453
-48.44236231290012
-47.356335859158
-49.03070246495368
-47.15762533182422
-47.678241508018765
-47.25906520348219
-49.016510867548966
-48.388272601470064
-48.76634092561112
-49.47248740922696
-48.56244014231842
-49.442738685864406
-48.55107714111585
-50.441080846331445
-50.81278782609082
-47.716875898823176
-50.75479975597872
-49.052239874583954
-48.488202800928455
-48.217125862477175
-48.08293469962965
-49.37277978460354
-47.28828724115
-47.72814991634626
-46.66009453038898
-48.10623564107038
-49.140111368644476
-49.52701978193951
-47.965235666457545
-47.36868721743313
-46.522791997091936
-47.435756751342474
-46.54841027943569
-48.06357605321429
-49.133887418655675
-49.52611171987398
-50.055472429210404
-49.42450118334789
-48.54411103502445
-49.443899899225244
-49.33527395372735
-49.12806325478129
-48.43088182186662
-50.42354458558699
-49.53377409509743
-50.820522377189576
-48.37711676064765
-48.81895261637299
-51.33426531771108
-48.969567776759945
-48.28735606596725
-49.34582822782582
-48.80262963759388
-47.6449661309551
-49.072813054089686
-49.517201090171255
-47.74922070086024
-47.286176842653596
-49.41939387286623
-48.54216021601155
-46.97101879766864
-47.60696415449415
-50.004408098020946
-48.76561576611847
-47.05637122283468
-46.40349790238556
-46.154122484321995
-47.91297151683011
-46.73069009991866
-48.93942197885643
-49.59489524364426
-47.373127797076776
-48.37859011383574
-49.17984735070405
-49.29674920609135
-49.11334811059235
-49.66132911443559
-47.398503277714845
-49.03685460840944
-49.01407720777034
-51.936925787144965
-50.121805828253336
-48.62094372422715
-48.855213386303724
-49.14353458770377
-49.054825333941636
-47.681760987172524
-48.49647750239601
-48.96097891139917
-48.9850952704325
-48.548650888972375
-49.20465888341454
-49.30036915992814
-49.114730809920296
-51.14135079707606
-51.437030668361174
-49.93086288368809
-48.91913279430672
-48.2799977011951
-48.72498359383459
-47.77953575959244
-47.915790153468244
-49.11232574646671
-49.04290461733858
-47.16228613929935
-47.68002177805924
-49.07792760407403
-48.411731707344536
-46.921199540459796
-46.96990090278475
-49.21039034214622
-49.080361959795134
-47.1765935709895
-48.30352071942306
-49.87709880616378
-48.92634086747289
-48.971864714956475
-47.815555229734194
-46.69348038930584
-46.88291992693322
-51.523937910045056
-52.49320339524964
-48.95047095694614
-48.981081588983685
-47.54564195947108
-49.29438983026608
-47.25834494296964
-46.860368417726974
-46.32863149272474
-46.125526060447235
-47.28401466611676
-49.02015094509048
-51.93726426492498
-50.12193511526087
-50.79703846857058
-49.38381097025632
-48.042675288545965
-47.91605629693911
-50.202534520025274
-52.626297140735936
-51.12581737512545
-50.430023972172734
-49.54622055264285
-49.19196686722832
-49.02226686832549
-53.00626588878272
-50.5302574015457
-50.81893440792118
-48.857167144134685
-48.719011989209314
-51.17378614296581
-49.87044981363142
-49.68105444035846
-48.70358532314272
-48.248549748972415
-51.68910276490907
-48.6841308734534
-48.245711383015056
-48.7118873856389
-49.17743953929188
-49.32938095710062
-50.74655144710268
-49.04908930094302
-48.70741681760068
-47.63107476773027
-52.45660145519271
-52.101059108268785
-50.3450253698267
-49.513753975542905
-51.09800021223325
-47.73660122316258
-49.92146258050167
-51.1035186902598
-48.72412059972589
-51.17453147919537
-48.24480809454003
-48.8167405366821
-47.647024883386514
-47.8651755026366
-46.712433647023516
-47.508193415933725
-47.812146600777666
-51.376522298851924
-49.2897167543895
-48.49262796431659
-50.140757158861476
-49.01430006029227
-52.62385590253752
-52.82500955537723
-48.968961880500565
-48.90530165564425
-48.560290127418405
-48.214011785112824
-48.38341589665363
-49.42964428183942
-48.54607552384073
-49.80153605419718
-48.89387456278437
-49.76359239009677
-48.7983549491837
-47.644342462321156
-49.54485801706186
-48.37128978086305
-48.75985406536408
-49.94367694407128
-48.71822077366588
-48.27433592411412
-49.636772824413015
-49.243225575813504
-47.928802005626544
-49.58636010511163
-51.6822965389031
-52.0782594872084
-49.557756509171895
-48.69671416493664
-48.88415511931219
-50.9618122234354
-48.51327761230753
-48.19605460223708
-48.074886194403724
-47.76242044771118
-49.79815334045926
-47.45076548157149
-48.40824507050488
-49.42024192807282
-50.10545860498346
-47.73675998427272
-47.89945126119124
-50.96404390045952
-49.16535556274012
-48.494506522178526
-46.952816706313904
-48.97182981397313
-48.989239946407146
-50.50500793808597
