-57.55901348503343
-57.261898855805235
-57.54245916800785
-57.55809425833694
-55.75518693368944
-56.998724108737534
-57.527792942017314
-57.55727693757497
-57.93564729882355
-57.316848988681095
-57.07959050458317
-56.91426548305315
-56.90505223537393
-56.814368854928595
-57.517519175840924
-57.72054230237272
-57.56801849127646
-57.79558660810421
-56.71809860085063
-57.13921102765159
-57.20065050270968
-56.684943948024454
-58.139191676195274
-56.81709851185573
-55.64707711126048
-53.76816935696847
-55.14751655149549
-57.29203220605724
-55.25744441065457
-57.30807046456293
-55.263570480283384
-57.30896424607639
-55.26391187444301
-57.30901405481302
-55.982778909309516
-56.17782736422817
-56.20628455028684
-57.44650437527866
-56.552515506481015
-54.974974166664595
-57.50292658887162
-57.635681899186174
-57.38294949559123
-55.292171725091535
-57.549205088956505
-55.35567571093729
-57.55847019562671
-55.35921466677592
-57.55898652232509
-55.3594118860254
-57.55901529622581
-55.359422876677485
-57.55901689974034
-55.359423489165536
-57.55901698910114
-55.35942352329832
-57.32294901658126
-55.269253581451004
-57.54586137686214
-55.35439852656584
-57.558283856938175
-55.359143491730315
-57.55897613802589
-57.879927395700165
-55.4820003912756
-57.5769007181022
-55.36625449993114
-57.56001362014037
-55.359804202481065
-54.51939898730282
-57.43645906597728
-55.31261056225561
-57.78825505261068
-55.44698467204376
-57.807859971015716
-55.45447308452781
-57.80895251567305
-55.45489039945269
-57.809013401100046
-55.45491365561638
-57.57294881662881
-55.36474500788849
-58.48433187887076
-55.71286236089396
-57.610583025537245
-55.3791199965518
-57.79795864830034
-55.45069111578412
-57.572332756369846
-57.37941916885888
