-63.997968282758144
-63.99922395306914
-63.99970357644928
-60.18033914847318
-62.541019380214124
-62.82468500341929
-63.55106961879363
-63.82852385296162
-63.316467951341316
-63.73891398981223
-63.900274018095374
-63.96190806447389
-63.3674161865764
-63.75837448400521
-63.28967327668933
-63.72867933481267
-63.278330738998775
-63.10631288218366
-59.596747842357644
-61.700073348067036
-62.503472201843465
-62.81034325746335
-63.54559155929648
-63.208397431676204
-63.69763472448202
-63.88450674176986
-63.955885500827556
-63.36511577196291
-63.139461815061175
-63.67130366197051
-63.87444917085036
-63.33400986183067
-63.12758041464166
-63.6667653708442
-59.999787685851516
-62.47205485821115
-63.41637688878194
-63.77707580813466
-63.914850535622044
-63.96747579873147
-63.98757686057236
-63.99525478298562
-63.9981874883845
-63.38127369341799
-63.76366758061936
-63.90972904844009
-63.96551956470091
-63.368795656912745
-63.758901394787216
-63.28987453869902
-63.11072222130983
-63.04229212523047
-59.56209196942745
-62.304869971267394
-62.73448395562484
-62.898581895607116
-62.9612617311965
-63.60323728673229
-63.23041614025047
-63.08801113401912
-63.03361726180688
-63.012840651401525
-63.004904692397695
-63.00187342579156
-63.00071558497697
-63.61830731788926
-63.854206368690804
-60.180339186099815
-62.541019394586215
-63.44271899765883
-63.78713759839028
-63.91869379751202
-63.96894379414577
-63.9881375849253
-63.99546896063012
-63.38023530821518
-63.1452369640154
-63.05547558383104
-63.63922377622761
-63.86219574485178
-63.94736345832774
-63.361860641381554
-63.75625245456681
-63.28886273356898
-63.110335746140144
-63.04214450485146
-63.01609776841422
-59.56038675527998
-61.686184648671265
-62.49816719073381
-63.42635091228005
-63.162851557356454
-63.680237748539206
-63.25982769951127
-63.717279338744504
-63.27397632797235
-63.10464964517255
-63.039972607545295
-63.01526817746334
-63.00583192484473
-63.00222759707085
-63.61888485511772
-63.23639297953242
-63.70832807222942
-63.27055724840595
-63.10334367298842
-59.36661072227574
-63.79613356977981
-63.922129952820995
-63.97025628868318
-63.37060492447865
-63.14155848475276
-63.672104518529515
-63.25672108208589
-63.09805872772816
-63.65548908984848
-63.25037455306739
-63.71366855810357
-63.89063112124333
-63.95822480562642
-63.98404329563593
-63.37587109253146
-60.18033368431052
-61.92298330433981
-62.58861622870891
-63.46089937053681
-63.17604789415163
-63.06724431191808
-63.02568504160261
-63.62784480163963
-63.239815374566405
-63.09160132205958
-63.03498859161233
-63.013364452777424
-63.00510476671993
-63.00194984738238
-63.61877876417709
-60.170290173739616
-62.537181013417985
-63.44125286651435
-63.786577586125055
-63.91847989186082
-63.9688620894574
-63.98810637651138
-63.995457040076744
-63.99826474371884
-63.99933719107979
-63.999746829520525
-63.99990329748179
-63.99996306292484
-63.99998589129274
-63.999994610953365
-63.99999794156735
-63.999999213748694
-63.999999699678725
-60.18025879071025
-62.54098868627994
-62.82467327937968
-63.55106514060899
-63.2104881536974
-63.69843330923309
-63.88481177400187
-63.956002012772515
-63.983194264315685
-63.37554679142465
-63.76148009870814
-63.90889350469978
-63.9652004153912
-63.986707741473815
-63.99492280903025
-63.99806068561693
-63.99925924782054
-63.999717057844684
-63.99989192571352
-60.111451197191016
-62.51470652423968
-63.432668375528024
-63.1652646135945
-63.681159454005375
-63.87821374842163
-63.953481791259506
-63.364197636606995
-63.13911111856149
-63.67116970782737
-63.25636401617072
-63.09792234068479
-63.03740300588364
-63.01428667696614
-63.00545702501477
-63.62011838682808
-63.85489813546947
-60.18030415665648
-62.54100601452947
-63.44271388693193
-63.787135646266314
-63.91869305186701
-63.96894350933472
-63.988137476137155
-63.99546891907675
-63.998269281093094
-63.99933892420253
-63.999747491514505
-63.99990355034099
-63.99996315950846
-63.999985928184394
-63.99999462504472
-63.99999794694977
-63.99999921580459
-59.69815416487284
-62.3568411053436
-63.37236915115796
-63.76026634813029
-63.908429893232906
-63.965023331568425
-63.986640101472375
-63.9948969728487
-63.99805081707372
-63.381221489622554
-63.763647640543844
-63.90972143200898
-63.34748266673321
-63.75076055694053
-63.904799004088375
-63.9636364553246
-63.98611036188542
-63.994694630331665
-60.17887210742588
-62.540459020396945
-63.44250495376495
-63.78705584089791
-63.91866256892877
-63.96893186588839
-63.98813302873641
-63.995467220320826
-63.99826863222607
-63.99933867635738
-63.99974739684608
-63.99990351418087
-63.999963145696526
-63.99998592290871
-63.999994623029586
-63.99999794618006
-63.99999921551059
-63.99999970035171
-59.70820399677491
-62.36067979954897
-63.373835401872
-63.760826406067025
-63.90864381632907
-63.96510504292018
-63.36863732368158
-63.75884091687446
-63.9078854269418
-63.964815363950954
-63.98656066491106
-63.99486663078223
-63.99803922743561
-63.99925105152461
-63.999713927138224
-63.99989072989006
-63.999958262531955
-60.180308736569856
-62.541007763900716
-63.442714555132284
-63.787135901496136
-63.91869314935613
-63.968943546572255
-63.98813749036063
-63.99546892450963
-63.99826928316827
-63.99933892499518
-63.381713503067374
-63.14580158420695
-63.67372523830337
-64.66060108630548
-64.25232716196359
-63.4783464108354
-63.1827120705426
-63.6878237895423
-60.176417839042806
-62.53952157329212
-63.44214688083356
-63.786919069208565
-63.918610326792134
-63.968911911167844
-63.98812540671139
-63.99546430896633
-63.99826752018761
-63.99933825159649
-63.99974723460186
-63.99990345220909
-63.99996312202541
-63.38195192511725
-63.76392664207623
-63.909828001111435
-63.965557361258085
-60.18025819935248
-62.54098846040137
-63.44270718185164
-63.78713308515354
-63.91869207360898
-63.968943135673406
-63.98813733341124
-63.9954688645603
-63.998269260269666
-63.99933891624869
-63.99974748847641
-63.99990354918054
-63.99996315906521
-63.999985928015086
-63.999994624980054
-63.99999794692507
-63.99999921579516
-63.99999970046041
-60.085133639045665
-62.50465411152906
-63.42882869554151
-63.78183197509547
-63.9166672297449
-63.968169714139236
-63.98784191267281
-63.995356023879204
-63.9982261589648
-63.99932245301519
-63.99974120008078
-63.99990114722714
-63.99996224160065
-63.99998557757481
-63.99999449112378
-63.999997895796525
-63.99999919626579
-63.38196570425095
-63.763931905236966
-60.1803399218224
-62.54101967560724
-63.44271910499931
-63.7871376393907
-63.91869381317279
-63.968943800127654
-63.988137587210176
-63.995468961502866
-63.99826929729843
-63.99933893039242
-63.999747493878836
-63.99990355124408
-63.999963159853415
-63.99998592831616
-63.99999462509505
-63.999997946968996
-63.99999921581194
-63.999999700466816
-63.9999998855885
-63.999999956298694
-60.1803282010334
-62.54101519866421
-63.44271739495924
-63.78713698621351
-63.9186935636813
-63.96894370483039
-63.98813755080986
-63.995468947599186
-63.9982692919877
-63.99974749310401
-63.999338928363905
-63.999903550948126
-63.99996315974037
-63.99998592827298
-63.381960636328664
-63.76392996946291
-63.90982927206006
-60.1803399218224
-62.54101967560724
-63.44271910499931
-63.7871376393907
-63.91869381317279
-63.968943800127654
-63.988137587210176
-63.995468961502866
-63.99826929729843
-63.99933893039242
-62.76367951637904
-63.5277675962445
-63.81962327235446
-63.931102220818886
-63.9736833901022
-63.989947949487714
-63.99616045836094
-60.18033956842194
-62.541019540620276
-63.44271905343888
-63.78713761969637
-63.91869380565022
-63.96894379725429
-63.37743497233376
-63.14416733088862
-63.98813758611265
-63.0550670203321
-62.39000018124105
-63.02103373010768
-62.76700080236536
-62.91100222585502
-63.5840398639496
-63.22308337724388
-63.085210267782045
-59.944205837347965
-62.45082448124034
-63.40826760637306
-63.155944349128944
-63.059565441013774
-63.022751973912385
-63.00869048072338
-63.00331946825776
-63.001267924049884
-63.0004843038919
-63.00018498762582
-63.000070658985564
-63.00002698933088
-62.381976320257166
-62.14590197144062
-62.673763582814594
-62.257354788253274
-59.53599292773889
-61.67686703566627
-62.49460817925992
-62.806957502113484
-62.92626432708053
-62.98924211030379
-62.97183547912811
-62.99589085178327
-62.99843044504602
-62.99940048335479
-62.99977100501835
-62.99991253170026
-62.99996659008244
-62.99998723854705
-62.99999512555872
-62.99999813812911
-62.999999288828604
-62.9999997283567
-63.618033884991384
-59.561745854538195
-61.68670377839381
-62.49836548064325
-62.80839266353594
-62.92681250996456
-62.972044866357756
-62.98932208910871
-62.99592140096837
-62.9984421137964
-62.99940494042083
-62.999772707466086
-62.99991318197743
-62.999966838466214
-62.99998733342121
-62.99999516179742
-62.99999815197106
-59.56230591185933
-62.304951690004735
-62.73451516940498
-63.5166278069601
-63.815368251475334
-63.9294769474659
-63.97306259092237
-63.9897108253012
-63.996069884981246
-63.998498829642536
-63.999426603946354
-63.99978098219652
-63.99991634264321
-63.99996804573311
-63.999987794556134
-63.99999533793529
-59.56733098734967
-62.30687109804601
-63.353282306788365
-63.75297582231908
-63.90564516016888
-63.96395965818756
-63.98623381439381
-63.99474178499388
-63.99799154058782
-63.99923283676957
-63.9997069697209
-63.99988807239311
-63.99995724745845
-63.999983669982235
-63.99999376248825
-63.99999761748252
-60.188470134342104
-62.54412514045401
-63.44390528701991
-63.78759072060572
-63.91886687479726
-63.96900990378605
-63.9881628365609
-63.99547860589665
-63.998272981129055
-63.99934033749051
-63.99974803134248
-63.99990375653692
-63.9999632382683
-63.99998595826798
-63.999994636535625
-63.999997951338905
-63.99999921748109
-63.99999970110437
-60.562296266983765
-63.304948005990084
-64.35254775098649
-64.7526952469694
-64.90553798992171
-64.96391872279573
-64.98621817846548
-64.9947358126007
-64.99798925933662
-64.38119797665925
-64.14560467064115
-64.67365002401408
-64.25731141265119
-64.09828421393951
-64.03754122916733
-64.01433947356247
-64.00547719152009
-64.00209210099779
-61.180339739401596
-63.54101960592869
-64.44271907838447
-64.78713762922473
-64.91869380928973
-64.96894379864446
-64.98813758664365
-64.99546896128648
-64.99826929721577
-64.99933893036085
-64.99974749386678
-64.99990355123948
-64.99996315985166
-64.99998592831548
-64.3819606363449
-64.14589598071922
-64.05572730581274
-60.56229029739599
-62.68691173706056
-63.4984449137857
-63.80842300429652
-63.92682409910386
-63.97204929301507
-63.989323779941344
-63.995922046808964
-63.998442360485555
-63.9994050346477
-63.99977274345755
-62.76384521822516
-63.527830888717716
-63.819647447928
-63.93111145506628
-63.97368691727084
-63.989949296746246
-63.99616097296791
-63.99853362215747
-60.54723091126739
-62.681159563409146
-64.11428176770994
-64.66168573972067
-64.87077545145208
-64.95064061463556
-64.36311240370469
-64.13869659647852
-64.05297738573087
-64.02023556071408
-64.00772929641137
-64.00295232852002
-64.00043073892606
-64.00112768914869
-64.00016452762948
-64.61809683271227
-64.23609198175743
-64.09017911256002
-64.03444535592263
-61.035184647536866
-63.485575294476476
-64.42154123589256
-64.16101442445132
-64.6795360262113
-64.25955966543268
-64.09914297008673
-64.03786924482752
-64.63249875314571
-64.24159302585973
-64.09228032443349
-64.03524794744072
-64.01346351788868
-64.00514260622533
-64.61999828953722
-64.85485226238632
-60.56230590748931
-62.68691769958564
-63.498447191267616
-63.808423874217205
-63.926824431384
-63.97204941993479
-63.98932382842037
-63.995922065326305
-63.99844236755855
-63.99940503734935
-63.99977274448949
-64.61794718486901
-64.85406881011754
-64.94425924548362
-64.97870892633331
-64.9918675335163
-64.9968936742156
-64.99881348913048
-60.562305895016515
-63.922985672321246
-63.97058314444744
-63.98876376102107
-63.99570813861577
-63.99836065482623
-63.99937382586291
-63.99976082276251
-63.999908642424614
-63.99996510451133
-63.99998667110938
-63.99999490881682
-63.99999805534107
-63.99999925720638
-63.99999971627808
-64.61803388037777
-64.23606793610531
-60.56230697373103
-62.68691810685374
-63.49844734683018
-64.42645792238672
-64.16289243158006
-64.06221937235347
-64.02376568548034
-64.00907768408756
-64.00346736678232
-64.00132441625938
-64.00050588199584
-64.00019322972811
-64.0000738071885
-64.00002819183739
-64.00001076832368
-64.00000411313364
-64.00000157107725
-64.0000006000981
-64.00000022921708
-58.94179245167225
-60.831868661190285
-61.553813531898605
-61.82957193450554
-61.93490227161801
-61.975134880348485
-61.99050236942745
-61.996372227933875
-62.61664830312407
-62.853572681438344
-62.94406974119096
-62.978636542134524
-62.99183988521261
-62.996883113503316
-62.99880945529734
-62.999545252388714
-62.999826301868794
-62.99993365321766
-60.554603134908916
-62.68397550226754
-63.497323371893714
-63.80799461341359
-63.92666046834705
-63.35395280287768
-63.75323192903588
-63.90574298422995
-63.34596303490408
-63.75018010923219
-63.90457729279248
-63.963551769145255
-63.98607801464329
-64.61271626353451
-64.23403678721034
-64.08939409809652
-64.03414550707923
-64.01304242314117
-64.00498176234427
-64.00190286389164
-60.562304984975796
-62.686917347216834
-63.498447056674706
-63.808423822807285
-63.926824411747155
-63.97204941243418
-63.98932382555539
-63.99592206423198
-63.998442367140555
-63.99940503718969
-63.999772744428505
-63.99991319609582
-63.99996684385896
-63.381953346731166
-63.76392718508443
-63.909828208522114
-63.965557440481916
-63.986844112923634
-60.56230592870284
-62.68691770768849
-63.498447194362626
-63.80842387539939
-63.926824431835556
-63.354015431357375
-63.753255850986456
-63.90575212160199
-64.58203450256943
-64.22231739735638
-64.08491768949972
-64.03243567114278
-64.63042331267852
-64.24080027814288
-64.09197752175015
-64.03513228710757
-64.01341933957258
-64.00512573161015
-60.56230623531043
-62.686917824802165
-63.49844723909607
-63.80842389248605
-64.54485842711198
-64.20811740009997
-64.07949377318792
-64.03036391946381
-64.62963197395341
-64.8585320023964
-64.94596403323581
-64.97936009731104
-64.99211625869731
-64.99698867878088
-64.99884977764535
-64.99956065415515
-64.99983218482008
-64.9999359003051
-62.59674777535802
-64.08203933372556
-64.64937022581866
-64.86607134373043
-64.94884380537262
-64.36242608363754
-64.75646843428993
-64.90697921923223
-64.34643523465687
-64.75036047348827
-64.90464618580795
-64.34554409518569
-64.1319860997491
-64.66844819281151
-64.87335847868545
-64.95162724324483
-64.98152325104905
-64.99294250990233
-64.99730427865796
-60.798373877987416
-62.77708764066071
-63.532889043994714
-64.43961348007333
-64.78595139622529
-64.91824070860253
-64.96877072958227
-64.98807148014428
-64.9954437108506
-64.3802256636576
-64.14523328012221
-64.05547417670905
-64.02118925000494
-64.62612756205566
-64.85719343616205
-64.94545274643049
-64.97916480312941
-64.99204166295773
-61.27061682490627
-63.575502384186194
-64.45589032765231
-64.79216859877076
-64.92061546865995
-64.96967780720908
-64.9884179529673
-64.99557605169281
-64.99831020211113
-64.99935455464058
-64.99975346181058
-64.99990583079116
-64.99996403056292
-64.3819522721477
-64.76392677463006
-64.9098280517425
-64.96555738059743
-59.941446331912495
-61.83173645520624
-62.55376303370622
-62.21151865716252
-62.08079293778135
-62.64889414493141
-62.865889497012894
-62.94877434610727
-62.98043354130892
-62.99252627781948
-62.99714529214952
-62.99890959862907
-62.99958350373768
-62.999840912583984
-62.38190524526437
-62.76390881195902
-62.90982119061269
-62.96555475987905
-62.98684308902445
-62.3769405184444
-59.559203992701924
-61.68573287356707
-62.497994627999276
-62.80825101043076
-63.54479239204289
-63.82612616569792
-63.93358610505087
-63.9746321494547
-63.990310343313226
-63.99629888048497
-63.99858629814168
-63.99946001394008
-63.99979374367856
-63.38188722834571
-63.14586794135857
-63.05571659573
-63.021281845831425
-63.00812894176427
-62.38507099071149
-59.61492837207323
-61.70701769248491
-62.5061247053815
-62.8113564236596
-62.9279445655973
-62.972477273132306
-62.98948725379962
-62.99598448826656
-63.61650019974994
-63.23548212223338
-63.08994616695019
-63.034356378617204
-63.01312296890141
-63.00501252808703
-63.00191461535968
-63.00073131799201
-63.000279338616366
-63.000106697857085
-63.00004075495488
-63.00001556700755
-59.53601020251523
-61.67687363404368
-62.49461069961582
-62.80695846480377
-62.9262646947955
-62.97183561958273
-63.60727615270258
-63.23195884977512
-64.32466837412255
-63.50597829509275
-63.193266511155706
-63.07382123837437
-63.0281972039674
-63.01077037352783
-63.00157137632047
-63.0041139166161
-63.000600212345304
-59.38196834800297
-61.61803488131007
-62.47213629592723
-62.79837400647162
-62.92298572348763
-62.97058316399126
-62.988763768486145
-62.99570814146717
-62.99836065591536
-62.99937382627893
-62.99976082292141
-62.99990864248531
-62.381931115784624
-62.76391869361845
-62.909824965070726
-59.558746715808475
-61.68555820933604
-62.49792791219964
-62.808225527262884
-62.92674866958901
-62.97202048150415
-62.98931277492344
-62.99591784326618
-62.998440754875084
-62.999404421359074
-62.99977250920214
-62.99991310624735
-62.381932820790006
-62.763919344872555
-62.90982521382766
-62.96555629661042
-59.55728105684603
-61.6849983774283
-62.49771407543887
-62.808143848888314
-62.92671747122607
-62.9720085647899
-62.98930822314363
-62.995916104641
-62.99844009077936
-62.99940416769708
-62.99977241231188
-62.99991306923856
-62.9999667954038
-62.999987316972835
-62.38196116676481
-62.14589618332159
-62.67376137194986
-63.49342192127788
-63.18847040313388
-63.071989288123746
-59.562306436332584
-61.6869179015858
-62.49844726842481
-62.80842390368863
-62.308790453891184
-62.73598144673482
-62.28111989756338
-62.107378245955324
-62.65904882905248
-62.25173425245223
-62.7141879170541
-62.89082949871007
-62.95830057907611
-62.98407223851826
-62.993916136478674
-62.99767617091777
-62.38107838752474
-62.14555899165644
-59.53599507436251
-61.67686785560353
-62.49460849244808
-62.806957621740715
-62.926264372774064
-62.971835496581484
-62.98924211697039
-62.99589085432969
-62.998430446018666
-63.617434472476205
-63.23583898266005
-63.09008247550394
-63.65244243260167
-63.249210833551174
-63.095190068051856
-63.036359370604394
-63.01388804376133
-63.00530476067958
-59.5835921949079
-61.69504833788525
-62.50155281874783
-62.80961011835825
-62.92727753632692
-62.972222490622514
-62.98938993554062
-62.995947315999345
-62.99845201245741
-62.999408721372895
-62.99977415166127
-62.99991373361091
-62.99996704917145
-62.999987413903455
-62.999995192538904
-62.99999816371326
-62.999999298600876
-62.99999973208937
-59.56231060927927
-61.6869194955096
-62.498447877249525
-62.808424136238976
-62.92682453146741
-62.97204945816325
-62.98932384302233
-62.99592207090376
-62.998442369688945
-62.99940503816308
-62.9997727448003
-62.999913196237834
-62.99996684391321
-62.99998733550178
-62.99999516259213
-62.999998152274614
-62.999999294231706
-62.9999997304205
-62.999999897029795
-59.6526187762782
-61.72141414584149
-62.51162366124627
-62.813456837897306
-62.92874685244565
-62.97278371943965
-62.9896043058733
-62.996029198180246
-62.998483288667444
-62.999420667822086
-62.999778714798815
-62.99991547657435
-62.999967714924246
-62.99998766819839
-62.99999528967093
-62.999998200814396
-62.99999931277225
-62.99999973750236
-62.999999899734824
-59.562306056618326
-61.68691775654786
-62.498447213025244
-62.808423882527876
-62.92682443455839
-63.59008340989719
-63.843425795133186
-63.322159986752474
-63.741088153874124
-63.28307048612
-63.72615729323578
-63.89540139358734
-63.96004688752624
-63.98473926899137
-64.61220490819777
-64.23384146685204
-64.08931949235834
-64.034117010223
-61.18033989933433
-63.54101966701756
-64.44271910171835
-64.78713763813748
-64.9186938126941
-64.96894379994481
-64.98813758714033
-64.99546896147619
-64.99826929728825
-64.99933893038853
-64.38171350512745
-64.14580158499383
-64.05569124985404
-64.02127216456827
-64.0081252438508
-64.62113755573402
-64.23725343460137
-59.54820087337211
-61.68153005596535
-62.49638929452394
-62.807637827606456
-62.92652418829543
-62.971934737279845
-62.9892800235441
-62.99590533335245
-62.99940259618726
-62.998435976513235
-62.99977181204854
-62.99991283995837
-62.99996670782656
-62.99998728352131
-62.999995142737355
-62.999998144690764
-63.94427163931319
-63.360679671605055
-59.65247590240517
-61.72135957287809
-62.511602816229114
-62.81344887580925
-62.928743811198636
-62.97278255778666
-63.60763785091123
-63.23209700619715
-63.088653167680214
-63.0338624968435
-63.01293432285028
-63.00494047170734
-63.00188709227175
-63.0007208051079
-63.00027532305195
-63.00010516404796
-63.000040169091925
-63.000015343227815
-59.56230595865569
-61.68691771912946
-62.49844719873269
-62.80842387706861
-62.92682443247314
-62.9720494203508
-63.60735781732916
-63.23199004288679
-63.08861231133121
-63.03384689110683
-63.63096235073919
-63.859040161110734
-63.94615813259301
-63.9794342366683
-63.99214457741188
-63.99699949556733
-63.99885390929011
-63.99956223230301
-63.381798798869035
-60.18072704122912
-62.5411675420629
-63.44277558495958
-63.78715921281584
-63.918702053487934
-63.968946947647964
-63.98813878945595
-63.99546942071989
-63.998269472703726
-63.999338997391284
-63.99974751947012
-63.99990356101908
-63.99996316358713
-63.99998592974231
-63.99999462563979
-63.99999794717707
-63.999999215891414
-60.27091573723935
-62.575616558537774
-63.455933938373974
-63.792185256584155
-63.92062183137848
-63.9696802375513
-63.98841888127542
-63.99557640627496
-63.998310337549455
-63.99935460637341
-63.999753481570764
-63.99990583833888
-65.23603201094568
-64.47212221699837
-64.18033464004942
-64.0688817031499
-59.79984043523653
-62.39568180443332
-63.38720497806343
-63.76593312975697
-63.91059441120747
-63.96585010386545
-63.98695590038888
-63.99501759730119
-63.99809689151469
-63.99927307724289
-63.99972234021398
-63.99989394339905
-63.99995948998317
-63.999984526550456
-63.9999940896682
-63.999997742454134
-63.99999913769421
-63.9999996706285
-63.99999987419128
-63.99999995194535
-61.85398587719249
-64.41636352292461
-65.39510469158135
-65.76895055181943
-65.91174696387694
-65.96629033981137
-65.98712405555715
-65.99508182686009
-65.99812142502311
-65.99928244820924
-65.99972591960461
-65.99989531060461
-65.99996001220923
-65.99998472602306
-65.99999416585995
-65.99999777155679
-60.18033991039314
-63.15905365999154
-64.29682106958148
-64.73140954875292
-64.89740757667728
-64.96081318127894
-64.98503196715953
-64.99428272019966
-64.99781619343946
-64.99916586011872
-64.99968138691672
-64.99987830063145
-64.99995351497762
-64.99998224430142
-65.61802720667653
-65.23606538697828
-64.47213496550842
-64.79837349829685
-60.56112027336878
-63.92253280514961
-63.97041016458026
-63.988697688591174
-63.99568290119326
-63.38031702623872
-62.52723418877301
-61.583351551330416
-62.45888844271803
-62.79331377682367
-63.539086876502886
-63.82394685268498
-63.93275368155206
-64.59234818072107
-64.84429086061118
-64.94052440111247
-64.97728234272621
-66.35127742005155
-64.89810805747953
-63.725012763637146
-62.658896244682
-61.6315218416708
-61.859253867630215
-61.946239761219836
-61.979465416029285
-62.61019047561792
-64.08717398832427
-64.65133148935487
-64.86682047974037
-64.94912994986623
-64.98056936985832
-63.75651018220891
-62.67092718801853
-62.25627138184669
-62.09788695752153
-62.037389490717906
-62.014281514632195
-62.00545505317867
-62.00208364490381
-62.000795881532774
-62.618337988444395
-63.47225207255031
-65.81954352441151
-64.07696979356552
-63.41136585628507
-63.77516176403959
-63.91411943583369
-63.96719654346148
-64.60550418330067
-64.8493160064405
-63.70637585852105
-63.26981156912265
-62.48502486009701
-62.185263011168395
-61.78212108982941
-63.7708796279963
-67.00700086579769
-65.76660611528425
-65.29281748005506
-64.49381233613104
-63.57058553958817
-62.59991029388359
-61.6111113533127
-61.23342376605451
-61.08915994485082
-60.41602207974805
-60.77694028314323
-60.914798769681646
-60.9674560259017
-60.987569308023446
-60.99525189816864
-60.998186386482466
-60.99930726127876
-60.99973539735381
-60.38186494203277
-60.14585942874451
-60.05571334420076
-60.02128060385777
-59.39009447862265
-58.53096884326029
-58.20281205115821
-58.647623868234746
-58.865404294489885
-58.07746731021435
-60.084778481370996
-58.17828053211944
-56.57019973213842
-58.68993287230037
-60.117632873512584
-60.66296574823738
-60.87126437119957
-60.95082736536133
-60.98121772488441
-61.610859798041794
-63.45271076686334
-63.172920125868764
-63.68408359949285
-63.8793306726098
-63.95390841833653
-63.3643605936499
-63.757207351363064
-63.9072614604393
-63.96457702995484
-63.986469629425216
-63.994831858320815
-63.99802594553723
-63.999245978290865
-63.99971198933537
-63.999889989715236
-63.99995797981033
-63.99998394971576
-63.99999386933695
-63.38196366954519
-63.763931128048526
-63.909829714600384
-63.96555801575263
-63.98684433265749
-63.99497498221985
-63.998080614002056
-62.763198882286524
-62.909550021607416
-62.96545118253572
-62.98680352599976
-62.99495939546356
-62.99807466039093
-62.99926458570922
-62.99971909673673
-62.99989270450098
-62.99995901676621
-62.999984345797664
-62.99999402062677
-62.99999771608266
-62.38196513887131
-62.145897700531265
-62.05572796272249
-62.02128618763621
-62.00813060018612
-60.76703763542237
-61.52905028358079
-61.20207922657009
-62.313255373629275
-60.883584928068046
-62.19160137682455
-62.6912192024056
-62.88205623039224
-62.33691550002123
-62.74672425842134
-62.285223286492894
-62.72697958980723
-62.27768149417891
-62.106064892729485
-62.040513184009555
-62.01547465929917
-62.005910793887956
-62.0022577223647
-62.000862373206154
-63.23639737475355
-63.70832975105451
-63.88859187840996
-63.957445884175385
-64.60177976286609
-64.22985941567299
-64.0877984841529
-64.03353603678569
-64.01280962620417
-64.00489284182682
-64.00186889927626
-64.00071385600198
-64.00027266872968
-64.00003978183153
-64.00010415018707
-64.00001519530751
-64.000005804091
-64.00000221696548
-64.00000084680546
-64.0000003234509
-62.145898157297566
-61.4376941484418
-61.167184288027826
-61.68189270439157
-61.260459836397
-61.09948680479942
-61.03800057800125
-61.01451492920434
-62.85964617586144
-61.09228764338041
-60.41721675427979
-60.77739660820886
-60.9149730703468
-60.34948861408163
-60.13349277189809
-60.050989701612636
-60.6375103216897
-61.479575252206374
-61.801215434929425
-61.92407105258191
-61.3529637340664
-61.752854138367184
-61.905598681035144
-61.96394190473824
-61.368193044429695
-61.140637228550844
-61.67175262997273
-61.874620661367345
-61.952109354129306
-61.98170740102058
-61.37497886018254
-61.14322917952703
-61.67274266714846
-61.25696483316845
-62.952253798606584
-63.599796562651306
-63.847135889347335
-63.941611105390706
-63.97769742682478
-63.99148117508365
-63.996746098426165
-63.99875712019484
-63.99952526215836
-63.99981866628024
-63.99993073668236
-63.999973543766835
-63.999989894618146
-63.3819621513377
-63.76393054814486
-63.90982949309689
-61.188470424091726
-60.79142948679528
-60.30229916425691
-60.11546800597545
-60.044104853669445
-60.016846555032885
-60.006434811429216
-60.00245787925476
-60.00093882633507
-60.00035859975046
-60.618170961666216
-60.236120296498285
-60.09018992782864
-60.03444948698764
-60.01315853313428
-60.0050261124152
-60.00191980411133
-60.61876728866868
-60.85438206189471
-60.94437889701546
-60.978754629151666
-60.99188499043953
-60.99690034216693
-60.998816036061264
-60.99954776601686
-60.99982726198931
-60.99993401995106
-60.999974797863885
-60.99999037364059
-61.618030311807786
-61.23606657303288
-61.09016940729085
-61.034441648839675
-61.013155539228165
-61.00502496884483
-61.001919367306314
-61.000733133074114
-62.23634800941583
-63.326344883923255
-63.124652653604045
-63.04761307688888
-63.01818657706259
-63.00694665429889
-63.00265338583408
-63.619047491953246
-63.236455101275766
-63.70835180062394
-63.27056631184615
-63.10334713491453
-63.039475092897426
-63.01507814377776
-63.005759338435844
-63.002199871529776
-63.00084027615349
-63.61835494568059
-64.47225854963818
-62.32628474823437
-60.74767339456709
-60.28558582424061
-60.10908407815476
-60.04166641022367
-60.01591515251624
-60.006079047325066
-60.002321989458956
-60.0008869210518
-60.00033877369645
-60.0000494264162
-60.00012940003755
-60.00001887921105
-60.00000721121694
-60.00000275443977
-60.00000105210237
-60.61803439061724
-60.85410211974935
-60.944271968630815
-60.97871378614309
-60.99186938979846
-60.99689438325229
-60.9988137599584
-60.999546896622924
-60.99982692991038
-60.9999338931082
-60.99997474941422
-60.99999035513447
-60.999996315989186
-60.99999859283309
-60.99999946251007
-60.99999979469712
-60.99999992158128
-60.999999970046716
-63.31810730185589
-63.739540165989325
-63.28247920736219
-63.72593144484712
-63.895315127179174
-63.9600139366904
-63.98472668289204
-63.99416611198571
-63.9977716530651
-63.9991488472096
-63.38164089981379
-63.14577385223178
-63.055680656881535
-63.63930210716272
-60.618663843754426
-60.236308560703534
-60.090261838356184
-60.03447695436501
-60.01316902473886
-60.005030119851554
-60.001921334815805
-60.00073388459587
-60.000280318971804
-60.00010707231954
-60.00004089798681
-60.618049610390784
-60.854107933185546
-60.944274189165846
-60.978714634312
-60.99186971377016
-60.996894506998466
-60.99881380722524
-60.99954691467725
-60.999826936806514
-60.99993389574229
-60.99997475042036
-60.999990355518776
-60.99999631613598
-60.999998592889156
-60.999999462531484
-63.3181072910528
-63.739540161862905
-63.900513194535925
-63.34396543299498
-63.7494170931989
-63.904285846601724
-63.345406457856384
-63.74996751571732
-63.90449608929559
-63.34548676341956
-63.131964200963075
-63.66843982821957
-63.87335528369563
-63.951626022867316
-60.62272157069945
-60.23785847447947
-60.09085385273896
-60.6527370724873
-60.24932337597304
-60.095233055431834
-60.03637579032246
-60.01389431553554
-60.00530715628416
-60.002027153316945
-60.00077430366667
-60.000295757683055
-60.00011296938249
-60.61807713921432
-60.854118448260465
-60.94427820556707
-60.978716168440755
-61.60990428850509
-61.23296270832462
-61.08898383646878
-61.03398880108171
-61.01298256677636
-61.004958899247356
-61.0018941309657
-61.00072349364975
-61.00027634998356
-61.00010555630093
-61.000040318919226
-61.00001540045675
-61.000005882451035
-61.00000224689636
-63.38144680082384
-63.76373370176469
-63.90975430447023
-63.965529211646
-63.986833330467775
-63.99497077975733
-63.38004502005431
-63.76319826915551
-63.90954978741221
-63.96545109308112
-63.98680349183115
-60.62276329966559
-60.70889392966296
-60.270773386712776
-60.103426230475364
-60.03950530471331
-60.01508968366456
-60.00576374628038
-60.002201555176576
-60.00084091924934
-60.000321202571456
-60.61815667721492
-60.854148829073296
-60.94428981000497
-60.978720600941614
-60.99187199281987
-60.996895377517994
-60.99881413973411
-60.99954704168434
-60.999826985318904
-61.61796790302227
-61.23604273499801
-61.09016030197176
-61.034438170917255
-61.013154210780016
-61.005024461422785
-62.856021139738026
-63.56303895779129
-63.83309573363585
-63.93624824311626
-63.35761500696304
-62.51856278902296
-63.43414133760562
-63.7838612237939
-63.29940834502618
-63.73239780003454
-63.27975106632755
-63.1068553989481
-63.04081513051674
-63.633623981352024
-63.242022824789444
-63.09244449301631
-63.653344643009376
-63.24955544726191
-63.09532169877637
-63.65444363781709
-63.8680092146749
-60.62262238098906
-60.237820587381435
-60.09083938115524
-60.034697556084296
-60.01325328709765
-60.00506230520864
-60.00193362852828
-60.000738580376186
-60.00028211260028
-60.00010775742465
-60.00004115967368
-60.00001572159638
-60.00000600511546
-60.00000229375
-60.618034864884436
-59.61803432340351
-60.472136082825884
-60.798373925074145
-61.54101968114645
-61.20665112961532
-61.07893370769949
-60.412116004733264
-60.775448295250186
-60.29619489226741
-60.73117037030193
-61.51535020738828
-61.81488025186291
-61.311256559450555
-61.11888942648876
-61.04541172001572
-59.78127775605862
-59.29842154816014
-60.3500548659216
-63.352289698885386
-63.13456269108775
-63.66943236312776
-63.255700409545646
-63.715702854259064
-63.27337416448165
-63.722453627935785
-63.893986719325696
-63.959506530041295
-63.9845328707982
-63.9940920823533
-63.3797093875118
-63.1450360801821
-63.05539885303451
-63.02116047892142
-63.00808258372976
-61.76701929476806
-60.67494131182453
-60.87583862945542
-60.95257457654174
-60.981885100169805
-60.37504673521777
-60.761289094233405
-60.908820547482435
-60.347138559464
-60.750629119659465
-60.2867148107645
-60.109515312634045
-60.65986511588753
-60.87008003502854
-60.3323410004482
-60.12694296631607
-60.6665218872499
-60.872622695433634
-61.56938018780089
-61.21748387921914
-62.319139427356326
-61.50386642535005
-61.19245984869381
-61.07351312073137
-61.02807951350031
-61.01072541976956
-61.00409674580836
-61.00156481765553
-61.000597707158214
-61.00022830381912
-61.00008720429914
-61.000033309078304
-61.61804671168567
-61.85410682597872
-63.18034174375026
-63.686918405272074
-63.88041347206595
-63.954322010925786
-63.9825525607114
-63.375301682458506
-63.76138647541402
-63.29082375503367
-63.729118778436884
-63.89653258027698
-63.960478962394056
-63.98490430690519
-63.99423395832152
-63.99779756805937
-63.99915874585659
-63.999678669510395
-63.999877262674595
-61.20160821661671
-60.62780380705302
-60.239799716027676
-60.09159534103
-60.034986307062326
-60.01336358015697
-60.005104433408576
-60.001949720068765
-60.00074472679772
-60.000284460324394
-60.00010865417547
-60.00004150220201
-60.00001585243056
-60.618040043839564
-60.85410427908813
-60.326238804674944
-60.74264612368658
-60.90169956638481
-60.96245257546785
-60.98565816001874
-61.61255589333827
-61.85200951999606
-61.9434726666499
-61.360374491203764
-61.13765080696139
-60.4345439409305
-60.16598101583013
-60.06339910655987
-60.02421630384949
-61.86335177123829
-62.56583900986539
-62.834165258357885
-62.93665676520827
-63.593839026016816
-63.84486031284219
-63.32270792375984
-63.12326345843735
-63.6651164403021
-63.87208586246896
-62.71507316960498
-63.509201623845776
-63.81253170193234
-63.310359493201354
-63.73658076642162
-63.89938280606351
-63.9615676517689
-60.23527573045674
-59.23910735343917
-59.709364870803626
-59.8889872589717
-59.95759690611148
-59.36576947061285
-59.75774549447695
-59.289433024068096
-58.49251958897745
-58.18812574286426
-58.68989162836522
-58.8815491422314
-58.954755798328975
-58.982718252755525
-59.611432948687494
-59.85158059330695
-59.32527484248345
-59.74227792289331
-59.28352493744657
-59.1082968894464
-62.05024215698014
-62.019190796298304
-68.77427745354764
-63.96950974928322
-61.51621780555212
-60.57914366737313
-59.60317920781738
-59.8484279448289
-59.94210462666931
-59.97788593517904
-57.59125202854877
-59.07994014523799
-59.03053441841531
-58.393629121258044
-58.15035294535882
-58.05742971481841
-58.639970187846316
-60.09854882622032
-60.037642302064754
-60.63241206872384
-60.85959390410677
-60.94636964359646
-60.97951502668262
-59.756107458951604
-58.6707733614223
-60.110314591564986
-62.19643456950225
-61.45699734023451
-61.792591439951174
-61.92077697961902
-62.58777348765579
-62.84254348334834
-64.06719734756882
-59.10052176626104
-59.03839589810254
-59.63269991679649
-59.85970385228693
-59.946411640064284
-60.59756505665582
-60.84628352990316
-59.70521755555387
-57.145582907259914
-60.14577766614174
-60.673716102415405
-56.23604287532147
-56.70819434432045
-56.88854015763986
-56.33939213984924
-56.12963626190785
-56.04951664587431
-56.0189136757151
-56.625258370020866
-56.85686143434751
-56.94532593302166
-56.97911636471746
-56.992023161130724
-56.99695311867472
-57.61687018364332
-57.853657432255254
-63.70817720168829
-60.180329677237665
-58.2147778412748
-57.46400384658675
-56.55919970973555
-56.213595282619906
-58.553722093123746
-59.62760562713874
-58.00365604053652
-57.38336249447081
-57.14643144287591
-57.6739658229068
-57.8754660258445
-57.33439826587681
-57.12772877178592
-57.04878804948094
-57.01863537665691
-58.86122004673947
-59.565024763561496
-59.83385424394501
-59.31850397952365
-58.50362370587604
-58.192367138104466
-58.07347770843736
-58.02806598720762
-58.01072025318549
-58.00409477234885
-58.00156406386107
-58.618631407984246
-58.09025710604109
-58.23629617134178
-58.034475146781496
-58.01316833430339
-57.38699586737878
-61.36885176115205
-55.753602871993074
-55.905884671831714
-55.96405114350207
-55.986268758674484
-56.61278912127128
-56.85209860513934
-56.94350669414675
-56.9784214773009
-56.991757737755954
-57.614885724716856
-57.85289943639462
-58.561846573216904
-58.214606294506204
-57.46393832155181
-57.17720867014921
-58.30375566639562
-58.734058329037644
-58.89841932071732
-58.343165644364426
-58.131077612375954
-58.66810118151333
-58.873225932164026
-58.95157661497874
-59.5995379015221
-59.84703708958755
-59.32353937849066
-59.74161503463431
-60.519339714162165
-61.43443809660208
-62.095985866963936
-63.2758589402814
-61.25126677283728
-61.09597536698034
-62.27272730560354
-64.25004478976997
-61.62337265598273
-60.00203918942832
-60.618812889802015
-61.472433468727615
-62.41652150513073
-64.3822738014591
-64.14601559914875
-64.05577299598714
-64.02130338881268
-64.0081371704509
-64.00310812253998
-64.00118719716907
-64.00045346896724
-63.382139220982744
-63.145964193981
-64.29182133846005
-64.72949982139914
-64.8966781257374
-64.96053455581303
-64.3668915529518
-64.14014010304236
-64.05352875617527
-64.02044616548345
-64.00780974027508
-64.62101704409167
-64.23720740325003
-64.7086391544083
-64.88871005997488
-64.95749102551635
-64.98376301657414
-64.99379802420609
-68.874308798599
-65.86182028940215
-64.71115206960745
-64.27163591942022
-64.1037556886532
-64.03963114653936
-64.01513775096491
-64.00578210635537
-64.00220856810118
-64.00084359794818
-64.00032222574336
-64.00012307928192
-64.00004701210239
-64.00001795702524
-64.00000685897331
-64.00000261989467
-64.00000100071072
-64.00000038223749
-64.00000014600172
-64.61803404451759
-64.85410198755105
-64.94427191813556
-64.97871376685562
-64.9918693824313
-64.99689438043829
-64.99881375888356
-64.99954689621237
-64.99982692975355
-64.9999338930483
-64.99997474939134
-64.99999035512573
-64.99999631598585
-64.99999859283182
-68.5836099765838
-65.7507832198819
-64.05070569431201
-64.01936785180403
-62.9126557877467
-62.96663747963982
-62.98725665117277
-62.99513247387849
-62.99814077046271
-62.99928983750964
-62.99972874206622
-62.99989638868902
-62.999960424000825
-63.61801887206335
-63.854096192189225
-64.56230369325421
-63.59674691007362
-63.845971025716544
-64.55920015582589
-64.21359545301125
-64.69962019195776
-64.88526512286204
-64.95617517662834
-64.98326040702298
-64.99360604444063
-64.99755772629888
-64.999067134456
-64.99964367706913
-64.99986389675138
-64.999948013185
-68.58355121206843
-65.75076077383436
-64.66873110943466
-64.25543255446962
-64.09756655397419
-64.03726710745293
-64.01423476838463
-64.00543719770094
-64.0020768247182
-64.00079327645368
-64.00030300464283
-64.00011573747481
-64.00004420778161
-64.00001688587001
-64.00000644982842
-64.00000246361523
-64.00000094101728
-62.763932381936826
-63.527864182292994
-63.81966016494215
-64.54915030128335
-64.8277907389079
-64.93422191544032
-64.97487500741306
-64.99040310679888
-64.37830032423368
-64.76253185465205
-64.90929523972248
-65.5833878532653
-65.22283433132351
-64.46708115195533
-64.79644311329237
-64.9222481879218
-64.97030145047302
-64.98865616349727
-64.99566704001877
-70.24030858767333
-68.56292459543528
-67.5969840736031
-67.84606161412391
-67.94120076876862
-67.97754069218198
-66.75535333027752
-66.90655328740048
-68.20037450942372
-68.69457024087068
-68.2653022244384
-67.48330244369463
-65.94853712914568
-65.3623089437424
-65.75642369083143
-66.99890454917278
-68.23564955251679
-67.47197613087782
-65.12458847947299
-64.42955457580211
-65.44463717924809
-64.551802301061
-66.06487169018459
-66.80783852829283
-67.25371919692762
-65.49379791927866
-68.82706559165652
-67.69787695633735
-66.03049729985575
-64.77558095448
-63.8898247743128
-62.58580196226001
-64.07785840515662
-66.80505618739588
-63.97766976371194
-66.46360656371435
-66.79511593868123
-67.46130550926297
-65.3221010590912
-64.5049976680106
-64.81092593369051
-66.78188209931061
-61.91393442817197
-63.82122784307257
-64.54974910104575
-64.20998547131478
-63.46217332414869
-62.55850051238138
-62.21332821299546
-63.31755210410478
-67.18940726683638
-65.83627916071549
-65.31943021531008
-66.35807946271454
-66.75480817283355
-67.524379044536
-67.20029497202457
-67.07650587153768
-67.02922264258846
-68.08346316444926
-68.528192752595
-67.58371769013003
-65.9868923402953
-65.37695933075588
-65.76201964072223
-65.29106560266091
-63.37428255721698
-63.760997204210554
-63.29067506666479
-61.93191420712247
-63.21006151877156
-64.934338326692
-65.59295346130443
-65.8445220572213
-65.94061271035945
-65.35928208510715
-65.7552675337119
-65.90652051602854
-66.58232800312359
-66.84046349334226
-66.93906247690316
-66.35868994861734
-69.7359113070081
-70.39278333411504
-71.29239889624282
-68.02151649634233
-66.77215059278417
-68.14903724825986
-68.6749611519954
-67.63977823022657
-67.29304983814183
-67.72996906652241
-66.0619660180892
-65.40563492401269
-65.15493875394887
-65.6772153265838
-67.11277520330233
-69.558732166798
-64.56244447529164
-64.8328686615267
-64.31812752053857
-64.121513900089
-64.04641417972844
-64.63576262784622
-65.4789076925601
-65.18292646108418
-65.68790567944231
-67.11685855474256
-67.66266998478537
-67.87115139961352
-68.56881820280512
-71.15727569426039
-68.58793801460365
-68.22457233830046
-70.54555585629652
-70.20838379434372
-69.46156153798474
-69.17630081961049
-68.44930693209685
-66.93555199918026
-66.35734906544394
-65.07152964120468
-66.26338986923689
-67.33667395525589
-67.1285980077809
-67.66715405683668
-67.87286416272913
-69.91004134949351
-68.7295708755888
-67.660637288523
-67.87037497873011
-67.33245365891743
-67.12698599802219
-66.43047034639926
-66.16442504117558
-66.06280477712747
-66.02398929020683
-65.39112910474313
-65.76743201277245
-65.29313294482434
-64.49393283295065
-64.80669954277752
-64.9261657953819
-64.97179784336821
-64.9892277347227
-64.37785137205
-64.14432638142732
-64.05512777223196
-64.02105693526855
-63.390009044823785
-63.14897019920281
-63.05690155278463
-63.021734459151084
-63.00830182466862
-63.00317101485477
-63.001211219895694
-63.000462644832304
-63.00017671460122
-63.000067498971354
-63.00002578231285
-62.381975859217306
-62.145901795339064
-62.055729526799894
-62.02128678506061
-66.26819272600194
-65.48440651704736
-66.62021456155809
-66.20669753867976
-64.84288345688493
-61.470536724583596
-61.79776302458578
-62.54078633792364
-62.82459598918514
-62.933001629631775
-62.3563749109603
-61.51808911449922
-60.57985844378747
-60.22148621686319
-61.3206681843019
-63.86733335199531
-62.09522388338604
-61.418338298162816
-60.54175702235251
-60.206932768894724
-60.07904128433166
-60.03019108410025
-60.01153196796909
-60.004404819807014
-59.383648502702066
-60.382608665798976
-60.14614350594496
-60.055821852035905
-60.639356038912645
-61.48028025345192
-63.99993867107426
-63.38194258568497
-63.14588908598064
-63.67375866100684
-65.56031445197527
-65.21402107626679
-65.69978276557498
-65.88532722045814
-65.33816490704953
-67.43736377425677
-67.16705809631814
-67.06381051469768
-66.40633945902499
-65.53717387362741
-65.20518216185722
-65.07837261194427
-65.0299356739756
-64.39340042123266
-64.15026558972235
-64.05739634793439
-62.68213609305881
-62.8785867913453
-62.335590292227195
-62.12818408533628
-61.43092797503175
-61.164599839758964
-60.44483755549524
-60.78794681547666
-60.919002890934735
-61.587095846077446
-61.22425065854771
-61.70369011831557
-62.5048536851489
-64.06508118816265
-60.219272694809526
-65.50743060846696
-63.339719279252655
-61.27565925179121
-60.487258476120985
-59.374678141712415
-59.14311431529249
-59.054664804165064
-58.402846108452806
-58.15387352119335
-58.67680844387713
-58.87655181043803
-58.95284698743697
-58.981989151872874
-58.37508647943176
-58.14327028642239
-58.05472437983542
-58.02090285308387
-58.00798417941619
-58.003049685164704
-59.23723285357772
-59.70864887556846
-62.868334825558286
-59.24150444599858
-62.48608474256052
-62.18566785024537
-62.6889527969255
-63.8238211510774
-64.75205121914362
-63.669224015682175
-63.873654816652795
-64.5697744230261
-65.4537024411754
-66.44173619066665
-63.69659225577418
-62.64804057665588
-62.24752947419346
-62.09454784592451
-62.03611406358007
-62.63182833356561
-62.24133694836686
-62.09218251153496
-61.41717659748813
-61.15934728092943
-61.060865245300164
-61.64128244372096
-61.86298208586271
-62.565697802617066
-62.83411132198849
-62.93663616334839
-62.97579716805668
-63.60878932957155
-63.850570820657964
-62.08882116615266
-63.2699946440497
-63.72116276599645
-63.89349365393965
-65.19538617332229
-65.69266486602723
-65.88260842475941
-66.57319439700088
-66.83697476624323
-67.5557638904787
-69.8996805471129
-68.10757941248023
-66.80502370157791
-66.9255256810034
-66.9715533414323
-67.6071683320434
-70.3543801904554
-67.66322523281472
-69.84848976921039
-69.32409425273181
-68.50575900023516
-67.57514875922377
-67.21968727743615
-67.70194706183457
-68.50418789681747
-70.04668460611764
-67.54569597778595
-71.90863618749025
-70.72903415146325
-70.27846626689953
-70.10636464923532
-70.04062768080644
-66.36291146936156
-66.75665383513885
-63.79850737495164
-66.39517262071354
-67.38701048718899
-67.76585884085343
-67.9105660353713
-67.9658392652605
-68.60498574916008
-68.84911798221972
-68.9423681974991
-68.35995262152768
-68.13748966708394
-68.67055036847405
-68.87416143833822
-68.9519339465406
-68.36360641253368
-68.75691927981035
-61.798440543596556
-65.01318108215732
-66.24110270287538
-66.71012702646883
-66.2712443877812
-65.48557214812486
-65.1854720565934
-65.68887801040523
-65.88116197462229
-65.33657392471174
-65.12855979951294
-65.66713946257697
-67.10892656571775
-67.65964023457627
-67.25196014926118
-66.47820622445738
-66.18265852411096
-66.06976934787549
-66.64468350826542
-65.62821319942097
-63.561094420351516
-66.30448894142583
-67.35237240392598
-67.13459428160222
-67.05141044088067
-67.0196370410398
-67.00750068223873
-68.23893298317617
-67.47323028979
-67.18075788619382
-67.06904336879145
-67.64440620893043
-67.86417525799986
-67.94811956506913
-66.74411545970774
-66.28422681405411
-66.10856498245457
-66.65950212205951
-66.25190739497405
-62.18033988772898
-64.5410196625847
-65.44271910002514
-65.78713763749073
-65.91869381244706
-65.96894379985045
-65.98813758710429
-65.99546896146242
-66.61630328603287
-66.23540690788631
-66.70795142637596
-66.88844737124154
-66.33935669859878
-66.12962272455478
-66.04951147506556
-66.0189117006419
-66.00722362686014
-62.18033955531679
-64.54101953561455
-65.44271905152686
-65.78713761896604
-66.53672779412115
-66.20501177464752
-66.07830752982142
-66.02991081481673
-66.62945890337868
-66.24043190656941
-66.09183681632958
-66.03507854241931
-66.01339881092838
-66.6231518791157
-66.85605682641872
-66.32698461139059
-66.12489700775303
-66.0477064118685
-66.01822222785246
-66.0069602716889
-62.18033996591778
-64.54101969245018
-65.44271911143274
-65.78713764184805
-65.9186938141114
-65.96894380048617
-65.98813758734711
-65.99546896155518
-65.99826929731842
-65.99933893040006
-65.99974749388176
-65.9999035512452
-65.99996315985383
-65.99998592831632
-65.99999462509511
-65.99999794696902
-65.99999921581194
-65.99999970046682
-66.6180338743384
-62.79837395466771
-65.39512165869988
-66.38699102143191
-66.76585140559584
-66.91056319535562
-66.96583818047104
-66.98695134605748
-66.99501585770139
-66.9980962270467
-66.3812388346888
-66.14562027701972
-66.05562199637036
-66.02124571209136
-66.00811513990371
-66.00309970761975
-66.00118398295555
-62.180339917460664
-64.54101967394121
-65.44271910436295
-65.78713763914763
-65.91869381307994
-65.96894380009219
-65.98813758719663
-65.99546896149769
-65.99826929729646
-65.99933893039167
-65.99974749387854
-66.61793753999386
-66.23603113735315
-66.09015587206561
-62.18033989186913
-64.5410196641661
-65.44271910062919
-65.78713763772146
-65.9186938125352
-65.96894379988412
-65.98813758711715
-65.99546896146734
-65.99826929728486
-65.99933893038724
-65.99974749387685
-65.99990355124332
-65.38192917110322
-65.14588396206636
-65.05572271509585
-65.63931817197108
-65.8622318008174
-65.94737723048111
-65.97989989062593
-65.9923224413967
-62.090169955190625
-64.50657781311834
-65.4295634841644
-65.78211263937487
-65.91677443396021
-65.96821066250575
-65.98785755355703
-65.99536199816536
-65.99822844093906
-65.9993233246518
-65.99974153301633
-65.9999012743972
-65.99996229017529
-65.99998559612867
-65.99999449821073
-65.9999978985035
-65.99999919729976
-62.18001902752133
-64.54089710489103
-65.44267228715175
-65.78711975656421
-65.91868698254088
-65.96894119105843
-65.98813659063441
-65.9954685808448
-65.99826915189999
-65.99933887485516
-65.99974747266549
-65.9999035431413
-65.99996315675843
-65.99998592713398
-65.99999462464349
-65.99999794679651
-65.99999921574606
-65.99999970044165
-61.79837406303978
-64.39512170009432
-65.38699103724318
-65.76585141163521
-65.91056319766246
-65.96583818135217
-65.98695134639404
-65.99501585782994
-65.9980962270958
-65.99927282345746
-65.99972224327657
-65.99989390637225
-65.99995947584019
-65.99998452114832
-65.38196009885488
-65.76392976416619
-65.90982919364369
-65.96555781676487
-65.98684425665093
-62.17919511846763
-64.54058239963615
-65.44255208044082
-65.78707384168631
-65.9186694446181
-65.96893449216802
-65.98813403188596
-65.99546760348986
-65.99826877858362
-65.999338732261
-65.99974741819936
-65.99990352233709
-65.99996314881193
-65.99998592409868
-65.99999462348411
-65.99999794635367
-65.9999992155769
-65.99999970037705
-61.799431285398995
-64.39552552310187
-65.38714528390662
-65.76591032861799
-65.91058570194737
-65.96584677722412
-65.98695462972496
-65.99501711195076
-65.99809670612733
-65.99927300643122
-65.99972231316633
-65.99989393306777
-65.38192549728707
-65.76391654754335
-65.90982414534298
-65.96555588848558
-61.70809750667965
-64.36063912395204
-65.37381986517649
-65.7608204715774
-65.90864154955574
-65.96510417708981
-65.9866709817137
-65.9949087680513
-65.99805532244021
-65.99925719926932
-65.99971627536775
-65.99989162683393
-65.99995860513403
-65.99998418856816
-65.99999396057045
-64.7639297156434
-65.52786316385952
-65.81965977593518
-65.93111616394602
-61.896676727183674
-63.81463598786273
-64.5472312364045
-65.44509171010068
-65.17000990514765
-65.68297199409216
-65.8789060771288
-65.95374623729425
-65.98233263475397
-65.99325166696768
-65.99742236614905
-65.99901543147949
-65.99962392828942
-65.99985635338876
-61.54915029269379
-63.681892701876656
-64.49652781293618
-64.80769073693186
-64.92654439785942
-64.97194245664639
-64.98928297207975
-64.37787247084295
-64.762368429199
-65.52726680550394
-65.81943198731283
-65.93102915643452
-65.97365548199073
-65.98993728953769
-65.99615638662235
-65.99853187032934
-65.9994392243657
-65.38175181401786
-65.7638502064378
-65.90979880529551
-62.750759007083204
-64.75890037834525
-66.14397611670242
-64.81892600551231
-65.54886987733431
-65.82768362649061
-66.55221499088744
-66.82896134617168
-66.93466904762761
-66.35701180796126
-66.13636637625615
-66.05208732080719
-66.01989558616543
-66.0075994376891
-66.00290272690185
-66.00110874301645
-61.74600394038302
-64.99315208198433
-69.96993053508314
-68.1344125201756
-69.81454172942831
-71.51578571768232
-70.94599942169535
-69.12527164825009
-67.81178153430503
-66.88236935219012
-66.9550690906553
-66.69203896591509
-66.36480393102588
-66.75737669117221
-66.90732614249075
-68.81870370254971
-71.63606816834606
-70.6249224323964
-70.85673311759307
-71.56331090913268
-72.30190207229103
-72.11531633034114
-70.51300416758403
-67.28015520443712
-67.1070097659698
-68.27694207097208
-67.14120536668068
-66.97794247202505
-66.90661190628958
-66.96432892234718
-68.84047682700164
-70.58785783075561
-70.22454171079586
-70.08576730163198
-69.41472620535015
-68.5403773256686
-66.4486015283515
-66.78938452517502
-66.30151805842367
-65.49713566134606
-71.56708105671721
-65.46448032236641
-65.79544968478835
-65.92186873199866
-65.97015651120762
-65.98860080162419
-65.99564589366494
-65.99833687937064
-65.99936474444698
-65.99975735397028
-65.99990731746388
-65.99996459842137
-65.38195248905032
-65.1458928687296
-64.43769212838859
-63.54914952768626
-63.2097564546702
-63.080119836324336
-62.41256906555292
-62.15758736033443
-63.29626099295017
-62.495127641016275
-62.18912193009866
-62.072238149279706
-62.02759251774046
-62.01053940394167
-62.004025694084554
-61.3835036895621
-61.14648537460173
-61.0559524342431
-61.02137192812757
-61.00816335013961
-61.00311812229126
-58.87336354380344
-58.95162917794775
-58.98152399003981
-58.99294279217169
-58.99730438647526
-59.617004356003974
-59.85370868153667
-59.944121688606046
-59.97865638428146
-60.609881452988226
-60.23295398593333
-60.70701449356166
-60.27005550600176
-60.103152024443624
-60.0394005673291
-58.7789817000439
-58.2975445328026
-58.113651898363884
-58.043411162289054
-58.01658158850328
-58.00633360322079
-58.00241922115909
-58.000924060256466
-58.00035295961032
-58.00013481857449
-58.00005149611314
-58.00001966976493
-58.61804150193155
-58.23607084727982
-58.09017103990791
-58.0344422724439
-58.01315577742378
-58.62305904857735
-62.63932026244246
-61.00813063305673
-60.38507163672772
-60.14708427712644
-60.05618119465159
-60.02145930682833
-60.00819672583341
-60.003130870671896
-60.00119588618228
-60.00045678787495
-60.000174477442584
-60.000066644452794
-60.000025455915804
-59.381975734544724
-59.76393573646827
-59.90983147486009
-59.965558688112004
-59.98684458947592
-59.37694109156587
-59.143978685221676
-59.05499496409916
-59.63904019582569
-59.24409163462803
-59.09323470805838
-59.03561248954713
-59.013602760583005
-59.623229780951775
-59.85608658227232
-59.94502996586519
-58.742935337823454
-58.901810036355066
-58.96249477124175
-58.98567427737019
-59.61256204961871
-59.85201187148594
-59.325439576089224
-59.12430685678173
-63.20162542772989
-61.84094608289679
-61.32121282096049
-61.12269237998467
-61.04686431899353
-61.635934565745806
-61.24290538949399
-61.092781602736174
-61.03543941871453
-61.013536653407414
-61.0051705415077
-61.0019749711157
-61.0007543718394
-61.0002881444025
-61.00011006136808
-61.00004203970176
-61.0000160577372
-62.236074111009614
-62.70820627529165
-62.88854471486534
-62.95742786930437
-62.98373889304777
-62.99378880983895
-62.99762753646907
-62.99909379956825
-62.99965386223569
-62.999867787138825
-62.99994949918078
-62.99998071040352
-62.99999263202977
-62.9999971856858
-62.99999892502763
-62.99999958939709
-63.291062884300175
-61.8751081514393
-61.33426157001772
-60.50964256986397
-60.81270012832409
-60.3104238263584
-60.73660533950101
-60.28135820339473
-60.725503259433076
-60.895151574904496
-60.95995146528041
-60.98470282093675
-60.99415699752983
-60.997768171652744
-60.38111352867851
-60.76360640313268
-60.909705680719526
-60.347476650276
-60.13272427010847
-60.05069616004941
-60.01936421003977
-61.861498436319586
-62.56513109891898
-62.83389486043737
-62.93655348239312
-62.97576558674199
-61.75467530033306
-62.52432829175699
-62.81830957493789
-62.93060043305669
-62.973491724232176
-61.75380676214006
-62.523996539687786
-62.81818285692329
-62.9305520310821
-62.97347323632301
-61.753799700387134
-62.523993842338186
-62.67302892175415
-61.639040183948495
-60.62605764134145
-60.85716672882574
-60.94544254513576
-60.97916090658155
-60.37400618585899
-60.142857650995424
-60.67260075587718
-60.87494461663611
-60.33419910528124
-60.74568668795752
-60.90286095859133
-60.344862199066576
-60.1317256386084
-60.05031471675862
-61.873320477917154
-62.56964671699284
-62.835619673061366
-62.93721230219126
-62.97601723351242
-62.990839398346
-62.378466972775676
-62.762595508730925
-62.90931955341709
-62.96536315152035
-62.36873591239406
-62.758878574411725
-62.90789981084111
-62.9648208581116
-62.98656276349369
-62.99486743236946
-62.998039533614694
-63.291795947628636
-61.87538815671486
-61.33436852251596
-61.127717410833014
-61.04878370998308
-61.01863371911622
-61.00711744736557
-61.00271862298051
-61.001038421575956
-61.000396641747365
-61.00015150366614
-61.000057869251044
-61.000022104086995
-61.00000844300994
-61.00000322494283
-61.00000123181855
-61.000000470512816
-61.6180341684698
-61.236068046146684
-61.70820395872015
-62.50657781876366
-62.19349550882093
-62.07390870769914
-62.02823061427649
-62.628817123880225
-62.85822075736419
-62.945845148212335
-62.36128069852293
-61.51996295860656
-61.198608177296755
-61.075861573283696
-61.02897654255433
-61.629102043129194
-61.85832958683324
-61.94588671737054
-61.979330565278374
-61.99210497846459
-62.61501835886528
-62.85295009813125
-63.90983053485286
-62.7294903515614
-62.27864051983135
-62.10643120793264
-62.04065310396656
-62.01552810396704
-62.005931207934566
-62.00226551983666
-62.00086535157542
-62.00033053488959
-62.000126253093356
-62.000048224390476
-61.38197304709386
-62.00001842007808
-61.14590072120349
-61.6737631052665
-61.25735460584613
-61.716334701021786
-61.89164949721922
-63.19468176813567
-64.3104297959377
-64.7366076196774
-64.89939306309451
-64.96157156960612
-65.60335563447374
-65.84849533381511
-65.94213036697158
-65.97789576709962
-65.9915569343273
-65.99677503588228
-65.99876817331953
-65.9995294840763
-65.9998202789094
-65.99993135265188
-65.99997377904626
-65.99998998448689
-65.9999961744144
-65.99999853875633
-67.23606741935437
-67.7082037193068
-67.888543738566
-67.9574274963912
-67.98373875060761
-67.99378875543165
-67.99762751568733
-67.99909379163033
-67.99965385920368
-67.9998677859807
-67.99994949873842
-67.99998071023455
-67.99999263196523
-67.99999718566114
-67.99999892501822
-67.9999995893935
-67.99999984316227
-67.99999994009332
-64.47021660956588
-65.41567474027921
-64.54073963377198
-65.44261213853652
-65.16906279308768
-65.6826102294764
-65.87876789534151
-65.95369345654814
-65.98231247430292
-65.9932439663606
-65.99741942477888
-65.38098031922617
-65.76355552164951
-65.29165225697245
-65.72943523801776
-65.27861946833092
-65.10642316697499
-65.65868402134393
-67.1056968745566
-67.65840660232588
-67.86952293242105
-67.95016219493726
-67.98096365239073
-67.99272876223492
-67.99722263431401
-67.99893914070714
-67.99959478780741
-67.99984522271508
-67.99994088033785
-67.99997741829846
-67.99999137455754
-67.99999670537414
-67.99999874156491
-67.99999951932057
-67.9999998163968
-66.32627883298423
-67.97872939064001
-68.60990933893581
-68.8509986261674
-68.94308653956638
-68.36022700378183
-68.13759447177912
-68.05255641155554
-68.63810875163739
-68.86176984335661
-68.94720077843245
-68.97983249194073
-68.56139974846168
-70.0685375888864
-70.64421301819753
-70.8641014657062
-70.33005739017116
-70.1260707048073
-69.43012073550084
-69.16429150169522
-69.06275376958482
-69.02396980705922
-69.62718964034273
-69.857599113969
-70.56364169031416
-71.45135994572335
-71.17240415810602
-69.8297845510949
-68.69891550642879
-68.88499595694135
-72.88299019675267
-70.48317027717688
-69.56652063477797
-71.07049359340671
-73.1412366910029
-72.43591362675464
-71.54847020051115
-70.59146298602889
-67.00499353099329
-68.85600932536525
-69.56303444510245
-69.83309400994209
-69.93624758472383
-69.3576147554795
-69.13659668171469
-69.05217528966456
-68.40189519852909
-68.15351030592272
-68.05863571923909
-68.02239685179454
-68.00855483614453
-68.00326765663903
-68.00124813377255
-66.27864045000233
-68.5785671362599
-69.45706095877738
-69.79261574007224
-69.92078626143933
-69.96974304424577
-70.60647686004788
-70.84968753589787
-70.94258574764574
-70.97806970703934
-70.99162337347227
-70.99680041337747
-70.99877786666015
-71.61756717535286
-71.85392365939842
-71.9442038028424
-71.97868774912878
-71.99185944454396
-71.99689058450309
-71.99881230896533
-68.02868338538461
-70.48309203330409
-71.42059271452766
-71.77868611027888
-71.91546561630898
-71.96771073864805
-71.98766659963519
-71.9952890602575
-71.99820058113733
-71.99931268315446
-71.99973746832605
-71.99989972182367
-71.99996169714497
-71.99998536961124
-71.99999441168876
-71.99999786545504
-71.99999918467638
-73.85731546787234
-72.70943138089632
-71.03491069731683
-69.56741087915998
-68.61521285954254
-69.47105837952903
-70.41599626779443
-71.00496494751783
-69.14779447494976
-67.48191180852453
-68.42014190877623
-70.09573973213519
-69.41853533485194
-67.92379829492083
-66.24514818400473
-70.86116407834206
-70.32893540803619
-71.36171012326629
-70.52012698426292
-68.96260285202266
-67.74964758305518
-67.79843351087564
-69.15907642964727
-70.29682976681606
-71.34944685955082
-71.10306116042116
-70.42133187161099
-70.16093445441179
-70.06147149162439
-70.02348002046136
-71.24503654725949
-73.26759511832803
-71.24811027372807
-70.47673570285619
-68.24947993015874
-68.71332684255958
-68.27246660877012
-67.48603899500087
-66.2978507296193
-66.7318028438905
-66.89755780205223
-66.9608705622662
-68.22112186224615
-68.70249502447226
-66.77625472154062
-68.15060488595061
-70.53362272529075
-69.58579175514183
-66.57619081220771
-67.54614310068338
-63.881663768584176
-67.2744913423183
-65.85462967611456
-64.70840549973155
-67.67404273832405
-65.40335944992005
-63.82830008690318
-63.435184939210686
-62.8274246494488
-62.316048092959974
-67.58494365405876
-64.13325865059741
-64.05090027523326
-62.78337419760259
-66.419244440118
-63.68800117153108
-62.64475907447523
-67.01705475495555
-65.15241237047354
-65.52881447391952
-64.58395516654447
-65.74074663857701
-62.927733590576594
-65.58620422545661
-62.9051861563713
-62.96378433433785
-66.03242362387317
-66.03917239671878
-63.58930731065982
-66.6214581045885
-64.38327390711903
-64.78529114529111
-63.063886548937084
-64.71176420784838
-65.22845679591704
-65.30384122856961
-65.31483966906902
-65.3164443199122
-62.79472247753696
-65.3307301880974
-66.3187627153937
-67.32380466062105
-63.91471945402388
-66.58177683315189
-64.36811701014706
-66.81973529079792
-66.18310824053111
-66.94468398388359
-65.81158961451477
-65.10095642908227
-65.4311372094963
-65.93385650946405
-65.35670144599993
-67.38989121345782
-66.07792993516271
-65.48500816674527
-61.662075455006644
-66.39550876623201
-65.17486863547668
-62.298334762090946
-61.69038770522292
-64.11838431154243
-65.95086924156749
-65.6587517655092
-61.25362946664804
-61.27669968960094
-64.1862297824627
-61.228796682838215
-64.43132808272463
-62.3106507010488
-64.42395864615582
-64.56843254161379
-64.17757569358878
-64.53248575328466
-61.27931474815544
-64.41557324671372
-61.26225744332592
-61.10017342954785
-60.42022885656774
-60.16051314015537
-63.32837023653681
-61.27132430321353
-60.48560267310379
-63.37580016018679
-63.79747429070231
-60.93601004348095
-63.03087581569259
-61.7757255346644
-60.67826679955072
-60.25907486398776
-65.19980263357685
-61.98614787123514
-64.44194714731307
-61.69667283404296
-61.2661053435657
-60.36235370003741
-63.121750399854875
-63.38875092849086
-63.79936378233343
-64.62051650891169
-64.1413272637029
-62.199880244947806
-61.458313471140514
-60.557026179723835
-60.83079905678089
-60.31733700186895
-64.20535249585564
-61.60630171874265
-63.77537592487115
-64.70987357535373
-61.799011623070136
-61.305195282606576
-60.498540235999684
-60.80845941414238
-64.27700629013705
-62.25170502148515
-60.860074785568514
-64.28453687133941
-62.25458144754941
-60.86117348255894
-60.94697298887729
-64.2972151483386
-64.78600889199141
-63.06416070378128
-64.8421766505232
-62.46758088971863
-64.75513682867633
-62.08967980439648
-64.70000180337573
-63.03130891920352
-61.77589096548493
-61.296363977251275
-61.731234955018785
-61.27930689905517
-65.19980397863179
-62.604182373750305
-60.7619110991075
-65.88030057904182
-62.86410894587818
-64.81298949239684
-62.45643238734938
-64.7535102841014
-65.08864943260883
-65.13754557540881
-65.26583027165209
-65.14931899260972
-65.00923509161402
-61.650631550782116
-65.59936101062985
-65.41536725559348
-62.26222738962651
-65.35647135571038
-65.7518104142671
-66.59200068944908
-67.87235337325225
-66.11909888944498
-66.01066578585389
-64.14997200142977
-66.00059438387399
-65.90986318012855
-66.25735904646068
-65.7775408467206
-63.169169770697934
-62.78861355941503
-62.30122357570751
-65.73086562366213
-66.2312436549261
-63.61619126149944
-62.61733012957222
-66.01305292582637
-62.967462542464126
-66.2489590453337
-65.83353412458592
-63.55930509109182
-66.06763359030688
-62.739357776592826
-66.68863727114798
-65.72193359836788
-65.62917874479383
-66.12470241126063
-63.219819960358
-62.55993534499573
-65.76861116210934
-65.8547846435183
-64.09043070326274
-65.85914149661996
-66.48602683006806
-66.17298338067917
-62.730459921929764
-65.637454888769
-62.78965192894305
-65.44326657999652
-62.266297846199876
-64.99355403408785
-65.50563735499601
-62.27539761963578
-65.10906367870165
-65.43858085644257
-65.1703393071908
-65.53142997873775
-65.17551361143455
-65.15567907208471
-65.52929107926144
-63.73819581436664
-66.01172138777328
-66.6234305133905
-63.05651543233499
-62.53610953545464
-65.39055613544002
-63.913111191723495
-62.73074345098056
-65.55746375142135
-65.96987668521777
-63.51635796260742
-63.54850906925748
-62.59147783256889
-65.53714517152608
-65.34887825561256
-64.92927237507864
-63.7369164737238
-64.83944082381963
-63.0845698856551
-64.80308679444799
-62.86007961970507
-64.72651179048012
-64.76624110661596
-64.89680311960153
-65.01938563180933
-65.39050927714447
-62.258600659447794
-64.6971508983749
-63.64825395914179
-65.3613230444272
-62.872376434231654
-65.57812772519188
-65.7899187948781
-65.57188471069475
-65.75984405804952
-64.67220061527537
-65.83086311359155
-66.009765114587
-66.51491629004012
-65.51251343980748
-66.74991845764944
-63.07496977469549
-65.51075573109978
-65.96306207689248
-65.92596759373642
-65.19910481575475
-65.48901553641207
-65.35166297179096
-66.62950087573604
-65.79846710913525
-66.00503860123544
-64.14782260816649
-62.69532910662607
-61.86537917196632
-65.19514082713563
-64.87096923701978
-63.096612667886205
-65.81358601381885
-64.48303369585247
-65.19508546395812
-65.16877043553477
-62.22624939845086
-64.86582507236865
-63.094647771833195
-63.25501813868572
-65.6339543975026
-64.94515912397098
-65.94310455415572
-62.339223223823446
-65.50034172010565
-65.96154269316499
-65.17500220705806
-65.29604230916016
-65.93173581081169
-66.0244822427705
-67.17969727240953
-65.84670186432298
-62.877150060909486
-65.76795817522193
-64.67529993224653
-62.77228701105722
-65.40371785505658
-62.8785617537437
-66.51714846304478
-65.82052060858814
-66.77754774021605
-63.07900083269589
-61.92135612240549
-65.43937573163983
-62.48346590782017
-66.22959037658302
-64.97835277942092
-65.26735154432977
-65.30951589588625
-65.3156675918727
-66.51225000160643
-63.04029441427434
-65.41865339574395
-63.593022932122274
-65.44945590033261
-66.63495068885925
-65.38598550399483
-65.48848275238332
-65.95981249309199
-65.388917863914
-65.5178705703828
-63.41427576281154
-63.15823926067872
-66.23786853824271
-64.23675573050478
-65.48532989965737
-62.8904687905813
-66.26440586615203
-63.62216843098489
-66.06911411206625
-64.98548694427393
-65.65035841620438
-65.2378693561022
-62.85436478384582
-65.39393752432656
-65.47341953209798
-64.44466580124245
-63.356671933577914
-65.34611456686447
-65.93904125475619
-67.20032854149825
-65.4369333431727
-63.93082570877406
-65.73255339317207
-63.544572200931874
-66.29423375459862
-65.69015916390829
-63.77445494373972
-63.02282150977036
-63.149227647153026
-61.931602076551336
-66.0589045849535
-67.29304992441229
-63.77224557651401
-65.80967770935796
-62.82063386599903
-65.34370612759749
-65.39741283983926
-63.29769623100329
-63.11370984192052
-64.99530380610206
-65.38999666571308
-65.7856657917871
-66.00317091420494
-66.58365963183016
-64.36883617524819
-65.64814320491226
-62.914222931686375
-62.967236075359516
-62.98748529439217
-65.23537055685934
-63.734476301572
-65.32194038948315
-63.2688683201815
-65.63597511174991
-64.59689362492885
-61.8051463694764
-61.307538547221405
-61.735503260937705
-61.28093724684182
-64.96397386566841
-65.50132166658561
-63.337385871089275
-62.51083594668222
-65.76144765643707
-66.61767152462616
-63.763793573524644
-61.69312781060161
-63.5452044977595
-63.968088084213264
-64.94359262542046
-64.69118287056136
-66.03447857996603
-62.03183023750244
-65.88109074719797
-63.4824447520069
-62.56624350882273
-62.216285774461284
-62.082613814561114
-64.84486892310255
-62.46860924633697
-65.13725287513505
-62.580289978248366
-64.29944490807902
-62.87830979962831
-61.71745050205601
-65.0276602913101
-64.89257940211341
-62.48683302769958
-62.18595366973522
-64.4779799935304
-64.81238212747607
-62.456200394593225
-61.556219056303604
-61.21245677431759
-65.19005067687661
-62.60045694398236
-62.229354143820366
-61.469571498728854
-64.60952922086658
-62.37871747898511
-64.74217183177797
-65.08699517470906
-64.50381478774743
-61.27768922373614
-61.10606784515763
-61.04051431173676
-61.01547509005263
-65.251481380207
-62.62392138470176
-61.62028277389828
-61.85496092574297
-65.13789273549567
-62.58053438315807
-61.60371041397853
-61.848630847527424
-61.32414813985385
-61.123813572034116
-60.4292585874986
-60.78199617921159
-65.21741726619314
-65.86453648163842
-65.95894990277394
-62.894150314351656
-61.723501040281036
-65.35478097418952
-65.88457757654375
-63.336864002606305
-61.89260262190949
-61.340943863122156
-61.13022896745697
-61.04974303924876
-65.25648100661537
-65.87023580455697
-62.860264544114074
-65.52063253423789
-62.7267279774303
-61.65955139805301
-61.25192621672874
-61.096227252133204
-61.03675553967088
-61.01403936687943
-61.00536256096741
-61.00204831602281
-65.24952244027644
-62.62317313623021
-61.61999696841418
-61.23681776901232
-65.28377484185225
-63.25429037818575
-62.479096292704995
-66.08305482457915
-62.9415541763101
-66.15052652048946
-66.00067528711449
-62.916822131719286
-66.93268792607384
-65.28533824805177
