-56
-54
-64
-55
-54
-64
-57
-64
-56
-54
-64
-56
-54
-65
-54
-64
-56
-54
-64
-57
-54
-64
-56
-55
-63
-56
-54
-64
-55
-54
-64
-55
-54
-64
-54
-65
-56
-54
-64
-55
-54
-64
-55
-54
-64
-55
-64
-55
-54
-64
-54
-55
-52
-64
-55
-54
-64
-55
-54
-64
-55
-54
-63
-54
-63
-54
-63
-55
-63
-55
-54
-63
-56
-54
-63
-56
-54
-63
-56
-54
-63
-56
-63
-55
-54
-63
-56
-54
-63
-56
-54
-56
-63
-55
-54
-63
-56
-54
-63
-56
-54
-63
-54
-64
-56
-63
-55
-54
-63
-54
-63
-55
-54
-63
-55
-54
-63
-55
-53
-63
-55
-54
-63
-56
-53
-64
-54
-63
-56
-54
-63
-56
-54
-64
-56
-54
-62
-55
-63
-55
-63
-55
-54
-62
-55
-54
-62
-63
-56
-56
-54
-56
-52
-54
-56
-62
-56
-54
-62
-56
-54
-62
-56
-54
-62
-56
-53
-62
-54
-62
-54
-62
-54
-62
-56
-56
-54
-63
-56
-62
-56
-52
-63
-56
-54
-63
-56
-54
-63
-56
-54
-63
-56
-54
-63
-56
-54
-63
-56
-54
-63
-56
-54
-62
-56
-54
-63
-56
-54
-63
-56
-54
-63
-56
-63
-56
-54
-63
-56
-54
-63
-56
-54
-54
-63
-56
-54
-64
-56
-54
-64
-56
-54
-64
-56
-54
-64
-56
-54
-63
-56
-54
-63
-64
-56
-54
-63
-56
-54
-64
-56
-54
-63
-56
-52
-63
-56
