-41.381732162471806
-41.145808711465236
-42.909817024304765
-41.35565405001181
-40.57975327159248
-43.68133261488334
-40.91906520134249
-40.96908565778546
-41.647965500754744
-41.74701273499669
-41.285333474739716
-41.10898768922246
-41.04162959292767
-41.6585495182525
-41.98462489983858
-41.376093245568875
-42.30462440698262
-43.07888595575975
-40.557995798865626
-40.83116941833691
-40.93551245614511
-42.11520319164829
-41.81518179539209
-41.929405727579514
-42.02414228820845
-42.03796416612848
-42.01450102110653
-42.27262550171524
-40.250031709205544
-41.33157159215108
-42.554953452090515
-42.351476448731376
-40.28015009092059
-41.34307579028008
-42.95526024976121
-41.746842958557174
-40.66723463716042
-41.49092893042386
-43.81427135190799
-42.91717446543143
-42.35032947218129
-40.89774597361265
-41.57897642615646
-42.59104933091223
-42.225760755380584
-42.685413892806544
-42.05135242460258
-42.659968060276356
-41.01601739003644
-41.62415208733275
-40.62037089446203
-41.47302857355311
-43.81165972503712
-41.89203749576688
-42.40065634791237
-41.53500311834423
-43.202667700514816
-41.32980511378176
-41.125974343801104
-40.83983603956662
-40.938822810887245
-40.97663239309511
-41.64906655459765
-40.62988737414562
-39.62256157908931
-40.4738653406221
-42.04784978520698
-40.164175025345
-40.062709279577916
-39.40591882463885
-39.77308118308853
-41.92349553899165
-40.734709918686015
-39.66260022831649
-41.07538583422168
-40.41076083765252
-40.15689667873588
-40.20323080442847
-40.91819479476193
-41.64054062390375
-40.62663075840628
-40.97996801553726
-41.50365518160298
-40.57434517201244
-42.208407628788706
-40.22550266443283
-40.08613435325968
-41.13717863027705
-41.054455946178614
-41.0208003205507
-42.509612534617936
-42.49075933177401
-40.5683687427067
-38.99275393825658
-41.97765657758699
-40.495159904127945
-40.18913425351074
-40.91613813570037
-40.34993362944758
-40.133662752642365
-40.90804495279449
-41.25709377066772
-40.4801670933493
-40.95859925478958
-41.64643555517653
-40.62888242179113
-41.68850046129715
-41.988994683537754
-41.7967682222162
-41.768722759474606
-42.00069895910478
-41.38223298987138
-40.52796602175948
-41.35566045922726
-41.13585020697042
-41.05189016168399
-42.042012526309314
-41.398013368347016
-40.53399358998183
-41.440035379098276
-42.57077810533922
-42.21801783620531
-40.84720742577693
-40.941638429875375
-42.49806297042045
-43.343176239316605
-42.51304767053768
-41.445509335159514
-40.55213543497567
-42.44123524932472
-41.55050287945761
-40.592239400298226
-42.44708633901087
-41.5527377968465
-41.733119200237915
-41.89806060543564
-41.34302862731911
-42.4831216664599
-43.10492835494731
-40.66786498974792
-39.63706773743771
-40.479406200065
-41.57652223070541
-41.22021189685956
-41.920672302758554
-42.02286809869916
-41.3907008476951
-39.913166466886345
-40.58486653046372
-39.605365147005024
-40.46729688805113
-42.8108234833923
-41.91667142819436
-42.02228437896697
-43.03769310082326
-41.949771259295225
-41.36278033951299
-41.941472758216534
-42.26197082175138
-41.48202996109839
-41.722803066031524
-41.27608620405141
-41.1054555461227
-42.139997554325475
-43.29093519915436
-41.257025391303564
-41.92604331921341
-43.02365171943917
-40.82311085186204
-42.600045675626504
-41.61116306453704
-42.21377928691488
-42.06563183136606
-41.40703514008804
-41.711861469104655
-41.27190688591654
-39.86779121114519
-40.56753472501882
-41.82544798671327
-40.07922509747951
-41.51813659469415
-39.96184259085825
-41.73707869528121
-40.04547103171421
-40.635402377361196
-41.835349743745276
-42.01041970510458
-42.0039799731972
-42.03502252401248
-40.15927544755127
-42.001951738370224
-42.00074549772028
-40.146182788540926
-40.67387084540229
-39.639361770166154
-42.30806336636994
-41.49963574651471
-42.57947368175608
-42.118985924526896
-42.045448578986445
-42.01735981243244
-42.6550086049987
-41.63215703543595
-42.59880827723975
-42.73984079274122
-42.28259403656348
-43.633782414653204
-42.028358658165374
-43.27613847908657
-41.40741680292507
-43.4201210854615
-41.70088549166747
-41.267714435595295
-43.635806762257616
-41.39611207146813
-41.1513013479467
-41.299970618544165
-41.69624096592699
-41.990124007943486
-39.922435303572776
-39.970372922291865
-39.370649474552934
-40.37764347886672
-42.42932259602147
-41.54595265079197
-41.73212926076985
-41.99536003959571
-41.38019370408212
-41.94401333386815
-41.36058100770453
-39.90166171174565
-40.58047210503222
-41.59126754751932
-41.22584410670759
-39.85019679510365
-39.94278026735326
-41.49822956226333
-41.19030675858461
-41.0726907134905
-42.37788630711795
-41.52630573668598
-42.16709742845653
-41.445791549487794
-41.17027722000686
-41.91338693158979
-41.34888276298732
-41.703377151627755
-41.268666165011716
-42.927741685208765
-42.40586551894859
-42.32972481243007
-41.507909682664206
-41.72657886652198
-41.277528431504024
-41.10600642799009
-42.140077926906756
-42.05487894785615
-41.40292790406432
-43.18339818644423
-41.49683271071177
-41.961030735594
-41.3670810767636
-41.14021249469678
-41.67293256978201
-41.750655381276275
-41.761994986650826
-41.29105618564359
-39.875105592780166
-40.570328570196686
-41.58978762573154
-41.97459267492282
-41.372261276633836
-41.70678803080079
-41.75559482647062
-41.288611541988196
-39.87417182199418
-40.56997190149414
-40.98919097292
-41.650898826700804
-41.51137272398477
-43.19922007244103
-42.20940570435169
-41.46195187287434
-39.94038193677154
-40.59526191494006
-41.357357374204625
-39.900430393315965
-40.580001783243056
-41.591198928495054
-41.22581789657259
-39.85018678372293
-40.56081043209599
-41.82446692559747
-41.772763945835365
-40.67713557327873
-41.60537055747197
-41.23123097716582
-39.8522543965257
-41.48502201570606
-41.18526192470773
-41.07076375841713
-41.662800135712374
-43.10726909034377
-40.56883719156946
-40.835310461864395
-39.70102621652393
-40.50383616520719
-41.81615449208403
-41.311743275905194
-39.883007358131756
-40.57334677598987
-41.35415999852243
-41.13527708197996
-42.908280480270676
-41.93089021241413
-41.55222291662737
-41.21093038478506
-39.84450026022801
-41.483890702466795
-41.184829801502254
-42.915510124615956
-41.93194500330882
-40.73793732686844
-42.44940108400966
-41.55362195076075
-39.9753967907728
-40.60863639905743
-39.6144444288997
-40.470764865141454
-42.04739743193066
-41.40007021926816
-41.9469132783516
-42.026696605441884
-41.39216320714466
-41.149793015992095
-41.6743303490013
-41.257571273672916
-39.86231549451767
-39.32937520988008
-40.36187811262235
-42.79544309133688
-41.34928020918162
-41.914427459235164
-41.467367160746235
-41.178518370179525
-39.83211997229255
-40.55390952419793
-42.58504359981009
-41.60543278147697
-41.23125474462081
-41.088331452385475
-42.90143120521967
-41.92989091665157
-42.02421307634006
-41.39121458343981
-41.94562125849663
-40.125127202761476
-41.760901599099576
-41.76348988968463
-41.29162718779262
-41.93109165328539
-40.1195773874139
-40.66370848645609
-42.53543439625997
-41.58648375187563
-39.98794888186714
-40.61343087122558
-41.596076166701764
-39.991612858296534
-40.61483038568763
-41.832348330609776
-41.77391382732985
-41.295608777676485
-39.87684452819982
-40.57099278442276
-42.8259525107809
-42.154946701042704
-41.82098029526708
-42.00832323082554
-41.3054155227536
-41.79958821926074
-39.88059037150027
-40.57242356924699
-40.83668033624072
-41.628647824683284
-41.24012210207533
-39.85565050404291
-41.72158547861501
-41.27562112704258
-42.71543315271755
-40.41916918140993
-40.778142369012016
-40.91525792562612
-41.876180117971245
-40.09860304729833
-40.65569700142355
-41.83831068949168
-41.32020619025346
-39.88623990376892
-42.72604841188864
-42.706092751237655
-41.65166944301296
-40.01284760030145
-40.622941335391175
-41.83353170222337
-41.77408647892147
-41.29567472471627
-43.862448735163866
-42.09335812577845
-43.04806262073433
-42.345441609786185
-40.72416133039408
-41.84829950047051
-42.01230904914834
-41.38666764965558
-41.70888989229813
-41.7559014839303
-41.288728674714896
-41.11028454021438
-41.66856614006886
-41.25536954177898
-41.097542485268086
-41.43063912180647
-41.16448950764467
-39.82676142362774
-40.551862740738336
-40.828826798587265
-41.86356998648145
-41.32985438317163
-42.774183558496986
-40.44160983956482
-40.786713937697264
-39.682463996027195
-41.69631790762344
-40.029901796237155
-40.62945545858781
-41.834482099989366
-41.318743799192546
-39.885681320088494
-40.57436813857272
-41.118241035815224
-41.045164056816425
-39.78118315713425
-40.53445339208612
-43.05668946278434
-40.549517492980065
-40.82793099365565
-40.93427548798688
-41.8789547429264
-41.33573083722496
-39.89216979124868
-42.96298154831209
-41.74979223216632
-40.05032717068709
-40.637257257394744
-41.599552389595225
-41.22900863478916
-39.851405537272456
-42.484898168810076
-41.86911956564736
-41.33197413378974
-43.173046170873995
-42.58510504883024
-40.3693882754143
-41.560470831821576
-41.21408080805291
-42.15584576645671
-42.29324742214277
-41.49397655939536
-41.18868225604329
-41.91607219015861
-41.34990844049203
-41.13365313131749
-41.908043549062114
-41.78495761086635
-41.29982712762303
-41.11452377200275
-43.14132059065098
-41.72882232880378
-41.99487756472411
-41.38000941507989
-42.94398644646508
-42.17216762017483
-41.447728190394706
-41.17101695100929
-42.295460868138655
-40.25875404303373
-40.09883524971243
-40.16031790234858
-42.00210383047542
-41.38276960298515
-41.70832117495345
-41.75581850918795
-41.28869698118352
-41.110272434362614
-41.668564373848895
-41.255368867142984
-43.16186961309531
-41.96788836827369
-41.79368885231946
-41.303162165094136
-41.69670660629325
-41.75412396645757
-41.9060837122058
-41.964127170159834
-41.79314010091011
-42.00426140120963
-42.001627710422376
-41.798611355998986
-41.1478306467687
-41.67404404319012
-41.87549590333412
-41.952443666812236
-41.79143550074438
-40.06623348388127
-41.26136691714912
-41.454540784298175
-41.71879244918696
-41.27455428473264
-41.10487040501095
-41.66777622838823
-41.873101811114985
-43.01592765750383
-40.53394786880572
-40.82198392641311
-41.8917789417243
-41.34062924528727
-41.702172979623796
-41.2682062122345
-41.10244565707971
-39.80306278150484
-40.542810664934606
-40.825369213298984
-41.62699755408658
-41.239491754798024
-43.39562115112234
-42.001992258057946
-41.38272698611388
-41.146188700283695
-42.47215215329031
-40.94427809719566
-39.74264814954677
-40.51973432894444
-40.81655483728655
-40.92993018291522
-41.642252793960616
-40.00925076042358
-40.62156746480992
-41.59726327970715
-41.739615380639066
-41.282507936801935
-41.10790842976673
-42.14035542522616
-41.43557701318105
-41.166375614317005
-41.063549829769954
-41.89781561520692
-41.342935049378646
-41.70250939190694
-41.26833471029243
-39.866426761470564
-40.56701355161905
-39.59854591588679
-40.46469217354111
-40.795530604736534
-39.685831663168706
-40.49803236226936
-39.572197446139604
-40.45462795364923
-43.04504308827315
-41.95084360801225
-41.79120205531157
-41.302212293160245
-41.69656802184578
-41.990171724758966
-41.37821194415882
-39.9083961302177
-40.583044423994075
-41.591642843798034
-41.9748633475909
-40.754330675643324
-39.637919407374326
-42.92588691722456
-41.73562334389103
-40.662949125698624
-44.16560668141319
-46.14877348669221
-45.438792426541696
-45.16760379293289
-44.96872497383716
-44.37002001425494
-42.90526709142787
-43.58184923752848
-46.92915981404986
-43.18452271799643
-47.37465756664835
-46.52507246756745
-47.43662781355378
-46.5487429955941
-45.59156718447861
-46.26664837654559
-48.07334532758935
-46.79194744472335
-46.302497006580694
-50.25891545972306
-49.48086291665151
-48.565639301481575
-48.216054987793214
-50.38587572429919
-54.696878409799375
-49.102694411497566
-46.52677963538316
-46.222754146772424
-46.70311850168198
-47.5046353470234
-47.19275355063834
-48.309693282391414
-48.989455550965744
-48.99597237886155
-48.38690527709566
-50.00188663167353
-45.87566345835347
-45.509723588050875
-47.671115421750464
-47.87437726948435
-47.333982397952695
-50.43085490833267
-50.16457193076336
-47.590724928957826
-47.22563684486002
-47.08618560562224
-48.26898794950649
-47.98351672293469
-50.88613894228473
-52.399795760557346
-53.37699638493578
-55.26978477254069
-55.37484266833632
-56.08913066202462
-53.97856213458763
-52.32584095095426
-52.137709497809034
-54.63073327477841
-56.8691103846077
-51.10957648347197
-53.14059879098194
-52.43566997062806
-52.166411120902254
-56.56529871783067
-57.67922372391075
-51.196124403136665
-50.7925461872883
-55.42058261537873
-52.68851230899777
-53.49905627786427
-53.6458454419182
-53.95801952865824
-55.22003286431098
-52.61190912052522
-50.76303841626925
-49.952352729786476
-52.11766015446038
-52.044942179882305
-52.01716638518653
-50.77048899817749
-51.53036858684573
-53.11182158773236
-53.04271204583778
-54.80460547975403
-54.307331945731626
-54.11739035744084
-55.280907104090694
-53.87122898858155
-54.56884783915375
-53.599246551379906
-55.08299378123565
-53.79563282607736
-55.776040651996
-56.29356269273548
-54.87606299329622
-56.39832569941176
-56.77018086733261
-57.91074175042478
-56.60501138564088
-56.414507892810825
-56.776361915198535
-56.296543864034874
-56.731303665655986
-55.661299155433305
-56.488661778143715
-55.56861820149805
-57.68932878135
-56.027232187552364
-54.677735201369345
-58.380131205351326
-56.29109523401006
-57.34725646292853
-58.89976514066199
-54.63552534255382
-56.002551954127625
-54.24434081178487
-52.09480937737936
-54.39572335520772
-52.97445543550939
-51.43396719951876
-53.5354509161215
-52.58649006190125
-52.22401926958225
-52.70360173559539
-51.39445017726731
-53.057549505275766
-57.64990002883395
-55.39413775547535
-55.150547226341985
-53.821435946050826
-53.93179460056039
-54.59198184438023
-52.990048966330605
-54.85030100961117
-54.32478608500312
-55.97815921164786
-57.88535729192218
-55.484074427077026
-54.566865989308894
-56.07062550709935
-54.17287457698957
-56.538168167618835
-55.58189209226419
-55.84029699021003
-56.55703286711578
-56.212767622387425
-54.23266850150321
-54.706905448212616
-53.54083021619255
-54.44264673794239
-54.78710999763462
-53.68261527746168
-52.64270184600053
-52.863524249289796
-51.71180292436907
-51.27188452381741
-52.339918624582964
-52.12983736118158
-52.66762744771166
-52.873044981953406
-54.24143183963122
-55.14793158891237
-54.008243944900876
-55.239216884250546
-55.09137271910086
-54.416867284302135
-52.880480229615564
-52.03829039050746
-52.01462562773134
-50.52922998349006
-50.841145636493124
-51.557357021151496
-51.83092542696137
-51.93541925973262
-51.97533235223649
-50.75450981947706
-52.76033306119427
-52.42261483579252
-55.56823648232405
-54.13115129042451
-52.814027357773966
-52.31093078289739
-56.4468910611485
-54.17669689870913
-52.844564497777306
-52.21339024335051
-53.93560978634197
-51.81026570693558
-51.30949396013093
-50.04916043405839
-50.6368116036585
-49.77246234600319
-48.87663275992823
-48.334843918640956
-49.36396697349443
-49.13902301309244
-49.05310206578289
-49.63831717300612
-49.24381546448559
-49.093129220450656
-49.65360618561626
-48.01358737014845
-48.00518991357898
-49.28176218791884
-47.87155560154067
-47.332904616703175
-49.40924990400129
-50.42038853130419
-47.47427716865521
-48.41722573583802
-49.39543402760873
-47.22630466339656
-47.08149523414664
-47.031128409522886
-49.83735730374064
-48.71229578318067
-48.89010676788168
-51.670884489758635
-48.78411911756309
-52.74559104372481
-52.2333920647594
-49.617011881033996
-50.238719281194776
-50.47228370709051
-48.33126606507582
-49.03646826273153
-49.679082726577555
-49.857397180446924
-48.31000347586805
-48.911403864736215
-50.20222726510091
-46.04185213110535
-48.242174121136316
-46.61892486310026
-47.23619795431583
-47.41641510835844
-46.97058420178395
-44.815368405380134
-45.83442018090649
-46.267638297466156
-44.86616075544113
-45.48596358578537
-44.48732337841572
-46.04024293329206
-41.92020333681471
-43.98835782374143
-45.84965505062193
-44.088471373124776
-43.41575906875239
-44.82459045314505
-43.696931537552835
-45.12030612576314
-41.98311057344833
-41.52539991087536
-42.97355144351886
-44.84399951662726
-43.08631115136334
-44.158490661024956
-42.824470068112305
-42.31491954331196
-43.017549864652715
-41.77063547429959
-43.76491004293708
-43.827811549630916
-42.412572144907585
-43.64102584637315
-45.09895205189706
-43.80172834306834
-43.77858118875918
-42.40538953205558
-43.640625573077685
-43.244697194853295
-43.687398586048474
-43.42652802335648
-43.157496589252666
-42.442124355232444
-44.48091293910028
-44.16033419596929
-42.08594944475624
-41.41479577783281
-40.540403899992285
-43.58542167518809
-43.22361118217095
-41.23130990507507
-43.68622350283595
-41.40801208795464
-41.85790203762779
-42.6232707582103
-43.889307854365796
-44.07402017734984
-41.55613723689476
-44.351649160606705
-44.41439433365509
-43.6005436494448
-42.54087745521605
-43.87728683346474
-44.072266334036705
-43.11548344476891
-43.63364781413489
-43.70907406116568
-41.30507863505858
-42.46091823799301
-41.55802111212872
-40.59511110964326
-44.82947132700792
-41.84469389922397
-43.77571502151619
-41.44219480638564
-43.0989572065349
-42.353038853613484
-43.84988155082851
-41.470523899755335
-41.17972413718739
-40.45061452305694
-42.33625360414177
-43.229398627184686
-41.2335205123623
-40.47116290990221
-43.57531955087902
-44.02820990125052
-43.392741234708524
-41.29591183662537
-43.695648797625616
-44.04576570175351
-41.545344987551275
-41.877938637648164
-43.16253137473493
-41.20797949466081
-41.828717675580236
-44.239678358205396
-43.50710455619425
-43.63629145640362
-42.00697373209522
-42.00266372863194
-41.944660542769
-43.17226596950014
-42.884988255954276
-43.309457933934794
-41.26410044642509
-41.71891138284026
-40.6565657245959
-42.74826749074492
-43.90754463186781
-41.49254923681631
-40.57010307858111
-43.551504181917565
-43.52644787581438
-43.40304563120261
-41.299847765852554
-43.07818905321095
-43.337645550373544
-41.27486715784284
-43.07454443162044
-43.33711380724972
-41.89269803879272
-41.95901429787834
-41.938292176647735
-41.97642970885121
-40.754928972406105
-43.561804175963125
-40.28359224837689
-42.92991937142334
-41.119129615586985
-42.43378864167431
-42.16569251718594
-40.82722093238371
-41.552038257464986
-43.412730048946024
-44.00448841261006
-41.52957846606193
-40.58424698557573
-43.5797673168543
-41.36734944322233
-41.85196943771425
-43.7767765082764
-41.442600258249435
-40.73891146241396
-41.76028157198029
-42.90929746269737
-41.42446077940233
-39.73569007186966
-42.849981521183416
-41.08859607378294
-40.41580670016539
-43.18527717747244
-43.353269497141305
-44.3246387193283
-41.65186500171959
-43.74758166452006
-41.431448820230756
-42.4008667624219
-41.53508348953514
-43.73054347151396
-43.27904277585899
-41.25248288981333
-43.68931259967789
-41.40919201795372
-43.698971626085296
-44.04625049589227
-41.54553016243473
-40.59033999141192
-41.46155778930083
-40.558265398990756
-40.8453818465238
-40.322907131899946
-44.171723313126265
-41.59345651395391
-43.50299200350093
-43.39962346555218
-44.175690749502195
-41.59497193980132
-43.69145179076542
-43.42711937795507
-41.309043118875444
-41.843462659636835
-43.15750139733146
-41.20605821425533
-41.69674122293432
-43.754129016957435
-41.43394968632551
-40.547720042019094
-43.82255706342423
-45.536417323199764
-44.550398187724035
-42.51799611461962
-42.8158908984942
-43.91741075409392
-43.72488762782262
-43.276882435803955
-43.68919220805287
-44.044823698030115
-41.80537142543634
-42.54369248844852
-41.607187710029876
-40.6138910789303
-42.088587493010714
-40.79776943385216
-42.150834845533765
-43.82038038363325
-44.30003177239837
-44.1146019393513
-43.425740056905646
-44.00638654719044
-43.729846078828196
-44.05075501784057
-43.73231864895379
-45.13382279955463
-43.815047783460415
-43.311320550826615
-43.691111378426314
-43.42706971246413
-42.545092125845756
-44.07952786937368
-41.35912711727144
-43.14068734066993
-41.69428808512804
-40.647160461784935
-41.7468952813939
-43.76144639547129
-41.43674467620925
-41.78485561065626
-40.681754178259744
-43.60604440285737
-41.3773863969502
-43.70753577577768
-44.04749998849312
-40.118386334925994
-44.14436485932216
-42.939161470376
-43.31736169940086
-41.26711941619402
-40.48399654918119
-43.57719195361569
-41.36636574199856
-43.68658562523028
-42.02618439515108
-41.94809216176664
-43.17276663596447
-44.58751221123393
-41.752273740886174
-40.669309011424595
-42.98619468873653
-41.14062487407294
-43.493128328134695
-41.334256294282355
-43.68590213594026
-44.04434368297799
-41.54480182471166
-43.11392736875765
-43.96089368909125
-41.5129267634079
-43.72731084873765
-44.05038513275525
-43.59279526359647
-43.41272558462449
-43.15764714529988
-42.44218186252527
-43.86288734055133
-44.070165476333635
-43.73340035673165
-44.05127357999808
-44.10182306845161
-43.216949171138566
-42.32344852499351
-43.63605915726137
-44.03707169039247
-43.396126136959616
-43.151306720486375
-42.07780344301301
-43.809725245603445
-43.71888652011368
-42.65655622787939
-42.241688296444444
-44.03526184723171
-43.395434838386514
-43.59200945439351
-44.03064492535677
-42.939899226379595
-43.93550332530107
-46.0815149271207
-44.17703396531995
-44.69959098619794
-44.77583102806646
-43.060273105694826
-43.02302227776791
-41.44105300630974
-41.30853771884245
-43.51314541552421
-43.08432470390069
-43.338540729744956
-42.779268899210344
-44.196927589391535
-44.11890129183289
-42.21897358843995
-41.941777872247165
-43.17184539353905
-41.609381200648414
-41.23480555272933
-43.485221219974775
-41.331236047717994
-42.36258888942888
-41.34469707352801
-43.037244454239726
-43.585667697299165
-43.2237051542554
-41.84937978796724
-41.805279859483676
-43.151930601866034
-41.20393035973191
-41.69592845482949
-41.247432626940835
-43.68857577625487
-40.30208797559484
-42.93261786165722
-41.42786317975684
-43.71490023913921
-43.430540460467306
-43.16445182236648
-42.97472273220901
-42.990344942846576
-41.14221013008103
-42.86578693413079
-43.92469048758524
-39.923938032307504
-43.495480517218695
-43.39723081320746
-44.002227104591164
-43.6394443372872
-43.61922714658013
-44.03461593313002
-43.02321531608914
-42.966851891475784
-43.939435666142934
-42.4288578840258
-42.1638091353545
-43.204239318257514
-41.467492216199226
-39.855922497253985
-41.63145521814023
-43.12656992847667
-41.19424344447476
-41.6922283824474
-43.135436613653866
-43.345997856879166
-41.48817450825144
-41.804500058460675
-41.92532566713059
-42.90566859830763
-43.312475155221435
-42.2630004501249
-43.64584611900114
-42.62865727720633
-42.32682993682447
-43.22802373265238
-43.79007202579677
-42.88407524354348
-43.30932472721927
-43.0729661662388
-41.44833972143549
-41.211309917559916
-43.0652510815691
-41.17082172910702
-45.52925299493841
-43.106508584788195
-42.97149366625031
-43.32207890320576
-41.48468477994113
-41.80316710085764
-41.9248165226318
-43.78740475473031
-43.057105179127404
-42.86847313808024
-43.307048410709825
-43.55568618626386
-42.9965254760517
-42.38063886119658
-40.90932313003825
-44.18844225622515
-43.649821752016976
-43.082715966832524
-43.95634000691978
-43.018853148228395
-44.14864867100684
-43.43874475119222
-42.83712995568513
-43.68056846326946
-44.2451916343738
-43.74315423021942
-44.0526966509614
-43.7324268524591
-44.051131547638875
-43.73233963224028
-43.096539978937514
-43.95835690310444
-44.18758408145594
-43.78171843466275
-41.55174528381462
-44.35100838328798
-43.7490511955265
-44.0535570066048
-43.780843701023365
-41.787685639396365
-41.91890313054911
-43.69834706662114
-44.04615937389448
-42.49599456499456
-42.1894530655927
-40.83629665428376
-41.7744898799905
-43.14743840439876
-43.96578288330022
-44.08517773370237
-42.79646702168983
-44.77635928636669
-43.682585245185734
-45.114826329691454
-43.18975778888905
-43.07248102572559
-42.96959737537635
-43.548503123802206
-42.99612517770036
-43.94370658104451
-43.10831905528368
-44.89547616373877
-43.72400746968295
-42.16135935624813
-43.536856293727894
-43.716835672101546
-43.6659383004803
-43.00266961579554
-43.3266274129447
-42.50672658133753
-43.028238904530596
-43.33035792189554
-42.983968362255254
-42.05338910557609
-40.78432484620132
-43.621009261630505
-43.41684195146189
-42.116544511103776
-40.80844806453961
-43.62452879175379
-44.035389432736494
-43.395483571712866
-41.296959316152424
-44.40646777364809
-41.683120919202494
-43.75214184142388
-42.16546410576593
-40.07986897768834
-42.90019654680069
-41.10777650682279
-42.96343370636778
-43.320902970906786
-39.622761680897696
-39.237873795211904
-43.39538509400004
-44.00195781778795
-41.52861186485164
-40.58387777676697
-41.737662462079335
-43.76009934528732
-41.43623014882353
-41.16662508993316
-44.20278120300357
-40.37710953630121
-43.56159734860305
-42.79013988141995
-43.048996798643984
-42.097318480331694
-44.25464696802688
-41.625130531654584
-42.47484659318655
-40.945307281655374
-42.408428304931796
-40.91993775301665
-42.20548692036784
-43.82835401389192
-39.37820943562801
-42.179791810502046
-43.8246051478855
-42.176036359697726
-42.06723990614873
-43.8081840463455
-41.55560656452113
-44.27502725640275
-43.0366129799497
-41.159882947661686
-40.44303586303535
-42.95318188129605
-43.319407249786465
-44.32275164096008
-42.88721217942216
-42.95927269643521
-41.43175206774089
-41.64209470683901
-43.12812220895793
-43.34493069961597
-43.99459662085325
-41.52580013782047
-43.11115506000228
-42.35371861668933
-43.231946738174805
-41.47153467428545
-43.721271824321875
-43.00575324739225
-43.32707730873147
-41.48541403747922
-43.723296796121545
-41.42217282591484
-43.09603603895242
-43.03668250273491
-42.96760239206524
-43.32151117395337
-42.983475349889716
-43.323827007289765
-43.6713699939492
-43.0693173622215
-42.547446175914644
-42.20910583218824
-43.210848017260936
-42.46250278738326
-43.76769245633791
-43.00834018055113
-43.94548872594269
-43.10841837081496
-43.05158459969942
-43.33376401291721
-43.45292929963817
-42.12180958424596
-41.30956784633406
-42.87135359105155
-43.30746866313464
-42.10058716339202
-42.808645617128526
-42.30887514088946
-40.881911828040074
-43.01721302165051
-41.44020544726466
-42.87863377503371
-42.33560823839925
-40.892122962664246
-43.63673679486443
-42.62517782500065
-42.23879668013751
-40.8551442379121
-43.013307682882605
-43.68765930799655
-41.40856051672476
-43.09405002980679
-43.33995963567223
-42.51181903727387
-42.81353146489926
-41.07467339117424
-43.663370543444316
-41.53447855918735
-43.501921424249495
-43.55983429926925
-42.221673507663276
-39.871976178401084
-43.48789938490373
-41.332259015693374
-42.362979628426075
-40.902577903335164
-41.16612619515171
-41.68148854887615
-43.751903681802915
-44.05397317874383
-43.642328047164774
-42.841463477820206
-41.08534247073584
-41.032597923137196
-43.65723181538859
-43.251040214990645
-41.24178686333366
-42.32842234126002
-40.88937819419672
-43.63633633854192
-43.86109284179625
-41.474806231847246
-42.48568116063765
-40.94944571816829
-41.59872397136702
-40.61065821843299
-42.359603664611264
-44.46887333259493
-41.70695772163325
-44.232892908533344
-42.234855209071235
-44.262311627224506
-41.62805817095589
-42.47596485189285
-41.56376840722287
-43.4986605671031
-43.80850537653398
-41.454719607499264
-43.48275056164059
-43.18439430645861
-41.21633039148554
-42.3186988342477
-40.88566414500786
-41.78169249981833
-44.38455722996928
-41.67475183622918
-40.63969827871825
-44.08324663449485
-41.55966142992841
-44.35216333344086
-41.662378468783366
-42.48907403915892
-40.95074168244372
-43.64528915082122
-42.42038433955449
-42.778606518121535
-41.06133324856042
-40.40539322755974
-42.92429122776592
-43.31519216024266
-43.372223837682185
-41.28807488832199
-41.72806880478356
-40.66006354852891
-42.74877781637915
-41.049939698335116
-40.4010412786262
-42.7109869765028
-41.03550488196576
-41.63159564689426
-43.284421214050475
-41.254537270396085
-42.333292563387474
-40.89123845351665
-42.40053976921917
-43.238777852266836
-42.47317103505534
-40.94466727539938
-41.55423296302777
-42.4972693645441
-44.579128431279464
-41.74907142189777
-43.76176389009196
-44.05541176374557
-41.54902945537465
-44.13392192414813
-44.109708889158746
-42.805837089290854
-43.88150206935082
-42.10063585183886
-42.289508679229954
-40.87451449792796
-42.25220174323194
-42.714366482642525
-44.3747344964431
-43.52510185213429
-43.20057105995978
-43.62468975431251
-44.27148089435711
-43.83356953771208
-43.956283294470104
-43.98330170436375
-43.37558782987125
-42.735649550220714
-43.63214589353639
-42.623424256732335
-43.85488839574971
-42.708504321838625
-43.005041738864776
-42.38389178413405
-43.22301967964796
-43.976810042747424
-42.75507424702738
-42.87409587047701
-44.7800047113104
-45.05807306369533
-43.210098869558166
-44.17655104571202
-44.06743649871265
-45.26182642792573
-43.86394081881487
-43.32999602851886
-45.782322070877434
-43.44471847467629
-41.738645629778446
-44.37230746868327
-43.52417481002168
-44.17510929473938
-42.21278383259474
-44.447452607788165
-43.7471453694284
-42.1647351303261
-44.535059175643006
-43.58634043035323
-45.078064081666376
-43.79374984839622
-43.12022150804401
-42.92051973842913
-44.1310505806287
-44.074848112036406
-42.54473384397554
-43.25981548425223
-43.44291218191539
-44.00889192646468
-45.23946439118383
-44.2365635075781
-42.85429124189715
-43.88857143494312
-43.339404086716
-44.98374279145458
-43.757722321398056
-44.020380253071224
-44.058701528851266
-43.404388000079706
-43.15446247138785
-43.932365827114225
-42.73809806725883
-44.754064329661844
-44.28802694422692
-45.346084480518705
-43.89612453107951
-44.27664084083024
-43.48763340977091
-44.13863105854881
-43.434918363719376
-43.57969429254539
-44.02884816745781
-41.969767037160764
-43.616349163475796
-42.3817201985554
-44.61794009665538
-43.617998125161066
-42.99999476757291
-42.29179530409981
-44.1865511112793
-43.55210212069695
-43.21088424484534
-42.322563664172485
-43.6360098456579
-44.3403952989173
-44.444962479734606
-43.551926554790285
-42.82950480541228
-43.77067640982911
-43.098676414329326
-43.95866860482734
-42.8826390314154
-42.03860535544531
-43.82181151522382
-42.695870077719555
-44.1607104886255
-43.83623665142657
-42.701379989456655
-43.65712055592712
-43.25099771765793
-43.687749702150384
-43.26269701046883
-43.98259888729865
-43.72852043797684
-44.050561609446895
-42.49623989317363
-42.807580761368605
-43.67619453959882
-43.258283331119664
-44.3921966333022
-44.14739066139176
-41.841164120191266
-43.60918236854455
-44.03315041976517
-43.39462834485907
-42.34276869218554
-43.84838315446988
-41.99063664247626
-41.52649794954841
-40.58307033297047
-41.737544657617065
-43.760082157847904
-43.290325550055535
-41.25679252606902
-41.83583940088409
-42.53835519011877
-40.96956540710567
-40.98837501994813
-43.41471180326678
-41.922337835812364
-45.71703158592028
-43.92850262075193
-43.34353974511591
-42.341917840828124
-40.894533016336574
-40.341681208181605
-41.93839443644145
-44.02545372315736
-41.5375865021063
-42.441407749411226
-44.80704630896925
-41.83612830453153
-42.555440570875014
-40.97609144184382
-40.37283375465645
-40.760443810875415
-42.76259964421949
-42.90932113303317
-41.111261788630316
-44.52281068494092
-41.80576721970811
-41.307775690907995
-42.55148167688783
-42.82868124514826
-41.08046009230726
-40.41269903177353
-42.011738969263
-40.768415909765785
-40.293508760034356
-44.87563808097498
-44.33446398508871
-41.65561791929157
-44.22026516281422
-41.61199785065792
-42.469830355409236
-40.94339124932009
-42.83247934755063
-44.864102886193386
-41.85792197774941
-44.867814915912824
-45.07088439989003
-42.61451785209191
-44.69186784967221
-44.62214860879648
-43.14649834872474
-44.53602811816313
-44.20474452221267
-44.59500215616231
-44.22727060027453
-44.08680964466128
-44.9569372664658
-45.96315834236129
-43.04051935729174
-44.18625158205664
-43.31896980710558
-44.810469090182636
-44.30957164561856
-44.118245846673055
-44.0451658944006
-44.68225992417465
-45.27988026894267
-44.473068553785986
-45.48542763682522
-42.654415072742125
-44.50860525707126
-44.19426992134434
-42.705874606664075
-45.37349554843499
-42.38962458729178
-43.597174550312616
-45.35763642394476
-44.06174151543226
-44.497029807990316
-44.6583861067203
-43.151785328419855
-42.93197523721913
-43.906039166147984
-43.72425391094612
-42.47805538838361
-42.8006348986074
-44.2806858311872
-44.3699334776327
-42.28720004862956
-43.840275798636895
-44.268492620579416
-44.330968612919634
-43.021580961565014
-42.29494468735941
-43.63447069283233
-41.148296116557276
-40.438610087375366
-42.95253616932944
-43.08324506418038
-41.17769481887156
-43.58536410910423
-42.175573416295784
-44.259007966141304
-41.626796284709414
-40.621380887986945
-43.597236058515534
-44.03140747662136
-41.539860633568914
-43.73124044743543
-44.05095845347869
-45.58643195228303
-43.98792909618337
-43.557023955897996
-42.37306476741797
-44.47083728102654
-44.77689816601748
-44.821551847345546
-44.79362487790239
-45.025618365471814
-44.39175135612412
-43.53160171415065
-44.523047339422575
-44.19978630593422
-42.46684253045699
-43.644050231303424
-44.03823757238276
-43.73162107562674
-43.91616004765093
-43.7248179283414
-43.91578092124673
-43.960864777850816
-44.28608631553868
-45.345343226319336
-43.89584139716965
-44.276599532149504
-43.4876176312589
-45.040355327876874
-43.77934638612203
-44.25960313909594
-43.48112558679858
-45.03787558754951
-43.77839920960025
-44.42534471245929
-42.97188701346443
-42.92639924572461
-43.87382151945805
-43.3337701203319
-44.194594438031345
-43.456294472556394
-45.02839094588752
-43.77477639885649
-43.716938887636736
-45.12794825347038
-44.4308378952746
-44.35465446928632
-44.343539457230264
-43.51318640743538
-44.220770921542524
-45.93842895455129
-44.74041397586167
-45.01785499949
-43.77075202543628
-45.766537031818416
-44.05672311501939
-44.30007185845015
-43.49658326211072
-45.661813882881575
-44.01672243153443
-44.912269826130924
-44.348456066671055
-43.950535083547514
-44.902613222200486
-44.344767572185525
-44.80443149704455
-43.68923150150016
-45.73539896245552
-44.04482943086681
-44.91637058206814
-43.73198842730961
-45.133696666110374
-43.81499960477183
-42.410702907344124
-44.67795473538694
-41.8787274712634
-43.9823065765094
-44.34653813680477
-42.48825333403026
-41.56846218972921
-44.30730317890684
-43.49934538074163
-45.04483492956773
-43.78105744171187
-43.953356895658075
-44.08336480653798
-45.26791050013174
-43.86626472760755
-44.27228435421551
-43.48596937995561
-42.56758979690144
-44.68893596574828
-43.64511613409371
-45.10051440278255
-43.80232510800425
-42.6884269324803
-44.735091644436224
-44.89881401207848
-45.57938438054911
-44.90419115440881
-45.58143826615695
-43.98602167781236
-45.23072873352981
-42.61725500355296
-42.235954325091235
-41.91174851091162
-44.0215661350151
-44.29494252419493
-44.33482760185002
-43.509858774785194
-43.74814947148224
-43.28576766944094
-44.18759097483116
-43.453619387652886
-42.5552331993776
-44.68421616547948
-45.497415297060826
-43.95392775945332
-45.21846994754882
-44.46956843703185
-43.56132519415211
-43.214407145424474
-43.70504365969018
-43.26930271444903
-42.33108680402237
-42.53491163693083
-44.07804255605837
-43.411775615095486
-45.01138625547777
-43.76828118508813
-43.58679033231875
-43.224133962675914
-43.68625263639498
-43.91363175118623
-43.34897627575205
-44.369365053569716
-43.59958514555064
-43.70717581370515
-42.39497162823599
-41.53283174864437
-43.59199959439281
-43.2261237237319
-43.686363521978194
-44.04441099829372
-43.731965108861516
-43.916179219966004
-43.34994932224065
-43.995328828026324
-42.43701258644468
-43.64238786549878
-44.037995036480496
-44.09571334486425
-44.30576045631999
-43.498756113148666
-44.0170394462285
-43.73043974454456
-42.398365790002764
-44.0581207854748
-43.40416617584864
-43.15437774207111
-42.31431947652362
-43.63555041282662
-43.583964993742455
-43.77681063798684
-43.717052251898075
-43.603076452080145
-44.032259578558765
-44.296502676581966
-44.13342910126449
-42.45716114477051
-43.7676490254783
-43.58677687601995
-44.324496022057886
-43.747573712273734
-43.917049057621746
-43.35028157066045
-42.34290145991896
-43.63714323216968
-43.24336705898685
-43.687324460117196
-42.808483219778964
-43.663089214385906
-43.58455119117855
-44.02955677941851
-43.5923519063466
-44.23232101217454
-43.4707047416
-44.01294680627555
-43.73021166953693
-42.398332514307604
-43.64023229895749
-43.777268125993956
-42.405197958779944
-41.536737859331964
-41.82304960796584
-43.77255716197971
-41.44098861137441
-40.55040867214351
-41.4967114080236
-43.488877082770735
-41.332632463047844
-43.464938287318944
-43.77603751443444
-41.442317987719285
-44.83617903037388
-41.847256013923314
-40.70558901139606
-43.373453880646935
-41.2885447229269
-40.49218028813376
-43.3423179675378
-41.276651862389976
-40.48763761963212
-43.34165520113543
-41.27639870815087
-44.118728733329846
-42.80928236319099
-41.07305037874333
-43.427065771622104
-41.30902264307826
-41.6073916947585
-41.65092315273059
-43.74744425060448
-44.02036740421609
-41.53564370114836
-43.49455722778703
-41.33480208538304
-42.36395099461177
-40.90294893220258
-43.40224830503372
-43.766891169283184
-41.438824394744344
-43.48043148135361
-43.183508496611616
-41.215992042231555
-43.44792067926603
-41.93502249771589
-40.739112825131755
-43.378344939154786
-41.29041294103593
-41.840744553321635
-42.55720382101231
-41.468746005937135
-43.48479698559328
-41.33107400460345
-40.50842502821708
-43.34468804317474
-41.277557150727375
-40.487983409007384
-43.34170565112538
-41.2764179783323
-43.88266182972046
-41.48304485213136
-43.48688315913791
-43.77923922808373
-41.44354093351107
-41.6270176488361
-41.65378654084098
-43.51179403579986
-44.0189416535075
-41.53509911283716
-40.58635568500399
-42.07806990842448
-43.57369614488325
-41.365030461880934
-41.61556312539645
-42.47119216918012
-40.94391141589423
-40.360542078502554
-43.92179175889462
-47.795181716185546
-46.68569839960051
-45.643879493866095
-47.60051856087542
-47.22937767937924
-46.4695804885124
-45.561329797408064
-47.58847472247551
-45.98870936496569
-45.99568736117146
-45.9983527185487
-47.88830348487354
-47.54600959681534
-45.97248913030004
-45.98949178283468
-45.37795222945412
-47.79778827337691
-47.2967356279337
-45.87727494669784
-45.953123200909715
-45.982094656031315
-44.75709278968443
-45.52525169052176
-45.200628293130976
-47.1538830709806
-48.52902904623174
-46.3479691483749
-46.132912387642854
-47.90793547601647
-46.11073251474669
-47.904699476172084
-48.63857168345666
-48.2735062405239
-46.868402110245135
-45.71366610146161
-48.4648022559554
-48.24815362272555
-48.83457900187252
-46.46467884616865
-48.57437353872958
-47.601357180806254
-45.993630026189386
-48.505648442094206
-48.8721469897193
-46.47902854063718
-47.340399153437666
-48.702139409675354
-46.414091423405516
-47.330924955716156
-47.126402085358016
-46.430247311608
-48.56935004553818
-46.9814043883995
-46.9928971084102
-45.76121895933131
-48.47174012441779
-46.32608672742081
-46.74258803534442
-48.61491994299147
-46.998810540362804
-48.65230230267623
-48.65747552212032
-47.63309931392899
-46.00575444216685
-48.50741737054569
-46.33971422281667
-45.577427682146386
-45.22055774853485
-46.32031354095795
-48.31724294705779
-48.739038893501565
-46.4281857720598
-48.307527423987274
-46.26336305724075
-49.242614078900814
-46.62053437699128
-47.361044576725924
-48.70515153633905
-46.415241953412625
-45.54057432389883
-47.82151451720075
-46.02968740900745
-46.077722645819435
-47.89287515459964
-46.10497998384696
-48.52189418197462
-48.87451721122467
-46.47993388469137
-46.801352420349225
-45.68805539885652
-48.46106570480235
-47.558077439437675
-45.97709863601089
-48.503236544772
-48.87179509864238
-46.478894130206136
-47.34037954322007
-47.1300134164349
-45.81359272858485
-45.31076476931965
-45.11870157937408
-48.37799810203163
-48.85352305609661
-46.47191483099754
-47.33936127718857
-48.701987985571336
-47.650101562044284
-48.7473243821388
-47.67133905667677
-47.25642870167523
-45.86187907084914
-48.48642623676534
-46.331696323174974
-46.12669672150947
-45.430359852603544
-47.805434442547934
-48.151953155231155
-46.82197296310072
-48.39043407036074
-46.29503057826215
-46.1126916531756
-45.42501039251477
-47.56858598933957
-46.59914653365083
-46.84688760036283
-47.77603507819899
-48.76569783452903
-46.438368581428215
-47.71643295658682
-46.0375850612558
-45.396322227180576
-48.1824344311753
-48.58892272354589
-46.370846497397686
-48.32461560604194
-48.845734654895026
-46.46893992645655
-45.56108512447463
-46.97040503642572
-48.64815799550413
-46.39347235795289
-47.70988268585896
-48.138012341808846
-46.19861405745433
-46.07586381930403
-45.41094341170786
-47.802601621998825
-47.915471874783286
-46.11361116292284
-47.669051487781054
-48.13205515029361
-46.196338612773
-45.45696068802538
-47.8093154521321
-48.152519386898454
-47.44022323310202
-45.93208233490781
-47.878634766204456
-48.162632938522535
-46.20801828857565
-45.46142192720442
-45.7942814817875
-45.303388529408195
-48.571082543265355
-46.982066143645845
-47.795757361869214
-48.473909520376246
-46.944949351691776
-48.57239364876195
-46.98256694138271
-45.757273186636276
-47.235096466440176
-48.0687419659439
-47.40822310578719
-48.09400080221443
-46.181803145226475
-46.68747661096477
-47.98884530578741
-47.37770529719501
-45.90820260829782
-47.87515076104556
-48.162124629020276
-46.207824131622594
-45.461347765847506
-48.42798950691015
-48.8608167037728
-46.47470075650787
-48.5758357157425
-46.36584770522783
-47.32388629209323
-48.69973021567361
-48.90046313887131
-46.48984434718274
-46.805137880176694
-45.689501315847565
-46.49943404486578
-48.579444253882095
-46.36722604414745
-47.94212137778134
-48.55386152157117
-48.26114719446614
-46.245647385969704
-47.30634930185731
-47.225035648280716
-47.83120613485673
-48.47588501278771
-46.32766993389854
-45.507124788907916
-48.346368398371396
-46.27819898929933
-46.10626255827648
-45.4225546967802
-45.16140153206413
-47.76619395242045
-46.056592070350206
-46.02161624738005
-45.39022268304006
-45.14905180174013
-47.76439215104883
-47.527931176850934
-45.96558378833654
-47.88352256238748
-48.163346058375005
-48.204171756236725
-46.223884705089986
-47.92120815825771
-46.115802228240966
-45.42619852646518
-47.186793324496655
-48.679728621260274
-46.40553126394563
-46.154899159326526
-45.44113222528405
-45.16849751652563
-48.3852632313508
-48.85458302417922
-47.090353691528
-47.03451203915467
-46.39514843718612
-47.94619520002328
-48.172489872976016
-46.8298172912619
-46.316962000809674
-49.00953306815219
-46.53150535301749
-46.821050968400066
-46.31361356343281
-48.40643537726017
-46.91917652238321
-46.35109418988946
-46.134106047285165
-46.05122395196603
-46.01956580861293
-46.007473473872764
-46.00285461300536
-49.26253829462312
-47.24617873894791
-46.47599792222062
-46.181815027713945
-48.387206230047624
-46.91183164172269
-48.493714218636555
-46.33448008454038
-45.509726034984595
-45.81273200916329
-47.47925577710077
-48.34043230679091
-47.848042280434726
-46.7058893384792
-48.22759966402753
-48.449614208462584
-46.935669368308034
-46.357393896461524
-46.136512321076545
-48.14452867672587
-47.81946032600368
-46.69497200335144
-46.26545568405064
-46.10139504880049
-46.03872946235084
-46.01479333825201
-48.12677011646168
-46.81235389823079
-45.692257589480796
-47.46167879615188
-48.95590184858109
-46.51102004999944
-47.581134629250116
-48.35529623100023
-46.89964310666756
-45.725599100252566
-46.51322217158993
-48.19948990321014
-48.44551304963014
-49.69045905132129
-47.40962992351504
-46.53843071922383
-46.20566223415645
-48.15461751307823
-48.43896625614021
-49.09848616740223
-47.183516402276254
-48.91531850225136
-47.113552579828585
-48.90511091812258
-47.109653629634415
-48.28650808020567
-49.07624281930422
-47.17502019932641
-49.855724888913926
-49.305188466222695
-47.26246965487294
-49.62453030254336
-49.271457630657515
-47.24958562215597
-46.4772992358104
-46.18231208527522
-48.94630119553983
-47.125386915601766
-48.288803535692736
-46.87424515706369
-46.33393193549834
-45.509516660681435
-48.05305124270424
-46.78419579406781
-47.62099043317797
-48.36111111442685
-45.47169203273879
-48.04753270386007
-47.80530880428086
-49.03674770276765
-47.15993440719908
-46.44305551882959
-48.18925272653757
-48.44401946568246
-47.551566355474236
-49.02260712074352
-47.15453318548657
-45.82295844696629
-48.92627510364203
-47.11773762915863
-48.28768751984109
-46.87381887694035
-46.33376911097995
-46.127488455999504
-45.43066226826867
-48.04154654189864
-46.77980138939047
-46.297857626272766
-45.49573750067794
-48.051040890353
-46.783427907799
-46.299242833044
-45.496266602583106
-48.05111808528061
-48.42386589313026
-46.92583438700414
-48.25968921414044
-48.454296010727994
-46.93745765764482
-46.35807696220646
-45.51873924022466
-48.0543967989257
-48.6604122285041
-46.39815305845282
-46.15208093560425
-45.44005575961005
-49.23419886959207
-47.23535404180768
-49.004985212468135
-46.52976822672211
-48.20190394012025
-48.44586525286873
-48.481458728709875
-48.48665174684943
-46.33178246036229
-46.126729622987334
-48.14310140030988
-46.81859189358088
-48.2440427452155
-48.45201322167671
-46.93658570981637
-48.26125781099896
-46.245689637725526
-46.0938450909275
-48.13830361174155
-46.19872531266872
-46.0759063150145
-48.135686379607954
-48.436204240990236
-46.31251322777174
-48.17020686295097
-46.21091127027909
-48.15538333712761
-48.439077988363216
-47.86243449141408
-48.396337327784195
-46.91531941070347
-48.25815509977324
-46.244504507494575
-48.16028452438466
-48.439793061947064
-46.9319180241476
-46.35596101049574
-46.75399899608951
-48.234618768477276
-46.85354841765989
-45.70799249575249
-47.46397448803816
-46.55918849576785
-46.21359099926539
-45.463550513278435
-48.04634487217906
-46.163600199718445
-46.06248971572617
-46.02386894746008
-45.39108313790417
-48.03577202460092
-48.42162693305128
-48.477922405507094
-46.32844814866891
-47.55449774782794
-48.3514099623755
-47.516192672892224
-47.72778733850983
-46.659956037979036
-45.63404678667738
-45.242184322053106
-48.01404798014049
-46.1512638846907
-48.14668090085191
-46.201925152375296
-46.07712854502386
-45.411426493946394
-47.42070609149746
-48.331890022784684
-46.272668741927085
-45.48611620299658
-46.81356918443937
-46.31075577625631
-46.11869814432955
-46.66337264548224
-48.22139656211771
-48.448709188090795
-47.86383966451699
-47.5424403735273
-48.34965081517284
-46.27945276095223
-45.48870746768386
-45.186669642099346
-45.689335447364066
-47.46125246136271
-46.55814877409611
-47.588010617428985
-48.35629942415562
-46.28199230360575
-45.48967748666162
-47.43212275747362
-46.5470222172927
-45.590909905654584
-45.22570749967106
-47.77557606665271
-47.296243696600385
-47.11315502314844
-45.80715339534513
-48.09647585706354
-46.18274853205481
-48.151274448995665
-48.43847850966387
-46.31338192110551
-48.78836759235019
-48.5314291465951
-46.96691989388719
-46.98736452381636
-48.26866634011773
-48.45560575575681
-46.31992394697933
-46.12220007393108
-46.046676274813926
-44.7817607730109
-47.94687308964289
-46.125605359711166
-47.52490338375858
-48.34709220284768
-46.89650944675795
-48.25541076301867
-46.8614902528808
-47.63226754273858
-48.362756422538126
-48.46933331377735
-46.32516740756064
-48.172053082900895
-48.43915167218399
-46.313639046308246
-47.55233712891191
-48.351094732323965
-46.280004288227026
-47.9293958950923
-46.73696365417073
-45.663461078670004
-45.87145357058917
-45.332865644347606
-47.409244218011246
-48.33021775797995
-46.27202999360987
-45.48587222284966
-48.049601565715456
-46.164844145958405
-46.68099884965956
-45.64208442552048
-45.863288415651766
-46.56581481018472
-48.91536699827024
-48.54995811020629
-46.35596333946046
-46.13596589692498
-45.433900362564586
-49.522627628448824
-48.63855624212333
-46.38980481451302
-48.18148355348196
-48.44288595860978
-46.31506541679917
-48.17057922231183
-48.441295038132694
-46.932491728000215
-45.73814615711807
-48.08640783669167
-46.17890289047218
-48.150713377450245
-49.055996439907936
-47.167286770546156
-46.44586387173053
-46.170304844645436
-45.44701667345589
-45.17074517572224
-45.065218853710824
-47.98822906626765
-48.41469050891178
-46.304295713342626
-48.16900794375344
-48.44106579168055
-46.314370174897405
-48.17047778788538
-46.829048743145535
-46.93470243030111
-48.26098304422068
-48.454484777992704
-46.319495771574076
-46.12203652547942
-48.14241668661128
-46.200296367470685
-48.15383464367941
-46.822691627738514
-45.69620625078624
-48.08028888682218
-48.1920538782183
-46.21925608755848
-48.156600829560674
-46.82374821672596
-45.696609831867306
-47.462313779758475
-45.94052017290051
-45.977280727692964
-45.37328802142848
-47.79710777459696
-46.06840009969946
-45.40809252450142
-48.03825366066075
-46.16050963192862
-45.4432752351251
-48.04338674896275
-46.162470297192726
-46.68009212011522
-48.223835900592
-47.83103109402795
-46.69939164346077
-45.64910984760447
-45.865971888102536
-45.33077182795325
-48.026972723066166
-46.15620069719245
-45.441629368511194
-47.80707864276018
-48.38826101830901
-46.29420054623771
-48.16753507872246
-48.440850903568546
-46.3142880949424
-46.12004737000854
-45.427820026333336
-45.16341270899146
-48.00255535667946
-46.76490808189838
-45.6741349002658
-48.077068720179035
-48.427652039736515
-46.927280566321336
-45.73615567047761
-45.89922043386137
-45.96150563110651
-45.98529645945816
-45.99438374726798
-45.37982079359588
-45.76311262226957
-45.29148308446292
-46.347404608618966
-48.17529744681141
-47.44892367779099
-46.55343959781165
-45.59336112689409
-48.06528398546551
-46.17083429727709
-47.53150219681806
-48.34805495669815
-48.467188398818045
-46.32434812294917
-45.50585597002946
-47.43448316638605
-47.47979810467208
-48.3405114313172
-46.27596182695561
-46.10540803829952
-45.42222829919307
-47.80424806489401
-46.07112744790339
-48.94010508806167
-47.93553336011571
-48.40700230899713
-46.30135908228753
-46.11510892661536
-46.04396769755855
-48.13102659812043
-46.81397972955194
-45.6928786017855
-48.07980338937596
-48.4280510225953
-46.30939897546257
-48.16975249966246
-47.823140432173794
-46.07834369007632
-46.02992462680507
-48.12897774170968
-47.81719147516184
-48.389736460672054
-46.91279810382185
-45.73062386204359
-45.89710747105883
-45.342664562383014
-48.02870784963539
-48.420596283813744
-46.30655151862527
-48.16933706130871
-46.82861302436511
-46.316502011786625
-48.1707888186958
-48.441325617832995
-48.48079640488422
-48.48655511510557
-46.33174555032053
-48.17301282099529
-48.441650095395545
-46.31459335905678
-48.1705103500154
-48.44128498980006
-48.4807904773341
-46.94757764337455
-47.40875954624253
-48.09407906782209
-46.18183304002845
-45.45142005226325
-48.04457506176846
-46.780958181045136
-48.238552060553815
-46.23701681279555
-46.09053236658273
-47.859147162122596
-48.395857712904274
-46.29710222537095
-48.16795842800257
-48.440912669396106
-46.314311687389186
-45.502022392771444
-48.05195784375177
-49.04202240098992
-46.543915173889694
-48.20396795189558
-46.22380685875872
-48.15726477813084
-47.821318498156316
-48.39033858521219
-46.91302809493072
-46.34874569957997
-48.1754931093457
-48.44201196458901
-48.480896541526384
-46.32958416754112
-48.55466349074769
-48.02519622269233
-46.155522134430676
-46.05940416934959
-45.4046563848682
-48.03775233464457
-46.16031814242988
-46.061236081394966
-46.64142409050492
-48.21819431110286
-46.84727483318964
-47.63019354095671
-48.362453829756156
-46.284343077364596
-45.49057540233764
-45.187383129648325
-48.00605259392146
-46.76624390765811
-46.292679129052864
-48.16731310694667
-46.827839942590494
-48.24539201738203
-46.85766343257224
-46.32759828033469
-45.50709741968194
-48.29063878313587
-46.8749461592092
-45.716165705741844
-45.27355095801633
-48.01862431065289
-46.77104587615258
-46.912547306554735
-48.25775065522859
-48.45401317879445
-46.31931563670941
-46.12196772008368
-48.14240664803933
-46.200292533077395
-46.07650493994275
-48.13577371780794
-48.43621698346189
-48.48005106517432
-47.86841238275752
-47.77917550162728
-49.03529134372535
-46.54134413879485
-47.58555885418064
-46.60562959113366
-48.21297196402551
-46.84528007410714
-46.3228682582959
-46.74135868953045
-48.23277457260431
-46.234810008768434
-48.71315882704533
-46.41830046630462
-48.18564101304879
-48.207424546286184
-46.84316114908051
-46.322058900955334
-48.17159955789928
-46.21144323241339
-45.46273013934088
-48.04622518123463
-46.16355448184582
-46.062472253052725
-45.40582828856246
-48.03792331308931
-46.77841743913432
-46.91536299306355
-48.876195447103775
-48.544243057912155
-46.35378038373158
-45.51709809328259
-47.81808938131397
-48.38986746341414
-48.47328876133408
-46.326678254086595
-48.17227351243833
-48.44154223173075
-46.932586147552875
-48.26067428272886
-46.24546674975974
-46.09375995530026
-45.417779127391135
-48.03966691697608
-46.77908343655616
-47.62024455026919
-48.36100229157705
-46.901822627866046
-45.72643160327119
-45.277472181947516
-48.01919640951434
-46.15323040972283
-46.05852880840405
-46.64039000423921
-45.6265732268138
-48.07012956554051
-46.79071913292042
-46.302027833220755
-48.16867706450288
-48.20494953954869
-46.224181791879275
-48.15731948013592
-46.20598872806977
-46.07868069282329
-45.41201936165021
-45.77541138087724
-45.91421478098151
-48.11209590271847
-48.43276243679683
-46.311198575552474
-48.71741581597011
-46.41992649138416
-45.54236365818237
-48.05784355505423
-48.42484712594628
-46.308175195839084
-48.16957395262165
-48.441148371261505
-46.314401717490554
-46.12009076996005
-46.0458705923896
-47.51327023798481
-48.345394949752965
-47.848766320285094
-46.08813190834294
-46.03366339349361
-45.394824283388004
-45.150809456670395
-47.38268257819706
-46.52813774921894
-45.58369668070987
-48.06387396176994
-48.42572695042882
-48.47852058998082
-46.328676634806335
-48.79059906100592
-47.91372072473445
-46.11294228312359
-47.52305586578321
-49.02101828560805
-47.771960293217234
-47.29486259404365
-48.31352970394591
-48.73883196155523
-47.04614071983955
-45.781556209213534
-48.09274127793739
-46.1813220497623
-46.069258860099396
-45.408420541786
-48.2743694952374
-46.868731844204746
-45.71379204862694
-48.08285462014907
-48.428496191165614
-46.30956901472571
-45.50021085301151
-48.05169354366274
-46.16564321043056
-46.06327007637882
-45.40613302995601
-45.155129013489216
-47.3833127930436
-45.29231049237032
-48.02136128982921
-46.77209130917143
-45.67687864893519
-45.87657862638403
-47.48857087301488
-46.56858347882858
-45.599145574720964
-48.06612792502978
-46.17115665350619
-45.44734203548878
-48.90534271845741
-48.54849558749184
-46.35540470549286
-48.17646464521513
-48.442153709762074
-46.31478572262757
-48.17053841548214
-48.441289084496475
-48.48079107474225
-46.94757787156416
-48.26286154578463
-46.246302209904705
-44.70969708688419
-47.93635913953221
-48.40712278859031
-46.30140510139717
-45.49709251560122
-45.80790643415637
-48.09658572394544
-48.43049953221073
-46.31033422291389
-47.55185496167678
-46.59275584975037
-45.60837859882442
-48.06747500509205
-46.17167119230441
-46.06557256057106
-45.40701250065889
-49.89219805355541
-46.86865337676209
-46.38780193230542
-48.18119133690604
-47.824809336036026
-46.07898115462774
-48.75416898141152
-47.051998940138525
-47.66006238562184
-47.7487776467133
-46.04993963352853
-45.40104125387229
-48.03722489414052
-46.77815066683427
-45.6791931176124
-48.07780670414419
-46.17561755018079
-46.06707993514807
-46.02562225526343
-46.009786830642206
-48.12603967684545
-46.81207489512412
-49.21746465158607
-47.22896213930454
-45.851387777577656
-47.48489557770553
-48.959289131359775
-48.55636626306218
-48.49758060882452
-46.33595691417842
-45.51029013371073
-47.43513010214848
-45.93013693199271
-45.35528069382967
-48.26661649590678
-46.24773647322531
-45.47659292376915
-45.800076286832024
-45.305601947977024
-48.87740245331759
-48.54441915774548
-46.353847647882496
-45.517123785902015
-48.05416110731642
-48.42430986406194
-46.30796998006013
-45.49960007611845
-48.05160443251498
-47.80590286148558
-48.388089474132926
-46.29413502219302
-45.73775113298497
-48.83135671903027
-48.53770117565037
-46.35128160705798
-48.17586309326052
-46.21307175800914
-46.0813861695168
-45.41305276179136
-44.58812763078092
-44.842678753985254
-47.95576090328709
-48.409953467773434
-46.30248632463388
-45.50214855761922
-45.19180368160881
-45.691296475957095
-46.500119735012376
-46.19102874033014
-44.83689850847824
-44.937700773854495
-44.976203813085235
-47.35720795811628
-48.32262576997755
-48.44754280044106
-48.21843621045758
-48.448277278604365
-46.31712471779288
-48.170879670277714
-48.44133887290016
-46.31447448264161
-45.50208457502466
-47.81589893852046
-50.861683837117106
-48.59785393254939
-47.81923055505719
-46.07685024990961
-45.41132019467165
-48.03872457139219
-46.16068950382236
-46.06137792882478
-45.4054102939021
-48.03786232849024
-48.42193190427867
-46.307061680246804
-46.117287125211625
-45.42676570663818
-47.42294405246847
-46.54351626395344
-44.97153676189207
-47.97456103327368
-47.558594403523045
-48.40496479168782
-47.857457443094205
-48.39561118622044
-46.915042049306756
-45.73148097294993
-48.085435399426956
-47.81083873303791
-48.419021886385224
-48.47754233432069
-46.94633696314375
-45.74343456636066
-48.921843389666414
-47.116044865048366
-48.287440548885805
-46.25569055367977
-46.09766510090339
-46.037304749030405
-48.13005448703119
-46.1955744274068
-48.1531457219086
-46.20439449428776
-45.460037760954684
-48.66386635727187
-45.869811734104054
-45.33223851861426
-48.02718671034973
-47.80234036383301
-46.07039877093846
-47.51684885100657
-48.34591706235639
-48.46687648423722
-46.32422898218088
-47.31781420223348
-48.31687829845221
-46.26693477346183
-46.101960010683165
-45.420911269837774
-48.04012389040047
-46.77925798487232
-45.679616075466576
-47.45983442411357
-48.3375987695773
-46.2748492891687
-46.10498308667869
-45.42206598211749
-48.04029236065163
-47.80425245244307
-48.38784868269874
-48.472994225197134
-46.326565751293195
-47.55422310975209
-48.35136989322024
-46.280109390337024
-47.54744521803339
-48.350381012145505
-46.279731671377306
-47.54739010957985
-47.7323389831806
-49.03268123401003
-46.50839907149846
-45.57615717671363
-47.44473997421155
-48.33539651901605
-46.89204209305594
-45.72269577140188
-48.08415365579499
-46.178041869986444
-47.53255376750447
-48.34820837879364
-45.85222071786993
-47.4850171020564
-48.34127287277373
-46.894286660461454
-46.95962109736053
-46.36654264287025
-48.178089648378524
-46.213922226386394
-46.08171101953055
-45.41317684345537
-45.15781951083556
-45.678315677801194
-48.077678687401
-46.793602640885915
-45.68509524650685
-48.07866781314483
-47.80985135550611
-47.770631562896895
-46.67632107547327
-46.2583316635229
-47.54426789051165
-48.34991744630751
-48.231392154890145
-46.23428197218827
-46.08948775042456
-45.416147290335516
-45.158954120581996
-48.001904857397214
-46.76465961328223
-46.29207398244946
-46.11156233406615
-45.424579030999105
-48.040659009542175
-48.42233993454518
-46.30721753394017
-47.5514002428837
-48.350958042494604
-46.89798606610802
-45.72496616707956
-48.0844849020602
-46.796202383551
-45.686088259842904
-45.880096384727615
-48.10711809579031
-46.18681350553205
-47.915799543133446
-48.40412318390103
-48.47536864292282
-46.32747269816092
-47.96252133799509
-48.410939801904625
-46.30286307074773
-48.95301927170794
-46.50991900360908
-45.576737739119295
-47.444824677125006
-48.19483352940768
-46.83835180858584
-48.246925677961805
-48.45243383589583
-46.31871238140203
-46.12173729706016
-45.42846552102854
-45.78169325477536
-48.0927612726154
-49.052766879793964
-46.548019199601434
-46.20932470776024
-46.079954923679274
-48.94059702642618
-46.50517412812803
-47.58028172074362
-48.355171793326164
-48.4682267312886
-49.10275521319298
-48.5772976823115
-46.98444011551666
-45.7579886754886
-48.089302821106585
-45.83779240564944
-48.10094602842299
-46.80248997432848
-45.68848990581255
-46.49904772060897
-48.19742187868253
-49.29289281623648
-46.63973914574208
-46.24435860973965
-45.47530269472698
-45.79958346319118
-45.30541370609668
-47.787205045447905
-47.300685571245694
-46.496817679539284
-49.37743640757423
-48.61737312847992
-46.38171358508879
-46.14580161553634
-45.437657272770345
-45.785204191524585
-48.093273511383735
-48.430016286910615
-48.24307841823982
-48.45187252826706
-48.48233517837868
-46.33013367792123
-45.508065855385006
-48.052839573064134
-48.424117054813
-48.47828570937593
-46.32858691839857
-45.507475045819774
-48.908693816269164
-47.111022174948175
-46.42437270857537
-45.54406196202804
-48.05809133424602
-48.42488327644316
-47.54425698159997
-48.96794984346864
-48.55762984392974
-46.35889368099018
-48.338107761848434
-49.06643957102733
-46.5532417029349
-45.59328553777736
-48.295441882338096
-46.25874679110322
-47.30826047930959
-46.49971103695803
-45.57283864281462
-48.06228979539064
-46.169690618437265
-47.76740331382388
-48.382472465828805
-46.29198951593594
-46.1115300707289
-45.424566707500865
-48.66800551542971
-46.401053435972074
-47.565090716485344
-48.35295545567419
-48.46790337198305
-48.48467404695621
-48.723188832959245
-47.040165576406274
-45.779273907509676
-48.09240829460638
-46.79922885019744
-46.305278255985925
-46.11660591776033
-46.04453949729507
-48.13111002257769
-46.54832617363507
-45.59140797265753
-48.301067001602576
-46.87892938422137
-48.25284586646138
-46.86051054957354
-45.71065179350935
-48.082396463101944
-46.79540467085238
-45.68578356070529
-46.49801398876328
-48.19727105923882
-46.83928286213275
-46.938611515909315
-48.26155337212468
-48.454567987712494
-46.93756154360874
-47.99652042408272
-46.76260294276624
-45.67325441546612
-45.25716030363211
-48.01623294640635
-48.4187762199614
-46.305856316095365
-45.4987927283247
-48.051486642059324
-46.16556418105038
-46.91269930847305
-48.2577728320096
-48.45401641434319
-46.31931687257906
-47.5531655126008
-47.73318160312547
-46.043982474968004
-48.13102875411541
-46.19594656431885
-45.45681093884114
-48.045361581520346
-48.42302603055036
-46.3074795992946
-48.16947246645353
-45.60619212936087
-45.84957877845307
-48.10266563704009
-46.18511281762297
-45.45267281582882
-48.04475783750944
-46.16299400641598
-46.062258170488384
-45.40574651629928
-45.15498137840946
-48.001325242125645
-46.146404231198986
-48.14597188696277
-48.43770487628943
-46.31308641945131
-45.5015543820645
-48.05188956190986
-46.16571808273854
-48.945376443472995
-48.554336429255315
-46.357635708523595
-46.136604685065365
-46.67021233542239
-48.22239445943144
-46.84887914709336
-48.98344770475243
-47.13957561955757
-47.73726845144021
-46.66357750086726
-45.635430062411686
-48.0714217604395
-47.40924669620164
-48.8972551418591
-46.48861900135988
-46.18663585097044
-46.07128855155145
-45.40919581493401
-47.420380639815626
-48.33184254002422
-46.27265060512647
-48.1643909846869
-48.440392186430834
-46.31411288058701
-48.95364620212315
-46.51015846971911
-46.194863195784066
-46.07443111763309
-48.135471151210616
-48.436172839590256
-47.862010635920356
-48.39627548810106
-46.297261801296465
-48.16798170981634
-48.440916066166956
-46.31431298484019
-46.12005687710352
-45.42782365772048
-45.78144808480782
-48.092725502799205
-46.79935001294558
-48.24123539266516
-46.856075743208876
-48.24951156517363
-49.0615022742053
-46.55135582336143
-45.59256519587899
-48.065167860695404
-46.17078994156184
-45.44720196399012
-48.04395965098323
-46.16268912629233
-46.062141716643644
-45.40570203488871
-45.772998376772385
-48.09149270701107
-46.7988791268557
-45.68711068480614
-48.07896186162984
-46.17605878107795
-48.15029842748186
-46.203306924592724
-45.459622346296314
-48.04577176034013
-46.16338129047533
-47.53041481778015
-48.34789631023458
-46.27878259969925
-46.106485477613056
-45.42263984439003
-48.90396611252864
-48.47993978737187
-48.48643013629484
-48.48737706544105
-46.95009349616151
-48.263228570467035
-46.246442400858676
-48.949875055538456
-46.508718019900314
-48.198832756334916
-46.22184538859343
-45.466703409445365
-48.04680487353044
-46.1637759045998
-45.44452284026897
-48.905185610092474
-46.49164817067833
-48.963539904747684
-46.5139375278471
-45.5782726787936
-48.063082610555306
-46.78802743563327
-45.68296570759459
-48.07835711760474
-46.17582778941485
-46.067160239389715
-46.64368691750418
-45.62783253562306
-48.070313296219666
-48.426666436663695
-46.926904099446936
-48.49591326058231
-46.33532004382098
-45.510046870880615
-48.053128599329774
-46.78422534166951
-45.68151343692886
-47.83635331839879
-46.08339056352479
-46.03185236092546
-45.3941325305017
-48.03621692498503
-46.15973166812659
-45.44297807939474
-45.16920257005764
-45.68266361952808
-48.07831304354981
-46.17581095462389
-45.44911982032187
-48.044239462451046
-47.804828326834624
-46.68938307699222
-48.84322542168191
-48.53943279603041
-46.351943027187545
-45.51639628553222
-47.672088955192805
-48.36856628831636
-46.28667782877977
-45.49146719802295
-45.18772376528909
-48.00610229199168
-46.76626289063176
-45.67465239115369
-45.87572827157922
-45.33449843483406
-48.02751642768264
-46.156408373876104
-45.44170869394568
-48.04315819368489
-46.16238299684489
-45.44399079684979
-48.04349114801141
-46.780544162830815
-48.238491656110405
-48.4512033286911
-46.318242369473225
-48.1710427334603
-46.21123054440346
-47.537395929844685
-48.348914840758184
-46.27917164374068
-48.33366500498154
-48.465088933156835
-46.3235461984248
-46.12358365086746
-48.14264240916336
-46.20038258581355
-48.15384722276611
-48.43885387229826
-47.549593274373535
-48.586762386841706
-48.12004933226748
-46.19175279834976
-48.15258815374346
-48.67473815410329
-47.0216590638613
-46.39023903748062
-46.14905804858055
-49.18051598908981
-48.58864282661775
-46.370739586284486
-47.796735962920316
-49.24085400790634
-46.61986208969401
-45.61873226117568
-48.305053561571
-46.262418125881226
-46.10023480482258
-48.139235858435065
-48.43672210297195
-46.31271103344727
-49.04373802360905
-48.56868719039374
-48.49937820789618
-48.48926616362854
-48.4877908362527
-48.48757558888943
-48.173069690050156
-48.44165839247883
-48.051973717389494
-46.78378421602132
-45.68134494192456
-45.260250609752354
-48.016683815992984
-46.152270684397585
-48.14682779094953
-48.437829750998176
-48.480286364786764
-46.32935110076573
-48.95449539902872
-47.69910469205675
-48.37250783120513
-46.28818336419516
-48.16665718369373
-48.440722820410016
-46.31423917152922
-46.120028682927554
-45.427812888503546
-48.659164811743395
-47.01571057639826
-46.38796691745139
-47.563181419164536
-47.73464290419935
-46.04454064231043
-48.131110189633176
-46.19597766991875
-46.07485680887295
-45.41055876795022
-45.156819494977704
-48.00159341971875
-46.146506665924534
-48.14598683198781
-49.05573303855701
-47.16718616018279
-45.82779145324145
-48.09948690913104
-48.43092280942485
-46.310495900423014
-48.787946527607254
-48.53136771407702
-46.3488624400034
-46.133253594683076
-46.050898344045834
-45.401407448704525
-48.03727832124651
-48.42184669877012
-48.47795446889336
-46.94649438454257
-48.26270346715858
-46.86427581799234
-45.71208999806856
-48.08260629431926
-46.177450830495594
-48.94603028709596
-47.74331742653394
-46.047854015006074
-48.13159360419455
-46.196162317850536
-45.45689334935705
-48.04537360505258
-46.781263197438186
-48.238596561845824
-48.68728661173142
-47.026452148168865
-48.51043712515452
-48.72694761541174
-47.041601303546805
-48.51264735713714
-46.95974588868379
-45.74855632016434
-45.90395706055912
-45.963314861513034
-45.98598752397998
-48.3586353822986
-46.28288456022007
-46.1080522871115
-45.42323831236453
-45.161662649982105
-49.215660273199774
-46.610238939339645
-48.44971243636543
-48.71808800271731
-48.75724347015468
-46.43513930159048
-46.166208423366676
-46.06348596850954
-45.40621549341204
-48.27404778301531
-46.25057497232061
-46.09571112269641
-45.41852440701872
-49.22997468831369
-47.23374054813398
-47.922646106378785
-48.64119006151626
-48.746024211733996
-45.92850357812317
-49.25839485345955
-46.62656209650392
-49.297296321397724
-46.64142113504404
-46.245001072484285
-45.47554809365892
-48.28416327306613
-48.69393470530293
-46.410957505202894
-47.80260367821204
-48.62367610728012
-46.3841211087601
-46.14672120775006
-48.382086110718106
-46.90987593016527
-46.347541679777706
-46.132749109167854
-48.3800476090076
-48.707924041384246
-46.41630095610591
-46.159012815683376
-45.442703502194334
-49.23132214310577
-47.23425523006625
-46.47144354709299
-48.42946246154304
-48.09709958245733
-48.04860849190713
-48.65956772589135
-48.74870547683125
-47.04991206708655
-45.78299673567851
-48.32901942541599
-46.88960626005016
-45.72176536598459
-45.8937238266535
-46.57744010272581
-47.826893161844275
-48.627219895182876
-47.00350870403992
-48.50708972176865
-46.957623060870105
-46.36577946084167
-45.52168133290501
-45.81729852662326
-45.93021424696477
-48.35049817084627
-46.27977642201893
-45.4888310952105
-48.286101236874806
-46.873212970763
-45.715503686664306
-48.319172322273005
-48.69904245674568
-47.03094248139783
-46.393784987447816
-49.28432409771411
-48.839856203053166
-48.77500921115699
-46.44192521081804
-49.28700686041475
-46.63749091067446
-46.24349986035852
-45.474974681651204
-49.23312055429898
-45.38153598800048
-45.76376776823481
-48.32621395687491
-46.27050067767194
-47.16407731449857
-48.53051636631658
-48.32136073130964
-48.69936174132117
-47.64909842600348
-46.629899547939374
-45.62256622906475
-49.2413455493366
-47.23808383056338
-48.541313771495155
-48.73145245740164
-47.043322000073005
-46.39851354281737
-48.41882211731782
-46.92390783607542
-45.73486740215855
-47.70396346153982
-48.561029393792744
-46.36019219349139
-48.413231107800506
-48.4766974711113
-46.94601425411361
-48.49870139457284
-46.954419004990065
-49.315567160701235
-47.266433963404886
-49.33295515838539
-46.25020362668661
-48.39718399216867
-46.91564280772127
-48.49427026026205
-48.72458890161202
-48.75819193852102
-47.67156956176896
-46.63848275803598
-47.59973118772914
-48.594077409816634
-46.14240281598857
-46.37281541235177
-46.054393035613934
-47.75058162319378
-46.05062869122917
-47.5139644352499
-48.58156420926876
-47.60410377255032
-46.61271311963229
-48.21400543690548
-46.22764083687094
-47.775858136748745
-48.61977398536904
-47.000664619568205
-48.50667477543641
-48.490330718485794
-46.333187702483734
-48.662913138013934
-46.39910832088279
-44.968059175520715
-47.9740536602599
-47.794588356297744
-48.38643871007316
-48.47278851296342
-47.562555153711614
-48.495355460480276
-46.335106983140925
-48.17350324743437
-46.21217037711176
-47.773601027088674
-48.38337670000789
-46.29233490265855
-48.16726288499258
-46.20978677076112
-45.46209742729077
-45.176505511111195
-47.62249955951491
-48.361331292992084
-46.283914306474344
-47.548000347816405
-48.35046200448932
-46.897796596449716
-48.25559855562784
-46.32908739419616
-46.86156198327467
-46.1257001993138
-48.94314632326386
-47.7422158503724
-48.37879766443608
-48.471673699429175
-48.48522413031719
-46.94927114811977
-48.26310859150469
-46.86443056172289
-46.33018309366398
-46.12611871926905
-48.143012270658566
-48.67334105158978
-48.75071497796885
-47.05067962822068
-48.27790388935702
-48.69302147352728
-47.0286426704541
-48.510756718048825
-46.95902372881251
-46.366314468388715
-48.178056358170316
-46.83194349940825
-46.317774140054425
-46.12137892075502
-46.04636262221064
-48.36744399041794
-46.904283137877975
-46.34540542321598
-46.13193313176996
-48.37992855950965
-48.70790667229657
-48.51969005656554
-46.96243596049289
-48.26502931174461
-46.86516421157166
-46.33046332297037
-48.17282574654608
-46.82994558354974
-46.47581476467102
-46.181745067755294
-48.15112804552742
-48.43845714968572
-48.480377901021654
-48.4864940562149
-46.949756216649504
-46.362774593733604
-46.1385675645513
-46.0529280999203
-46.0202167352096
-46.00772210570851
-48.12573843753739
-48.67082083330207
-47.020162780460076
-47.65541755252259
-48.602201940946706
-48.50426794410349
-46.95654523771071
-46.365367769028644
-48.41398621409492
-48.71287561713471
-47.03622627849462
-46.39580321834913
-49.666402581117524
-47.40044116954655
-48.32893341051794
-46.88957340528264
-46.339786805329986
-48.17418602429005
-46.8304651634138
-46.317209465951336
-46.12116323444021
-48.37835725266555
-46.90845163312842
-46.34699764671971
-48.41130604937029
-46.92103695358122
-46.35180481137337
-46.13437748053888
-48.14421720768905
-48.437448872033535
-46.93102262327672
-46.35561899779662
-46.13583437011314
-46.05188411254279
-48.13218158750098
-46.814420896238666
-46.31108110121502
-48.16999791850226
-46.82886544935134
-48.24554163680204
-46.85772058210531
-46.32762010951388
-46.12513974643634
-48.142869440447186
-46.81850329279736
-46.312640437944886
-46.11941802103729
-45.4275796364171
-45.7813548769639
-48.71074589270794
-47.035412796150254
-46.39549249574283
-48.80034736373989
-47.06963751264247
-47.02659916293742
-46.3921259874199
-48.79985619679497
-49.151139300144024
-47.20362810936946
-48.30021877202172
-49.07824318228154
-47.17578426999391
-48.914190399354666
-49.1678204354879
-47.20999973609988
-48.91918236858338
-47.11502844543943
-47.0439369564848
-46.39874843526508
-46.152308349310424
-48.382901263686044
-49.09030639524094
-47.18039200733087
-48.29682867042227
-49.07774857312396
-49.19168325144463
-47.21911452072807
-48.9326747959421
-47.12018209409972
-48.28804416246957
-47.49198909105248
-46.56988912193798
-46.217678274761475
-48.774404618525864
-47.67776225448209
-46.640848156170506
-47.600076294666
-48.97609377149026
-49.17685201576499
-49.20614224886384
-47.224637366298964
-49.882239642026214
-47.48288359078179
-48.735114112706384
-48.67314865391457
-48.27855095252676
-48.731754960350635
-47.04343754591782
-48.37470343044219
-48.16677954024562
-48.440740671990355
-46.120031287438024
-48.142124126323836
-46.81821860813453
-45.694497709329866
-48.08003961398312
-46.176470445845446
-48.150358488562
-46.82136385463383
-48.244447168882765
-46.85730253255974
-46.94549441754636
-47.880591562689915
-48.87112236378158
-46.47863716835473
-48.19444401924088
-48.44477686508049
-46.315787678801435
-48.17068459891781
-48.44131041237231
-46.31446361168731
-48.17049142012931
-46.829053950199366
-48.24556913870513
-49.070269908235474
-47.17273875030993
-47.67767808652123
-48.369381731587545
-47.52305727789326
-46.58175611334233
-45.60417707338384
-48.914082835564514
-48.549770753392515
-46.35589177552562
-46.13593856193424
-45.433889921527204
-48.04201745016269
-46.77998126034175
-45.67989234211267
-45.87772975474616
-48.1067728091294
-48.43198580790872
-46.310901929713864
-47.55193778898264
-48.96907045816338
-47.75211798877508
-47.76220837820905
-48.99974852368703
-46.527767989596235
-46.81962342260145
-45.69503430070834
-48.69815189036006
-47.03060231530776
-47.01168904431312
-46.386430828881714
-48.79902528436235
-47.06913252325608
-47.02640627415578
-46.39205231046137
-49.5760236064357
-47.36591947308646
-45.90370082407379
-49.548808710850246
-46.7374903192232
-48.850244173732555
-49.15849080690388
-46.84278360959583
-45.703880704954386
-45.88689249401723
-48.72614362352272
-47.904316803141135
-47.78441388596419
-49.00298826360694
-46.529005460130925
-48.81982664272429
-49.15405294893823
-48.82824518910437
-46.79460142330422
-48.85857657152329
-46.79902671236007
-48.85922221249532
-49.58059550575737
-48.64701364144332
-48.05634495773458
-48.945471282081115
-48.19858734245134
-46.83978563758111
-46.32076957029198
-48.17141144709064
-48.44141645809156
-46.93253810629759
-46.35619786080122
-46.13605547610606
-45.43393457876707
-48.04202396556618
-48.422539078945235
-48.478055485799516
-46.94653296956728
-46.36154342290233
-48.79539426076481
-47.06774559565577
-48.995644713896084
-46.52620047373946
-46.200990696072175
-48.153935944857146
-48.43886681667689
-46.31353024118642
-48.17035524320847
-49.05929634877181
-47.16854722357238
-47.06437931069522
-46.406556719763394
-47.32982565726988
-49.628283923907034
-46.76784714934776
-46.91132550163602
-46.34809536681041
-48.557364238323444
-48.87969222270298
-47.0999445519338
-49.3752614886091
-49.23508980082923
-49.45070700469448
-46.48409737802478
-49.174383261145096
-49.441850039918776
-49.08035154879231
-48.955995042976745
-47.12908963584091
-46.54669796904715
-47.390497533362705
-48.7094486648005
-48.90188104149002
-48.92995654687893
-50.170120685411504
-47.59284436463819
-45.996324883371194
-47.88800762770837
-48.78203440933646
-47.95341134019778
-47.90723375922405
-48.638941430370906
-47.007985932081425
-46.38501636587336
-45.52902917678877
-48.58365706557043
-48.11959627199984
-48.19778874842759
-46.22144661305735
-46.70261906824426
-46.26837660292553
-46.10251074053232
-45.42112162992153
-47.80408660402328
-46.689099764088525
-45.64517869949239
-48.30891204492111
-48.225409547454724
-48.21322669726114
-48.21144924337242
-46.226664457823134
-46.704612107596766
-48.46348129605293
-46.32293213569268
-46.12334909977501
-48.61474414361973
-45.909350074314695
-45.965374809465864
-45.986774354082904
-44.75888027528305
-47.943534870013174
-46.742364262024424
-45.665523927310204
-47.839744418656345
-46.084685848563915
-47.900899318790266
-48.165881292967136
-46.82729303831588
-48.226443348395286
-46.232391696310984
-49.42122799161042
-47.30679280953264
-48.01155546296483
-46.768345816597034
-45.67544799807638
-48.45922630981783
-47.557374853072325
-47.49772776012386
-49.19722929904313
-47.83926691115737
-46.084503456929184
-48.991042651958864
-49.17903302803213
-46.84578067926731
-48.484077513087
-46.33079919056003
-47.936806771467225
-47.553086130959784
-46.59322611457057
-47.741263290803005
-48.142590710368076
-47.436430816130716
-46.54866774927418
-45.59153844294194
-49.05927654258007
-47.87869157100174
-48.16264122623076
-45.84338914761486
-48.17161226382212
-45.22666401561025
-48.566806832655146
-46.36239897876891
-46.13842409240147
-45.434839309685614
-47.18805399777858
-48.06187856226341
-46.16953354135996
-48.61935115044518
-47.00050311099892
-47.88861722290382
-48.164089359326965
-46.20857459182102
-46.07966840488599
-46.64846461158685
-46.24769144112468
-45.47657572303729
-45.800069716737084
-45.92363342717396
-47.87740208717875
-48.16245309307644
-48.204041474355456
-46.223834941839456
-48.62940483039668
-48.508236792186565
-45.89381086116064
-45.95943935819945
-47.26459211336207
-48.927147289083685
-47.11807077435285
-45.80903104522498
-48.77960092239399
-46.44367908844405
-46.787504320437954
-45.68276589537002
-48.46029397664415
-46.32171468801153
-46.74091806489023
-45.664971529159374
-48.45769781360219
-47.55679101946963
-45.9766072673069
-48.50316485504425
-48.87178463925206
-49.16163351846924
-46.58960255533444
-46.84324212503386
-48.86567315426588
-49.160741864826456
-49.064685927110794
-46.82909766207783
-48.62754152743235
-46.765319153699785
-48.85430434596426
-47.09024724592181
-49.61493267663717
-46.90937758091123
-49.11139016473936
-48.738526458470005
-49.04115666894562
-48.950276587074036
-47.74493936879914
-48.513650003189184
-46.96012886539699
-47.08932123735867
-46.41608368800392
-47.803351578203355
-48.76968325816861
-46.439890877798966
-47.334689045383996
-47.12783983967443
-48.67112742374198
-46.4022458988376
-49.037400649472325
-47.77821779939732
-46.061184771219835
-46.02337050301209
-49.22923975223923
-46.6154258387832
-48.59636722854582
-48.8853826822868
-47.10211811408322
-48.053288318697405
-48.80614853716865
-47.07185336371763
-45.791377565234335
-47.8581062169698
-48.77767185230334
-46.442942249236104
-48.571202211976704
-48.88171115585008
-46.48268172702509
-49.04913607864796
-48.951440767260095
-48.754767760444096
-48.90849300843576
-47.110945473181026
-46.424343411107316
-49.04062463306325
-46.207553177836914
-48.53685940929325
-46.350960080920146
-45.51602083346719
-48.435966199974956
-48.861980487606786
-47.71121325987669
-48.756240458691686
-46.43475618530273
-45.5480280972165
-47.204568019321925
-48.682321914285794
-46.40652181373859
-46.773311504429785
-45.67734472205097
-47.223435060616495
-49.15721053351294
-46.58791312541286
-49.44104052180864
-46.69632653391533
-47.50204104618704
-47.19176261589589
-48.680453631104555
-48.515684711835156
-48.2555772729908
-46.86155385403068
-47.3962088445215
-49.18241788886828
-47.83360945589189
-49.01016580052861
-46.20310929405978
-48.536211055387945
-48.112673992404915
-47.42500364670064
-45.9262689701972
-48.4958205964736
-47.57135262678077
-45.98216930636893
-48.503976345607036
-47.57446784574603
-45.98335921413126
-49.22700999953143
-49.68559615507182
-48.696486459236986
-47.648000165974565
-48.98038372156915
-48.9414099335466
-48.444577558010174
-48.78870748066536
-48.751303781259544
-46.78337582318568
-49.15729236265177
-48.592357737943566
-47.60822653364554
-47.23232186299307
-47.088739055333654
-48.66542269618857
-48.89545773923559
-46.18637361346182
-48.533769352495234
-46.967813773000366
-46.36967196650586
-45.523168137767335
-48.437008977618966
-46.312820609811915
-46.73752082931658
-45.66367390063803
-48.929644447151965
-46.500990615109764
-47.3436033769203
-48.70260689958117
-46.41426998866014
-45.54020306639924
-48.91163029521102
-47.73017779884661
-46.04283512382903
-49.414214043549315
-49.00470492450477
-48.70889037173356
-48.439628091684156
-48.862514750406966
-48.64943862362404
-48.275091705727206
-48.122336845781454
-47.80910858600628
-46.691017990515135
-46.26394538553913
-47.7229131047
-46.0400602575829
-46.633335645548485
-46.24191269031267
-47.923838405854184
-48.16922806066579
-46.21053740107442
-47.91926081284598
-48.16856019884658
-46.210282300559264
-46.26094222596737
-45.56593500269149
-45.83420192435478
-47.2463202180122
-47.452345500479666
-47.48240418409452
-45.94819402450916
-47.26295144128779
-47.45477196325444
-46.555673444082785
-47.96961548289726
-46.13429218094882
-47.908136785146795
-46.11080940799223
-45.42429143882988
-47.804549072910376
-48.151823981541895
-46.82192362314188
-48.65570760363838
-46.39635605165844
-48.63199153571331
-46.387297319790555
-47.94504973743253
-46.12490890114027
-45.429676965988286
-48.27747076573307
-46.86991642412578
-48.01546291580537
-48.182595896511
-46.21564346001126
-47.774107743054756
-48.14738265137122
-47.43826117472183
-45.931332895294496
-48.35066137943804
-46.27983876215372
-48.40150770016325
-46.91729431721777
-45.732341262740164
-45.89776345975262
-45.960949116517696
-45.98508388980047
-45.376268564133824
-48.5751440083998
-46.36558349653318
-47.94188173331408
-48.1718605466645
-46.21154292125102
-47.301373527512744
-48.07841165883714
-46.17584862231184
-47.914199788231315
-48.403889782806324
-46.30017020307352
-48.16840603991697
-46.210223417087825
-45.46226421134651
-48.046157203256385
-46.16352851656862
-46.06246233519936
-45.40582450027957
-48.03792276038629
-48.421940721173485
-45.88122043407945
-45.95463024298731
-45.982670294882475
-45.375346652910224
-48.283296564547534
-46.87214168126129
-45.71509449048644
-45.27314179019803
-47.40053062512283
-46.53495509651179
-45.58630067566263
-47.682287868263344
-49.02989198097328
-47.157315754491044
-48.29346189050661
-46.25799050152104
-45.480509614056515
-49.379327039260524
-47.29078806989597
-48.31293523888429
-48.46206450104314
-48.48382216716675
-45.8902488153755
-47.04961186610639
-48.277748104964026
-46.2519883695357
-46.09625099239297
-45.41873061889331
-48.039805737715376
-46.161102472610324
-47.530082342734374
-48.34784780277913
-46.896798060249864
-46.34254637797047
-48.95523074662437
-46.510763711861884
-46.19509437771118
-46.07451942127166
-45.41042989735391
-45.774804259539955
-45.913982881265966
-48.112062069005944
-48.432757500524694
-46.3111966900643
-48.1700147826881
-46.21083790214724
-47.537338644111536
-48.58497446038215
-46.36933839506567
-48.17849754312668
-46.83211201706625
-45.69980451932218
-48.08081386712648
-46.17676618423031
-46.06751867431435
-45.407755849962854
-48.038204540507564
-46.160490869699636
-48.14802709982216
-48.438004727804554
-46.31320095253851
-47.552273211892306
-48.82322136195606
-46.46034061375255
-45.55780047930159
-47.44206176815298
-48.33500577401813
-46.273858852997776
-45.48657078497519
-48.04970348455602
-46.16488307549141
-46.062979730668104
-45.40602212776301
-48.03795159384754
-46.77842824142274
-46.297333130420675
-48.4040600940951
-47.85732544949429
-46.09140120478675
-46.03491215361585
-48.12970541206465
-46.195441092634205
-48.15312626862745
-46.20438706379556
-45.46003492275921
-47.66386594318473
-46.63554023757317
-45.62472078078487
-47.68789328605716
-48.606940086613996
-48.50495923023997
-46.338775296769
-48.79207243592978
-46.44844278272357
-48.96113215099923
-47.93860116725384
-46.12244576651085
-46.04677012102861
-47.513401477444546
-45.96003393700961
-45.98473432233419
-44.758101052493174
-47.32538719419038
-45.888218871176974
-48.10830315059244
-48.05024307046904
-46.165089178970334
-47.29459601785365
-45.87645768836993
-45.33477704725615
-45.12787345339852
-47.76130227166771
-46.672757603314665
-46.87500452702618
-47.780137282514275
-48.148262349322785
-47.965903095244556
-46.132874175044904
-47.90792990087356
-48.1669070410692
-46.209650850477075
-46.69811348786182
-46.26665562435848
-48.54548234003058
-48.87795867710483
-47.71731638518626
-48.13909690392419
-46.199028323319475
-47.91758166103125
-48.16831521389844
-46.21018872463581
-46.08028494875889
-47.900257236161984
-48.16578761437416
-48.02984022932011
-46.1572959871185
-47.293459006485826
-48.07725694578124
-48.19161152398198
-46.219087123275266
-45.559828425506296
-47.82432365276691
-48.000071639045366
-46.763959386180616
-45.6737725307466
-47.22291388492901
-48.06696455125542
-46.7895102050384
-45.68353207510987
-47.8423717720118
-46.085689408245244
-46.03273044147382
-46.630535904926106
-45.430260190405015
-47.80541990202913
-48.151951033798056
-46.20393816403549
-47.91829799713774
-45.807739950929985
-45.30852920718408
-47.7876595909307
-46.0647912146709
-47.2799627420732
-48.075287867340464
-48.191324239309175
-46.218977390294704
-45.46560793157493
-47.57450909046354
-47.219442945711286
-46.46578575792042
-45.55988033930007
-47.82433122688734
-48.15471015891048
-46.20499205604922
-47.30041776916044
-48.68237316847258
-48.279896791063074
-46.870843083344276
-45.71459847021986
-47.84690429797406
-48.15800352559774
-46.20625001018634
-47.300601302195595
-48.07829899268175
-46.17580558766986
-45.449117770327845
-47.57210320836137
-46.60048999177128
-48.64336753030015
-46.391642563066895
-47.32764971113282
-48.08224530236177
-47.33823734914905
-48.0837900179304
-46.177902972681764
-47.914499513910926
-46.11323975411893
-46.04325373719575
-46.634555446218215
-47.363090223157215
-47.85134802588144
-46.08911803213179
-45.416006070513944
-47.80334025396418
-46.070780694983554
-45.40900183098648
-47.80231834918921
-48.15149852333714
-46.203765320419684
-47.918272779594055
-48.168416046737846
-46.21022723935328
-46.080299660071894
-46.0306717408624
-48.28537472628011
-48.22197549894525
-46.84871911842758
-47.731294966906624
-46.043261844056815
-45.39849056526381
-47.800784776188046
-45.45177060058067
-47.190524239829024
-48.680272954471356
-48.27959037396984
-46.870726042429396
-46.33258775331834
-47.9370677192569
-46.121860041496
-47.906322960445316
-47.930604614120575
-46.11939135500679
-47.47878940717672
-45.9468133025883
-46.64471600792449
-44.81301643171123
-47.715365251291054
-46.03717723412279
-46.01420043982719
-48.61069473338286
-48.26943904832118
-48.21965051486457
-46.84783105353206
-45.70580865698172
-47.887306592308114
-46.102852982320066
-45.421252354652076
-47.80410567650443
-46.071073060378176
-47.898913239760105
-48.16559152794176
-46.82718235792493
-48.656000662883656
-46.39646799032941
-46.15143729685447
-45.439809911484105
-45.167992437597846
-47.14912156382856
-48.05619839670099
-46.16736391117684
-45.44589333682954
-47.8077007473538
-45.454412266500775
-45.17357004089842
-47.14993532518315
-47.82024914538278
-47.31330729429317
-46.84408479444585
-46.322411702091344
-47.31754906464164
-48.0807716378991
-46.17675005410077
-48.38368533541691
-46.910486779644565
-46.34777500351679
-45.514804242155904
-47.58168673544508
-47.88324082720892
-46.71933398699234
-46.2747611337681
-48.3105969404162
-47.500603485687364
-45.95514553914611
-48.60740371656271
-46.377905608584264
-47.70761152773419
-47.90161300680432
-47.311883452395406
-48.07994503621238
-47.41250229785139
-46.539527868591904
-45.58804731917443
-47.828440733867694
-46.698402213922655
-47.9904393297765
-46.14224618268017
-47.90929725835984
-46.11125266931658
-48.37691132070066
-46.90789933626325
-46.34678668808909
-47.32110532717141
-48.699324478359586
-48.754505908844656
-46.43409364621635
-48.56991121819468
-46.98161873728072
-45.75691100489759
-48.47111160233643
-48.86710813270669
-46.56420347286176
-46.83354053881236
-45.70035016607552
-47.1216119256639
-48.67021878333348
-46.401898829085106
-47.3291460801785
-48.0824636196633
-48.42843914496355
-46.30954722501545
-45.500202530082795
-48.669726318113696
-46.40171072410942
-45.535405854214574
-48.2928964026359
-46.25777450437465
-45.480427110488066
-49.233424407743925
-46.61702423495478
-46.235682285870325
-47.21472546959721
-45.845949853636064
-48.36525047207311
-46.903445288425196
-45.72705140445258
-47.61265317909325
-45.99794471359816
-47.03414199150381
-47.80335512567757
-46.688820364222494
-46.26310596698991
-45.48246354799734
-46.95893430300733
-47.79238247180302
-45.44856120588941
-47.572022006704145
-47.881830762288885
-46.71879539011923
-45.65652141931891
-47.602362992941806
-45.994014212238866
-45.37967964377479
-45.14502471908552
-47.52773663010798
-47.87536961291961
-46.09829346191666
-44.801476784080485
-44.92417087907468
-48.2237115466684
-47.97691098478532
-46.75511280345496
-47.762645315782294
-46.673270600518045
-45.63913249702195
-44.6260929017979
-46.833991509565344
-45.700522421575236
-45.26757575516036
-47.54561658530537
-45.972339013261205
-45.98943444322814
-45.37793032767332
-45.14435653979182
-47.52763914406284
-45.96547224173731
-47.0294043217083
-48.34103218543226
-45.658126748577885
-47.602597207324216
-47.23017165167208
-45.851849770192246
-47.01282702652002
-47.80024531419698
-47.915128094108084
-46.11347985038959
-47.66903232954065
-47.277950388894325
-47.22089230271877
-47.83060162888609
-46.69922760237357
-46.267081178234605
-45.48398194358035
-45.18486465250646
-44.45257802518913
-44.79090341181084
-46.85803703891762
-47.77766175936155
-47.91183319786251
-46.112221312013176
-47.66884871126613
-46.6374434856222
-45.00741376810068
-47.507659462936786
-45.33980669388165
-45.12979460745806
-46.525514586767734
-47.72914738741505
-46.66868706888709
-45.63738174372743
-45.243458162295205
-47.542097875927546
-45.39088985421685
-46.945573881141506
-47.79043321252273
-47.91369652776685
-46.112933040704384
-47.050918562332846
-47.8058027943746
-46.68975529047156
-45.645429088290186
-45.24653197439899
-46.924512350319716
-46.68271091371182
-46.51601404492917
-47.72776127704124
-46.041912094633936
-46.01600899561046
-45.38808090344755
-46.327130071997466
-47.70020347678356
-46.03138595159068
-47.0390210023731
-47.80406696377004
-46.68909226217933
-47.13497905987315
-47.11084768644274
-45.80627207114705
-45.3079685269984
-47.55150981129426
-47.210658002785365
-46.46243020831194
-48.30943580101277
-47.500159969900935
-46.573010119940136
-45.60083640116958
-46.35817068078468
-48.30362561667928
-46.26187269946665
-48.29825911410949
-46.877856866635604
-45.71727749704742
-47.84729516272057
-46.0875699761561
-46.03344875449761
-45.39474229858684
-48.4182719001998
-48.24136493531111
-46.238091235346744
-47.6872128855888
-46.02642398728824
-46.62812705377571
-47.98018632208957
-48.17744911085045
-46.21367756282174
-47.30168496752067
-48.07845709732192
-48.19178662373197
-46.83718799417824
-48.01068790222829
-48.181899231418974
-46.21537735762488
-46.08226683020556
-48.51858037751808
-46.96201210081336
-45.74942193617212
-47.85198497318487
-46.089361324352666
-46.034132988623014
-45.39500365276648
-47.80027604251082
-46.06961027035709
-46.026588757310336
-46.010156001573925
-47.65395758315893
-46.631755580816076
-45.623275170539415
-45.23806993080217
-48.395413709797005
-48.23802997027625
-46.23681739205472
-47.92309501185698
-46.734556930933984
-45.66254179219508
-46.48913642315104
-50.28614578362098
-47.01912801985627
-47.00730625344761
-45.766722762986774
-49.49850659435374
-47.33631060917749
-48.7015428991069
-48.90072760582004
-46.805176465384505
-46.48994536456825
-46.30755004283538
-46.73550765187152
-45.6629049352794
-48.77976860925552
-49.384276538119025
-48.84107511000256
-47.70322811617953
-49.55598874231704
-49.261457551790315
-46.38567030021685
-46.43823454972764
-48.80658334537472
-48.808881371764436
-49.15245605542632
-48.73798625352955
-49.14211259707336
-46.840394060985204
-48.865257627321185
-46.181967476514465
-48.76919448327797
-49.00312196321866
-47.76512450633811
-48.75084285985043
-49.14398835065627
-46.84066772974475
-48.69932464940255
-48.80290404950192
-48.80290404950192
-49.15158397586113
-49.15158397586113
-48.97492123652436
-48.97492123652436
-46.816001170221064
-46.816001170221064
-46.311684712164755
-46.311684712164755
-49.57154487368467
-49.57154487368467
-50.30396210671062
-50.30396210671062
-49.37058539495295
-49.37058539495295
-47.90548304763793
-47.90548304763793
-49.020652016242934
-49.020652016242934
-48.68233230120335
-48.68233230120335
-48.80195709839215
-48.80195709839215
-47.07025237656677
-47.07025237656677
-48.898793503605695
-48.898793503605695
-46.45334029276342
-46.45334029276342
-48.91380760863444
-48.91380760863444
-48.57878879765785
-48.57878879765785
-47.60304365964772
-47.60304365964772
-48.760704521834114
-48.760704521834114
-46.784747372751305
-46.784747372751305
-46.29974682380882
-46.29974682380882
-48.55031028096482
-48.55031028096482
-48.87866306419419
-48.87866306419419
-48.0628721643906
-48.0628721643906
-49.04361477891085
-49.04361477891085
-49.539235734701684
-49.539235734701684
-46.898333545921936
-46.898333545921936
-46.343132881307966
-46.343132881307966
-47.32057224394634
-47.32057224394634
-49.171382657564806
-49.171382657564806
-48.50297301941714
-48.50297301941714
-48.871756650811264
-48.871756650811264
-48.57644537809566
-48.57644537809566
-49.03212419991109
-49.03212419991109
-47.967348366555214
-47.967348366555214
-48.79361006713051
-48.79361006713051
-46.44747862074893
-46.44747862074893
-46.17092162388717
-46.17092162388717
-48.53151493759876
-48.53151493759876
-46.34891867438476
-46.34891867438476
-46.75130906305532
-46.75130906305532
-48.61619232378678
-48.61619232378678
-47.61733053532987
-47.61733053532987
-47.23579928220284
-47.23579928220284
-48.686878494131655
-48.686878494131655
-48.28055410921813
-48.28055410921813
-46.25306016778819
-46.25306016778819
-46.71469437164623
-46.71469437164623
-45.65495496965072
-45.65495496965072
-48.590674669488465
-48.590674669488465
-48.884552149113325
-48.884552149113325
-48.3093943068042
-48.3093943068042
-47.5001441205236
-47.5001441205236
-48.7254458862747
-48.7254458862747
-48.286181015898684
-48.286181015898684
-49.4782276717149
-49.4782276717149
-48.63207837573725
-48.63207837573725
-47.005364478478015
-47.005364478478015
-48.03522452061067
-48.03522452061067
-48.18547907579584
-48.18547907579584
-46.70082311121117
-46.70082311121117
-45.64965661963132
-45.64965661963132
-48.5943152592744
-48.5943152592744
-47.234746178008876
-47.234746178008876
-48.68672484830042
-48.68672484830042
-46.53788590634546
-46.53788590634546
-48.9823036117099
-48.9823036117099
-47.08476825550688
-47.08476825550688
-48.04680937555153
-48.04680937555153
-48.187169283353
-48.187169283353
-45.84696774292071
-45.84696774292071
-47.980481281710034
-47.980481281710034
-45.81681236988122
-45.81681236988122
-45.93002855161317
-45.93002855161317
-44.7372053074585
-44.7372053074585
-47.704304557326175
-47.704304557326175
-46.03295242496736
-46.03295242496736
-46.0125867063258
-46.0125867063258
-45.38677370526015
-45.38677370526015
-45.765768398204536
-45.765768398204536
-45.29249750060357
-45.29249750060357
-47.16728660771305
-47.16728660771305
-47.44081465213683
-47.44081465213683
-45.93230823687752
-45.93230823687752
-48.16843693607556
-48.16843693607556
-46.210235218370286
-46.210235218370286
-48.77331869123329
-48.77331869123329
-46.441279489665845
-46.441279489665845
-46.78658775526404
-46.78658775526404
-45.68241579862649
-45.68241579862649
-46.4967276181152
-46.4967276181152
-45.57169907821933
-45.57169907821933
-48.444089546406964
-48.444089546406964
-46.31552514642925
-46.31552514642925
-46.738553870380585
-46.738553870380585
-48.850399343755214
-48.850399343755214
-46.4707216790542
-46.4707216790542
-46.79783367090718
-46.79783367090718
-45.68671135616755
-45.68671135616755
-45.26230039759547
-45.26230039759547
-47.78091489850911
-47.78091489850911
-46.06221497140952
-46.06221497140952
-48.98779080574627
-48.98779080574627
-49.414626567563445
-49.414626567563445
-46.686237301170955
-46.686237301170955
-47.37063050417539
-47.37063050417539
-48.706550104305606
-48.706550104305606
-49.1375261247129
-49.1375261247129
-46.58039435029969
-46.58039435029969
-49.58651954858275
-49.58651954858275
-49.265911936393294
-49.265911936393294
-48.65311110805824
-48.65311110805824
-48.89366150273503
-48.89366150273503
-48.73675618972703
-48.73675618972703
-48.70103859869758
-48.70103859869758
-48.43946095698831
-48.43946095698831
-48.69862140450227
-48.69862140450227
-48.6754774815214
-48.6754774815214
-48.80157509238398
-48.80157509238398
-46.79071030863278
-46.79071030863278
-46.9200584513927
-46.9200584513927
-48.87688050524156
-48.87688050524156
-49.16237699529736
-49.16237699529736
-49.587048530085085
-49.587048530085085
-46.905309338756474
-46.905309338756474
-49.53900405471074
-49.53900405471074
-46.48901800397489
-46.48901800397489
-48.81399255149644
-48.81399255149644
-48.19126028392012
-48.19126028392012
-49.0623463531071
-49.0623463531071
-46.828756322830884
-46.828756322830884
