-41.81340807661827
-42.1607701955065
-41.637248940688586
-41.81509172613182
-39.350327265423275
-39.336785081846564
-39.44833187184725
-38.593274783570536
-39.48892902228899
-39.406690053985415
-38.537307788986006
-40.05710591367958
-39.40377852931709
-40.565488302246166
-40.58908144015473
-38.14167391383822
-39.76331573171071
-39.9999100843856
-38.763897677791626
-37.673748960239394
-37.87538319167644
-40.342498427691254
-40.08441170091136
-40.04675735493712
-38.78179174286215
-38.29861787364932
-40.25834950185572
-40.072134538089756
-38.791484964287726
-39.858121886280514
-38.70973940531909
-39.846195369959176
-40.01200206064398
-38.768516401731176
-39.85477081816545
-41.10342314542528
-40.19542912106077
-38.83857930435391
-38.32030879200095
-39.78937820919388
-40.00371254860505
-38.76535008988245
-38.29233772104231
-39.78529728493912
-40.53602484907352
-38.35064130728187
-38.13393306152198
-39.76218635657822
-39.9997453107744
-38.7638347398726
-39.854087772905594
-38.090164522374444
-38.03443978296764
-37.39512083777857
-37.76895671911797
-40.32697101460599
-39.506857825493555
-41.2004554872599
-40.20958594894463
-39.46202072018255
-38.55844222285314
-40.44215539727532
-40.09895145682319
-38.80172811577035
-39.85961634194124
-40.486096109066764
-38.94960421436464
-38.98075052277704
-39.885735359120766
-38.72028681339664
-38.27512508106916
-40.40081998336129
-38.29899764402416
-38.11420693746109
-37.42558917960921
-37.78059459011643
-37.916194590740076
-39.730418741819335
-41.23117845574393
-40.45013634713721
-38.9358688075349
-37.7394360867176
-37.90047344136781
-40.34615904578752
-39.612809822894334
-38.61603853495594
-37.61727179322359
-37.853810833464706
-40.3393510630448
-38.27551860571502
-39.782843409083455
-38.68098558565114
-40.31413619920639
-38.26588738475045
-37.48352595504495
-40.52139520485567
-37.27769665894644
-39.01922916026711
-37.77127690814713
-37.912635552924165
-39.72989948519995
-38.660762806225435
-38.252388933476354
-39.77946883538254
-38.679696613194935
-38.25962100420227
-41.075221271429776
-39.17463000275951
-39.52946522275527
-38.58420373048158
-38.22314596868948
-39.775202344319105
-40.70984825029248
-39.0350699272573
-39.963199032993174
-38.749875303922465
-40.34513500026221
-40.556932326664885
-38.97666124185264
-38.373051398893026
-38.14249295482644
-39.763435228180455
-38.673572320206006
-40.68188212262526
-38.406353828272245
-37.537179362191466
-37.82321824705205
-39.952921653589755
-38.74594969430564
-39.37934242492427
-38.52686192419637
-40.05558188254595
-38.78516241247406
-38.29990535487622
-40.022469365335425
-38.772514556352704
-37.67704031497279
-37.87664037731557
-37.95288081697391
-40.58987315634226
-40.35657116492085
-38.282096099341935
-38.107751121854854
-40.46657039556038
-38.3241120667099
-38.12379979331921
-38.04728731324772
-38.63609613517386
-38.242967103523966
-38.09280517539804
-38.03544842267016
-39.98388561891492
-38.75777687663338
-37.67141102223532
-37.87449017882248
-37.33402552548221
-37.74562038637406
-39.9416002782936
-41.116091392929576
-40.4333453709625
-38.929455225340455
-38.35502030505886
-40.03051052819732
-38.77558600725688
-38.296247493573304
-40.021935690563595
-38.7723107107288
-37.67696245287292
-37.87661063663985
-37.95286945704663
-39.49970155520173
-38.57283502110599
-40.29835724449027
-38.87789434910573
-37.71729181407703
-37.89201508187525
-39.9629589765187
-39.647071630004504
-38.62912538075603
-40.21639995353283
-38.84658944958585
-40.72026348858602
-38.421014205534604
-38.160813116767685
-40.002176081285455
-41.124929283478934
-38.82734438548464
-38.31601743485374
-38.12070791907657
-39.76025683429937
-40.61749778601773
-38.99979518878117
-40.12458191594399
-40.288686087825496
-38.25616630722042
-38.09784682258565
-40.374955434021864
-40.32521509181621
-40.55402605119013
-38.97555114340195
-40.93477880316246
-38.50295176459543
-38.19211047937372
-40.38870831620135
-40.09115363278481
-40.04774098954114
-40.04140717025198
-38.77974815415851
-37.67980330347366
-40.550031684061146
-38.974025430922225
-38.37204460870553
-37.52407440644446
-37.20017861062786
-37.69449541418901
-37.26527364318927
-39.635450655444785
-38.62468656345661
-38.238609034925055
-40.18550649451648
-38.83478919827166
-38.3188611002985
-40.025234971320806
-38.155536935089735
-38.05940982269829
-40.36934755131503
-40.08832893525599
-38.79767067357791
-38.30468308547774
-40.77278081015366
-39.05910802612523
-40.79353723489274
-38.44900228614073
-38.17150361227935
-40.00373580356043
-38.14732498373511
-38.056273136394786
-40.84102586995044
-40.15714587450755
-40.43933513910136
-38.31370912443487
-38.11982622295315
-37.42773555567469
-37.7814144328208
-39.384516660541095
-39.9446440447155
-38.74278792906125
-37.66568575371836
-37.87230332084371
-41.87329690921371
-40.30775218943346
-38.88148289875159
-40.489286396710284
-38.33278880706068
-38.12711401322165
-39.76119147083915
-39.0553282489021
-38.40309952179269
-37.535936327726084
-39.674939808928286
-39.04274430102161
-38.398292881415
-40.03682391200299
-40.27588236760465
-38.869309710028396
-41.01902811475108
-38.5351321380935
-38.82243627702921
-38.932176692994126
-40.11471651036351
-39.42578381913818
-39.162634947051046
-40.38440789399173
-38.29272878371139
-38.729846434642226
-41.10142603653802
-39.802673321113545
-40.4777882342922
-38.94643088857503
-38.3615044314329
-38.13808240572366
-40.3230687553423
-38.26929931758795
-38.10286318617145
-38.039290240926384
-40.366412143894635
-39.85183268758531
-39.27046152684665
-39.92800362497035
-38.73643185430567
-39.8500897457823
-40.01257024241926
-38.76873342785754
-39.854802481850555
-38.70847150564925
-39.84601038589035
-39.01270468917791
-40.12646538666857
-38.8122375018072
-40.09721761819973
-37.83384397184228
-39.71840394844403
-39.99335754351476
-40.26954070990795
-40.30983529083966
-38.26424458393686
-38.10093244972081
-38.03855276522556
-39.74827055889005
-40.23378300075341
-40.068550333882804
-38.79011592010329
-40.712024111675575
-40.3743927491247
-38.90693732752433
-37.7283852446984
-37.89625239532077
-37.34233795251403
-39.88276216414738
-38.71915115397199
-39.46560251433168
-38.5598103464774
-38.21382852510051
-40.009910925119684
-40.271955815736035
-38.24977591192328
-41.10532552192506
-41.04980864030122
-38.68969343663669
-40.216307101185
-40.066000634497755
-38.7891420215993
-38.30142543030013
-38.11513426930109
-40.56165105399098
-41.442623559428974
-39.314965189230726
-40.78859858805656
-38.67513669933607
-42.18854711123443
-39.59988263301136
-38.611100787799664
-38.23341973038764
-40.63080323219977
-40.5986107600095
-38.99258098679243
-38.3791322003678
-40.034028406312885
-40.27547450882113
-38.8691539218357
-37.65467189322263
-40.400467026969835
-40.228331175735526
-38.851146770939955
-40.81109833656023
-40.860983438730294
-38.47476444359452
-36.65285933381627
-40.018236566866285
-39.80103455549699
-38.0698999965369
-38.026699422863594
-39.98260915704586
-38.13925532283484
-38.05319080020857
-37.40228308904097
-37.771692455664244
-40.57589399036329
-38.98390395290218
-38.375817868343255
-40.033544851787305
-38.776745015735386
-38.11332557052115
-38.29669019541885
-37.42525252739471
-37.78046600041288
-39.94668418486669
-38.74356719325719
-40.08719875520526
-40.519299935678134
-40.34627467079053
-38.896197177299015
-40.727501158518194
-38.42377874944934
-40.276610227537404
-38.86958772778365
-40.95968686965452
-39.13049978815125
-40.379719437493996
-40.32591015055557
-38.888418622733845
-37.72131172889606
-37.89355055270424
-37.34130594046677
-39.88261159561888
-38.71909364191174
-39.84756013468528
-38.622694423712346
-40.6875976445446
-38.408536963381984
-40.038318503419546
-38.778568388408445
-40.71033934950663
-38.41722352171536
-38.15936520438934
-40.61999882246631
-40.360966440373765
-38.901808933924926
-37.72642637265112
-37.895504172778324
-37.96008614568385
-40.590924399633565
-40.59279251674984
-38.99035861562206
-38.37828333011633
-38.30474645621139
-37.49836879957177
-39.28749276918761
-38.49177847755994
-38.18784266349222
-40.478255594005304
-38.946609404100464
-37.7435386295462
-37.902040473288025
-39.964421661413404
-36.870197392858
-36.950419815900105
-37.59909604359221
-40.156290642284965
-38.82362973572952
-37.69656457615369
-37.88409798148144
-40.43212136348751
-38.92898769608749
-38.354841724774964
-39.412450484935135
-38.53950807781895
-38.20607374852172
-40.626813507214564
-40.97999467822906
-38.5202226920398
-40.90871519787838
-40.403089591857906
-38.91789854607861
-38.96864003512781
-37.6691867215374
-37.255606582807175
-37.71566701563402
-39.93723014039844
-38.121922080851576
-39.99650195561478
-38.762595888439215
-40.08997500441715
-38.79829941604964
-37.68688925498187
-37.880402337645876
-39.96126469996919
-38.74913645445287
-38.28614466338941
-37.49126354696546
-37.805679966256875
-40.959754060662604
-39.13052545283259
-37.81378830908529
-37.92887346317317
-39.968336541877285
-40.501958172466374
-38.95566298345158
-38.36503077788838
-40.99092561303525
-41.26918589603278
-39.24871789674274
-40.77893323834128
-40.620222636644975
-39.00083598910651
-40.12473376666498
-38.811576081821435
-40.097121118324324
-41.13878157769726
-39.198907879418336
-40.625768021002266
-38.1470264138489
-40.00016462843771
-38.14596091621801
-38.0557521089662
-40.45898384182297
-38.93924824978958
-40.01688744012935
-38.77038245064664
-40.327179026032674
-40.318244607830934
-38.885490645955244
-40.107905107896954
-38.80514810615712
-40.7142172780638
-40.374712727788435
-38.28902555974831
-38.11039794020639
-39.994820606153986
-38.761953670092154
-38.29104040412248
-37.49313355352539
-37.80639424520358
-39.95046706480025
-40.2632830733969
-38.86449720787529
-38.330208550228974
-40.88099250820343
-40.39904490594406
-38.29831962478344
-38.11394795715616
-39.99533854664674
-40.741965689369344
-39.04733769735305
-37.78201341393992
-37.91673653321661
-37.96819618570989
-39.974073649777104
-40.26672722772858
-38.86581275776749
-38.330711045573906
-40.02696385503654
-38.156197309906545
-40.85560461038993
-40.63140883907181
-40.36263113936157
-38.90244479235723
-37.72666924896023
-37.27756295452345
-37.72405360336001
-40.55648771580743
-38.35845742686696
-40.03101199751088
-41.365204364457405
-39.28539368813324
-40.1662501754415
-38.82743393888323
-38.31605164120819
-39.14138934488204
-40.98819609929817
-38.435971935347965
-37.54849247241196
-37.8275394706378
-40.1896200891141
-38.836360451592014
-38.319461265661936
-37.503989356643906
-37.810540793019676
-37.927633022415115
-40.20422354150949
-38.84193847405396
-40.3376189091508
-38.27485698180126
-38.104986025002866
-39.994031018366975
-38.76165207439462
-38.29092520481688
-40.02115917909898
-38.772014109741974
-37.67684916137705
-37.87656736313907
-40.19677316222895
-38.839092682397876
-40.10113573624392
-40.2852653363083
-40.31212948291292
-38.88315487608202
-37.719301156583235
-37.27474859366769
-39.872901009589256
-38.7153845280991
-41.17325690352232
-40.441685706556314
-38.93264095005971
-38.35623714362281
-40.03068806255119
-40.27498715923425
-38.868967770857914
-38.33191615333949
-40.02713967788999
-40.27446945688919
-38.86877002615816
-38.33184062158528
-40.027128657955565
-38.774294247770065
-40.091681772041625
-38.79895134327129
-37.687138269022356
-37.26246346379577
-37.71828611111485
-37.89239486954878
-40.199082364293304
-38.22194073034967
-38.0847738155056
-39.99108209674357
-40.887242715448025
-39.1028285835306
-38.42124303514379
-40.04017229430629
-38.77927647351915
-40.71044265773201
-40.99219600685377
-39.142917173616425
-38.43655551399551
-40.04240635486259
-38.78012980871873
-37.67994908254371
-37.87775142766228
-37.33527121169325
-39.8817311405566
-38.71875733800351
-40.3196470236059
-40.317145703486666
-38.88507090184612
-40.10784386805676
-38.80512471461964
-37.68949628705225
-37.881398135287
-39.96140998488705
-38.749191948353435
-41.1781893396636
-40.678473316790715
-39.02308576905439
-40.74601395456065
-40.37935180036912
-40.32585651302192
-38.88839813501906
-37.72130390328537
-37.893547563586935
-40.58121655133709
-38.98593699028698
-38.376594419523855
-40.03365814907766
-38.77678829144946
-40.092045648110535
-38.18105634281203
-40.33632784541671
-41.555647380089994
-40.49747572521238
-38.95395084095334
-40.97199528198703
-38.51716719456482
-38.19754029045733
-38.07545367680717
-39.989722306833194
-38.76000629303643
-37.67226258352621
-40.31286353034796
-40.55222398265816
-40.351078224508015
-38.89803197155231
-39.75824953903367
-41.94344284683457
-39.50626113479816
-37.95730656881001
-37.983692560381776
-40.96967436252928
-39.13431467096701
-40.144208043896015
-39.58334556880446
-38.604784191346766
-37.61297301648595
-37.85216884686098
-39.95714548917777
-38.74756305593737
-37.66750968988444
-37.87300000246585
-40.43232066882084
-40.333584566779
-38.89134998888738
-40.72679396325972
-40.140479663929824
-38.81759047939324
-39.86193062960445
-40.01429780408678
-38.15135930894698
-38.05781411150405
-40.36911474018936
-38.90492130750396
-41.11074000321138
-40.66863259122457
-38.96024729096821
-41.2089818991636
-40.446897913176116
-39.55266582458198
-40.205244654625616
-40.91848861154596
-38.80776776119735
-38.926573818510875
-40.49586507324315
-39.571369615395035
-40.58993951217902
-40.12051286860717
-38.8099638422264
-39.860817918237686
-41.25020343918602
-39.859501232167155
-39.32830025731544
-40.55447617077026
-38.97572307378256
-40.50303585294758
-40.107833795599596
-38.18708687853345
-38.07146082875065
-40.37110576940278
-41.574856295710376
-39.36547360006482
-40.55989968838532
-39.871045122034836
-40.015627590611004
-38.76990123095135
-40.47300685077565
-38.94934544209799
-39.881153419599926
-40.01710237135031
-40.65497104485101
-40.74803483010568
-39.04965590283183
-40.65972054108579
-40.74872777226764
-38.17208564878106
-40.3857867327917
-38.910387492010955
-37.72970309026552
-37.89675576753549
-40.34561664448526
-40.70290063136031
-39.03241617296609
-37.77631389878806
-37.91455951214799
-40.34821417581762
-40.08524561732441
-40.0468790217021
-38.781838215431065
-37.68060163584121
-37.878000680842455
-37.953400406686164
-40.35388098595984
-40.0860723937818
-38.79680875143179
-38.30435386051358
-40.87722035981072
-40.39849455691055
-38.91614339890821
-37.73190165106419
-37.89759554303425
-39.72770517732943
-40.23078255202039
-38.85208311336156
-41.10303101457909
-38.366421496651235
-39.79610596213327
-38.686051430138576
-38.26204832828246
-39.78087812209197
-39.62710898126889
-39.98003778731261
-38.75630713574428
-37.67084963117034
-37.87427574651664
-39.724302864870054
-37.54336846507521
-39.439956165654294
-37.93198032422007
-37.97401879575582
-37.37204207429748
-37.76014141588652
-40.72114830672927
-40.139655973742805
-41.14498732946867
-39.201278265669266
-40.063807956946455
-40.043751309204744
-38.78064353556412
-39.8565401431467
-38.70913523320345
-39.84610722243546
-38.705150212093685
-40.081593793190876
-38.1770640894782
-38.06763246399362
-40.606615196012044
-40.59508177308943
-38.60862428685407
-37.614439802449695
-37.852729109244905
-40.33919324160807
-40.31999745826044
-38.886160175242125
-39.87193481340366
-40.01575739483236
-38.76995081175202
-40.32711605076666
-38.88887923562744
-39.87233151896753
-40.015815273394104
-38.769972919395386
-38.29410348479205
-40.02162288389807
-38.857256702494425
-38.32744292326922
-40.40845305366833
-40.330102328657944
-38.27198590353216
-37.48585538193854
-38.48729320991058
-38.1861294436988
-40.38783569485659
-39.854958341546606
-38.708531038755666
-38.27063477472039
-38.10337328540552
-40.99379572283077
-40.17943469565912
-38.832469977481
-39.86410151911865
-39.54247857759881
-38.58917438972415
-38.22504459157365
-39.77547934966474
-40.237752709828165
-38.85474547673718
-38.32648372038337
-40.02634709660322
-38.77399571789776
-37.677606068340175
-39.6956091455258
-39.99003182658927
-38.76012451906306
-37.67230774185003
-40.31287011885861
-40.7882929214087
-40.85765617350082
-39.091527530116345
-38.595590409112184
-37.609461304157506
-37.85082749211023
-39.72088181065728
-38.65731836104962
-37.63303928374168
-37.85983347892533
-39.722195766425585
-38.039786258743504
-37.39716300980493
-37.76973675942117
-37.91204726845858
-39.67691489486876
-38.64052449359891
-39.836097050433
-38.70132666662197
-40.68342881934024
-39.024978602596974
-37.77347299970078
-37.29544039650536
-40.526022240323094
-38.964854639465266
-38.3685416780727
-41.03248326993364
-39.158305538799226
-38.44243334646404
-39.335059986563095
-38.509947537847125
-39.817046129335715
-38.694049862279805
-37.647069468753806
-37.86519253273151
-39.72297764183867
-39.99402483638802
-38.76164971308878
-38.90949707179499
-39.3881701632946
-40.94942897178596
-39.12658161981858
-41.179263420644865
-38.59633657874719
-37.378800401793235
-39.652013986303146
-39.983671378577654
-40.03205953998926
-38.77617767711242
-40.473922571929485
-40.72162021389293
-40.37579280156989
-38.90747209997236
-37.728589509597306
-39.466979551859254
-39.95667521841619
-38.74738342849036
-37.667441078304996
-40.930194070966365
-37.101271632211564
-37.65671631015854
-37.86887729826404
-37.33188159588368
-40.881236602274825
-39.10053445243872
-38.420366755041336
-39.80397646926254
-38.071023707603366
-40.1349740167871
-38.197453520564885
-37.457386544907564
-37.79274010290771
-39.712406974786944
-41.22855057434953
-39.233196585003526
-37.85300519191115
-37.94385297947983
-39.73445404635317
-38.04446850503223
-38.568793766197075
-41.06169965584538
-39.16946520518908
-37.828661970971964
-37.93455469647671
-40.20523340014534
-40.68241899203963
-40.75203943163098
-38.4331515357532
-38.16544916437851
-39.53071651651667
-39.96597431623692
-38.75093536779317
-40.79764959750562
-39.06860705763468
-39.898553454808614
-40.01964100227445
-38.15340022904604
-40.383060566792565
-38.29221415051528
-38.11161587350316
-39.75893032272744
-39.999270261837744
-40.05568742308686
-38.785202725373495
-39.75196178064789
-38.051155864466814
-38.01953980150244
-40.453700537366444
-40.10063587006186
-38.802371504376424
-39.8597102110738
-38.71034609140495
-37.653294074391155
-37.24953613176852
-40.34135851597174
-40.084245390032834
-40.04673309050695
-38.16374848592464
-39.766536368374
-38.05672286160617
-38.0216662051944
-40.36384083173459
-40.08752551569679
-40.04721165439177
-38.78196526981275
-39.856732981574716
-41.249607454958905
-39.24123959769926
-38.474111338138876
-38.867545788262035
-37.71333901556938
-37.89050524719601
-37.34014273726875
-37.74795695336013
-39.469805223823016
-38.56141563865825
-36.901569550297964
-39.582386943425
-40.44564888492546
-38.934154749493246
-38.55779868117554
-39.82402751706003
-38.696716515101855
-37.64808803949563
-37.865581592134944
-40.19517035984022
-38.838480466362626
-38.32027103924766
-39.7893727011414
-38.065445564544916
-38.02499798124323
-37.391514390434885
-37.767579178811324
-37.91122314599909
-39.72969341780673
-40.46714060989645
-39.158324840218285
-40.296542685199775
-38.25916726038147
-38.09899308469453
-39.28495272766023
-39.930117862675736
-40.49638214231833
-38.335499140707434
-38.128149268553855
-38.04894866495413
-40.221923255219096
-38.84869916309989
-37.70614024533067
-37.887755561642024
-37.3390924508455
-39.31998275308636
-38.99095676450847
-38.37851180266061
-39.79786991400748
-40.62298546039044
-40.12533420747464
-38.81180542980249
-37.69204809318294
-37.882372838496224
-39.72548421466897
-39.05011863043625
-39.89585602963322
-38.72415256554346
-39.84829822169604
-38.087953110592004
-38.03359509882987
-40.21968320011051
-40.684527189442626
-40.13431302473694
-38.81523503281792
-39.29928107583146
-39.93220834050081
-40.02455118392303
-38.773309740294756
-39.85547015683697
-38.708726534800626
-39.846047594142085
-38.705127436112306
-37.65130072544493
-37.866808728972394
-39.723213441692366
-38.0401749761059
-38.01534547537524
-37.38782746126992
-37.14813690843452
-39.618360636164134
-39.97876142096326
-38.755819607180925
-41.30449959558602
-39.262206529703576
-40.16286721461835
-39.58606790512426
-39.97404997500011
-38.754019994959165
-38.288010009877375
-40.166631891639625
-40.676787107848845
-38.404407705800836
-38.154469998303554
-39.765182655273904
-39.055910554863466
-37.78528795412819
-37.917987296270994
-40.82085023778087
-40.86240622194371
-38.475307898423424
-38.18155146207646
-37.45131249905608
-37.79042002384166
-37.30191358371901
-37.11532072731538
-37.66208258697701
-40.31137828886785
-40.07987133384699
-38.17640616855307
-37.449347171812235
-37.78966933563353
-37.91966083508836
-41.258788505054675
-38.62671245803353
-37.621348869045924
-37.85536813785413
-40.33957827069317
-38.275605391314194
-38.10527189199931
-39.758004748299875
-38.67149806146685
-41.07668401058295
-40.19152793386309
-38.83708918344087
-39.86477545218568
-38.71228084134847
-38.272067071859745
-37.48588638548087
-38.49921347521984
-37.57264859114213
-39.68029605597521
-40.60583166568309
-37.05394779505821
-37.63864021284402
-37.86197284347384
-39.72250789550669
-40.61199029007172
-40.12373003374438
-38.811192689961395
-38.3098480361398
-39.78785200548219
-38.68289869923954
-38.878878080986304
-38.33570155496948
-40.881793926794444
-40.16309385384091
-39.11396501634162
-38.255574647683844
-40.856436568565215
-39.09106168248379
-39.901829540422696
-38.10840025488298
-38.041405212976144
-38.01581538404546
-40.217089174682826
-38.84685270863939
-40.871878595206205
-39.09696001180547
-38.4190014402102
-39.80377727251322
-39.572657017183666
-40.82619531906842
-40.62711808129401
-39.0034698145949
-39.889050059125196
-38.103518927385934
-38.03954071178249
-37.39706921921165
-39.65467937084344
-38.632031279178904
-37.62338047794337
-37.85614414340111
-40.19379345462634
-38.83795453537021
-37.7020361627344
-37.88618794158288
-39.48997285320808
-38.56911898761083
-40.676061137905506
-39.02216439870718
-40.59998149468832
-40.59411392910982
-38.99086335023041
-40.93563212320271
-39.121311692597416
-38.42830295458954
-40.65923631142175
-40.366691112861666
-38.903995564240844
-40.49257095033964
-40.10630698688571
-38.80453767824896
-38.307306047861175
-37.49934647658467
-37.808767370642734
-37.30892164659364
-37.73603155788808
-37.28113903832071
-37.72541954582395
-37.27708561040124
-37.72387127412966
-37.89452821198773
-40.19939361476046
-38.840093606199005
-37.702853215086655
-37.886500027810854
-41.01576462901443
-39.15191958621379
-40.146776566414864
-38.81999568211868
-39.86228154395287
-40.72255293429959
-39.039922684731685
-40.512402449952596
-41.19937030743504
-40.82746161209181
-39.0799942339335
-39.90021482144058
-38.10778348711409
-38.041169628651595
-39.7486523541185
-40.37973673767686
-38.29094456076587
-38.11113093337065
-39.75885957091562
-38.053790585901815
-38.02054617553972
-39.745643432860334
-38.04874247036471
-38.01861796698368
-37.38907744183645
-37.766648347275556
-40.32663422769301
-40.082097145324596
-40.046419665828004
-38.781662757100094
-37.68053461672239
-40.40424034747588
-38.300304106862036
-38.11470596186012
-40.37741514929272
-38.29005779291102
-38.110792218190234
-37.42428487290978
-37.780096389289
-37.916004294957226
-39.73039097803879
-38.66095053978464
-38.252460641315146
-38.83520738741607
-38.319020834337934
-40.40722428745319
-40.093855076583424
-38.799781471738356
-39.85933233040456
-38.71020175383299
-40.464296814448154
-40.10218184605315
-38.18492802590941
-37.45260223167508
-39.662781528170086
-38.63512602789548
-40.453343413651496
-40.10058376641405
-38.8023516025539
-38.30647104124764
-40.40539329731734
-39.857519961223
-38.7095094904058
-38.271008509994395
-37.84791851663344
-39.72045739685499
-38.65715624940244
-38.25101135135233
-39.77926784885931
-40.00223746691173
-38.764786658811786
-38.29212250952364
-39.78526588600171
-40.475248523736745
-38.945460805464435
-37.74309990390667
-37.90187289500546
-40.20046518957127
-38.840502911355244
-37.70300955574457
-37.88655974462836
-39.72609507604115
-38.65930965123388
-38.2518338776605
-38.83511594383123
-38.318985905996584
-38.12184177415852
-39.76042226152638
-38.67242146935112
-37.638808157777085
-37.86203699273003
-39.95858523225682
-38.7481129888585
-39.85179400034553
-38.70732236796886
-40.08191070646207
-38.17718513957631
-38.06767870101675
-40.60662194190281
-40.12294680230205
-39.428927510921376
-39.163835730462075
-40.14851510843057
-40.52824587105045
-38.965703990824686
-39.88354009969416
-40.63548457203315
-40.12715780328693
-40.289061904723994
-40.07661541727998
-40.28168786998453
-38.87152721461574
-40.487833881970225
-40.105615857924874
-38.804273690476535
-39.85998773628564
-40.01401433977178
-38.76928502396314
-37.67580674336775
-40.40355056004961
-38.91807462026011
-38.350673300730705
-38.133945281932014
-39.526120162012226
-40.43743967215188
-40.334331419299765
-40.319288127945214
-38.267855246421064
-38.10231160006787
-40.229708802527334
-39.46970696630051
-37.9433441188744
-37.97835937907259
-37.99173401834338
-39.977507773277075
-40.26722825959488
-40.073429931386045
-40.66318912510617
-40.367267820606
-38.9042158469976
-38.34537972038681
-40.41106999709957
-39.85834818055942
-38.70982584204217
-38.2711293455671
-40.872372968407724
-38.47911485681543
-38.183005590788454
-39.769345942109354
-40.00078988022586
-38.764233729899445
-38.29191130947248
-40.2573710273291
-38.862239007220445
-40.69239615673936
-39.02840382069485
-37.77478131659529
-39.94585480067521
-38.743250396685774
-40.08715253520839
-41.75536116977126
-40.5266135744397
-40.965375705055294
-39.53909011667195
-37.98848224428719
-41.21310132333587
-41.683566906562824
-39.52721062688147
-37.9867490500848
-37.37690459876572
-38.380032723712155
-38.76319357237074
-38.94423075758388
-37.74263006742409
-37.90169343343827
-37.962450232890724
-39.973235326558765
-41.12070688426906
-39.810037949614895
-38.07333898707583
-38.02801300036248
-39.982800805420126
-38.75736251474982
-41.325279442985774
-39.888177713879145
-40.25419517957393
-38.242991952571174
-39.30596187934571
-41.40531901159699
-38.682682131143956
-38.878795359334674
-40.5790642337432
-40.35499416436669
-39.51756171623031
-39.197690984324254
-38.92408815072906
-38.352970264977465
-37.699456103438116
-37.267168457874796
-37.72008325893617
-39.46573850661321
-37.941828302156836
-39.78700145988015
-38.68257381972854
-37.02465202180567
-37.627450223188255
-37.23966465900921
-38.777612388756886
-38.29702150243213
-40.16794665068452
-37.5920139572652
-37.84416319861087
-37.94047563856742
-39.11592731020485
-38.426246303524
-38.162811600367164
-41.002467656113105
-39.14684059451297
-41.09022247086049
-37.75772190057442
-40.08926389917115
-38.54599416910368
-36.80751485219238
-40.18669853665631
-40.06168080315085
-38.78749199285044
-38.47344890714768
-40.42975503963198
-38.56496909002377
-37.610291924364596
-39.06775415552629
-39.28039502931812
-38.489067382173104
-36.65494610443173
-36.250167151093585
-38.86931462545095
-37.714014651254985
-36.65469533956411
-37.48613934493712
-39.04964053830278
-37.164859032162134
-37.68100453568342
-39.07807098647905
-37.17571849705008
-37.68515248217098
-39.078676163715684
-40.518056506337345
-39.49199129064491
-37.95185597335764
-37.363576629428
-39.0317588790989
-37.77606283487139
-36.67839563676538
-36.877158064174644
-38.96079136684879
-39.264789368765626
-39.309142079509314
-37.882013789519945
-39.72543183012931
-39.37634890888418
-37.90768451406503
-37.34670463331091
-39.32109335554061
-39.31735672047209
-37.267117514412455
-36.48399582276527
-38.9034297688823
-39.87445441315943
-39.39809101073267
-37.91598925798429
-39.3484227729239
-39.79347998373143
-38.685048395642795
-38.26166520319696
-39.162788236145424
-37.82611159573912
-39.09924182122447
-39.28498901783087
-38.490822129641046
-38.18747737109227
-40.0367589908022
-37.541904730094714
-37.82502317698174
-40.335151000567656
-39.46530573699101
-39.33839702336815
-38.51122217248495
-36.9592015165869
-37.60245035477554
-37.848149547739716
-39.72049110383913
-39.84776402163273
-39.3941969350889
-38.53253584219303
-39.20230772977564
-37.22317271033778
-37.085244389987594
-39.227218730135014
-39.30366059720637
-38.49795403833885
-39.19726231258977
-38.45731350995999
-39.191332939408724
-39.29842493089982
-39.314049441888784
-38.501922223903684
-38.191717229822274
-39.15258296436524
-38.440247517533415
-39.18884304466969
-39.29806166015315
-39.31399644140112
-38.50190197951882
-37.573675508405444
-36.60109055694761
-37.465664139937175
-37.79590186286391
-40.33090225809764
-39.228617876318935
-39.30386472988353
-38.49803201008331
-37.5721973116165
-39.062196226429855
-39.27958413839123
-38.4887576494002
-37.568654821059475
-36.59917282502833
-36.846897642775424
-37.55955409204783
-39.060351605554516
-39.897349000582395
-40.13204687086031
-38.19633545031088
-39.15325675365395
-37.20443690464065
-37.078087949017906
-39.60814063071899
-39.359236353514
-38.51918208829788
-40.23558414863529
-38.853917160068185
-39.4852646096375
-38.512334442336105
-39.19936038525751
-39.2995961194652
-38.496401545988235
-39.669171762007984
-38.52258323667521
-36.96354105695921
-36.986073922952315
-40.441943026316515
-38.93273923746213
-37.12020670857009
-37.66394886574791
-40.00758374713836
-38.76682875614498
-37.67486853254668
-39.3132437331861
-38.50161447056429
-38.191599678506776
-38.86477945037764
-38.330316357271805
-40.40887228203942
-39.476061527003296
-37.945771345079294
-37.361252508234585
-39.031419794386586
-38.39396730478625
-38.15048211997216
-40.38263482041641
-40.09026752169179
-38.54605009906984
-39.20427943328156
-38.406505731389764
-39.18392018441611
-38.45221727047991
-38.17273162702362
-40.14981300224735
-37.93133446621949
-36.73770412245171
-38.94044531095268
-38.35921814422346
-36.90114114421791
-36.96223927718017
-38.973204548535385
-38.37173105953452
-37.523954641318284
-40.29122569319027
-39.22282914351298
-38.46707917038803
-38.17840836765112
-39.15064122754301
-39.29248809014868
-38.493686520382354
-36.952503493498604
-37.59989193761324
-40.30230479540802
-37.6433342018842
-37.86376578774437
-37.947963161348916
-39.11701972505633
-38.426663568867454
-37.35404544327128
-39.030368297779326
-40.51100848368256
-37.723051917227615
-39.084205616770696
-38.414129694812864
-40.42110048318871
-39.477845597507276
-38.56448678812338
-39.20696930996334
-38.46102125302799
-37.55806046037073
-39.06013368762968
-38.404935036055775
-36.91860344303785
-37.58694327055757
-39.06434763284512
-38.40654461990134
-38.155286226858905
-39.14726775266533
-39.91002989554701
-38.72956650057055
-38.27866960616463
-39.1652691451035
-38.445093207388005
-37.53707417879311
-40.024112443310194
-36.587110093069136
-37.46032407791409
-39.99623612663556
-37.52642637330455
-37.201076982028
-39.008050500058125
-38.38504102864587
-36.91100460837971
-37.58404077399305
-39.06392416430339
-39.89787022987932
-40.87364328735034
-40.779938680322104
-38.76482404296792
-38.472185665596484
-37.59675500517603
-36.60990614027073
-37.46903139313595
-37.79718803913711
-39.09502193118716
-38.41826115928695
-36.92369356917389
-37.58888752573451
-36.60690103052986
-37.46788354335486
-39.75518098524677
-38.670419479956735
-37.02000947712365
-37.62567692891402
-39.06999879743928
-39.2807225181597
-38.48919247177965
-40.43205199475601
-37.6208251849465
-36.619100130827725
-37.47254318503647
-39.18729293335986
-37.835471557191006
-39.10060742119627
-40.52125623368144
-38.96303418691876
-39.26511659180389
-39.309189820707196
-38.50006601378477
-37.364754715657185
-39.03193075956333
-39.27516846628487
-38.487071012738745
-40.43174247805325
-37.89397353221354
-39.109142744322575
-39.2864335430432
-38.491373889174554
-40.90450621426429
-38.59142606621169
-37.84448853879196
-40.01764487828649
-38.722342865361
-40.46606817874763
-37.26962455462403
-40.25411943361803
-37.93714726441458
-37.35795840254238
-37.75476193196247
-37.90632739334502
-39.785023062038775
-38.063784150246505
-36.78829539995085
-37.507935533239504
-37.194014109603685
-38.770952063359
-39.237092187657936
-37.854493179718474
-39.721416627271665
-39.139695121182356
-37.81729081072933
-39.0979548860354
-39.851430186198904
-39.15866384379072
-37.82453621804256
-39.19478554021956
-39.29892865856945
-39.31412293476532
-37.883916306934694
-39.1076754149294
-37.8050603712505
-36.68947171007218
-36.88138874771595
-39.57944260400878
-37.36722541395192
-37.75830161534678
-40.012841845659835
-38.768837171063986
-38.29366966753213
-40.40352560206294
-38.32743939606646
-36.88900274254186
-37.575636809058906
-40.00266228489504
-40.88893224212978
-38.34693930048736
-38.13251902075306
-39.76198005081039
-37.43694851441052
-37.78493346992094
-39.09323401363407
-37.181510258050956
-37.687364738018594
-39.078998927494005
-39.28203561943818
-38.48969403183736
-36.95097849857411
-37.599309441384754
-39.066151832853826
-37.78919977423227
-39.093856459044474
-39.90223729282767
-38.72658999119258
-37.659498692000184
-39.074933326171525
-38.410587994957545
-36.920762681201325
-37.587768026146215
-39.06446796306383
-38.406590581955015
-36.919235805301426
-37.587184811449056
-39.064382873186254
-39.27990316585349
-37.87084551829754
-39.72380240131757
-39.14004320092462
-38.43545775410998
-38.16633006140532
-39.14887902641071
-39.292230988468404
-38.49358831627906
-40.43269333982514
-37.94709884713149
-40.64139714353454
-38.27764416561905
-39.50938218803649
-38.576532693816254
-37.0861809173656
-38.99128739013823
-39.26923867860076
-39.30979122506581
-38.50029572980878
-36.95502798686073
-40.259873008096896
-40.69039080340465
-38.57949382332473
-37.60331295548953
-37.848479031893746
-37.53668208325652
-36.586960325900996
-37.46026687194625
-40.75406972786453
-39.52642515560481
-41.05551815886724
-38.83902250138405
-39.53881959822294
-37.5366051958122
-37.82299893501036
-37.93239160921889
-40.35081584371791
-37.66186377350869
-39.075278386913276
-37.792685807682815
-39.094365064470495
-38.41801025852726
-38.15966571111128
-39.14790671080659
-39.29208912953358
-38.49353413098756
-36.952445285929315
-37.599869704300175
-37.22912983822132
-39.012143356617806
-39.27228152310209
-37.86793430981662
-36.713487417597875
-36.89056193172689
-36.958198377582804
-38.97261498922955
-37.75347187916818
-39.70667781815448
-39.373612735412124
-39.32501919472913
-37.888078307890616
-39.10828264268534
-39.2863080559055
-37.873291968603205
-39.724159333606835
-39.3761632541436
-37.289579611514405
-37.11060956914951
-38.994851482400676
-37.761965463768945
-39.08988302669733
-37.798264283686876
-40.05290161251243
-39.42412610624652
-37.307899790820336
-37.11760725496438
-36.42688798532293
-36.781090689754286
-38.946775325813306
-37.74360200600103
-37.284030692189795
-39.02015328326302
-37.77162989172178
-37.29473639190232
-39.021715223801
-37.77222649991888
-39.70941408044574
-37.58055395421979
-37.83978586695871
-39.10123687050837
-37.802601066119735
-36.688532339100945
-36.881029939932986
-39.96395317077719
-40.13575859405136
-38.81578719116293
-37.075535001937645
-37.02885180339989
-39.455059140133564
-39.33690206503402
-37.892617160463175
-36.72291542760562
-37.51219709985347
-39.053442313509024
-39.27830695970846
-38.48826981055309
-37.60267186019268
-39.684676391896446
-37.40742114416012
-37.77365501808369
-39.09158850968726
-37.1808817314719
-37.68712466222823
-39.078963900908235
-38.412127537512774
-39.18474039487558
-40.15619326310273
-40.67526413247026
-37.30014583294068
-36.4966115178518
-37.4257566981145
-36.54459059899192
-36.826049087611146
-39.33530067891129
-39.319429541016724
-38.503977238907716
-39.19814108570966
-38.45764917142339
-40.051815149206746
-38.78372364836504
-38.299355795888374
-39.168287219509985
-39.295062605680236
-38.494669897810844
-38.188947087752304
-40.38824678358381
-40.70912028483329
-39.03479186919452
-37.882615459392255
-37.51073787133306
-40.47118154605208
-38.94390735822038
-38.482165636706526
-37.566136896264766
-36.59821106333787
-36.84653028249875
-37.55941377290826
-40.296399110767744
-39.45965191246509
-38.55753741881788
-36.976892366488755
-38.97534240545388
-38.3725476482143
-37.52426655043913
-40.29127120011771
-37.63911974350142
-36.62608803038653
-37.47521232515797
-38.1037743976031
-39.139752278062026
-38.435346631464576
-37.5482536275818
-39.058702890008455
-39.27907446747612
-38.488562972433705
-39.81392616328929
-39.861396013089845
-38.092956021726884
-36.79943806334091
-36.92339215704573
-36.97073840779628
-38.97444455498086
-38.37220469985042
-36.90610156707062
-37.58216797886122
-40.00302625451359
-38.7650879488658
-40.47230460238348
-39.7213841553175
-38.657510239635755
-39.22054124863166
-39.30268636578462
-38.49758191504865
-37.57202539061143
-39.06217114349325
-39.279580478840096
-37.870722262826156
-38.161478519837594
-38.06167930612494
-36.78749142103743
-36.91882894573724
-38.966871066533415
-38.369311884676904
-36.904996609997504
-37.5817459228154
-37.840241158448706
-39.71933728539144
-36.83444006429348
-39.42669484965996
-37.308880963495895
-37.73601601832751
-37.89916709148664
-39.345968451908476
-37.89608021209406
-40.346757904948824
-39.70306713901794
-38.65051376198181
-39.691656431298355
-38.02812127071873
-36.77467339210793
-36.91393289435495
-38.9661567422636
-39.26557216648898
-38.48340555238295
-40.431207694594555
-37.692570728125055
-36.64650448978061
-37.48301071871657
-40.52132003288845
-39.7285354102516
-38.66024177595837
-40.31110971815973
-40.31590012740854
-38.88459513411985
-40.107774454480975
-40.5223018897455
-38.96343359199469
-40.97337879671851
-40.88465983878348
-39.101842012433494
-41.29085828062255
-41.07687750499146
-39.17526262768676
-40.86232378027613
-39.19558989519666
-40.771181967378624
-41.00105775270256
-39.146302059331
-38.81968262807497
-37.64745412873585
-39.92727801432356
-40.87793382527771
-39.09927290388308
-38.41988488637154
-39.803906165571085
-40.477968103874474
-38.94649959264192
-38.36153067405128
-40.17735841198262
-38.21364291893697
-38.081604333578184
-37.41313609304769
-37.77583793431477
-41.430226976220304
-40.243109157395835
-38.856791457649074
-38.32726521555138
-40.40842712646172
-40.09403056842969
-38.79984850365888
-40.47737609897986
-40.10409008794919
-38.803690898204835
-40.47793669678901
-38.328453607452865
-38.12545811431948
-40.23308583344482
-38.85296288858003
-38.32580283229528
-40.49838371136954
-38.95429766080406
-37.746475282292735
-37.90316217482405
-37.34497725342951
-37.74980357421438
-39.94221059717431
-41.498146448504336
-41.63766412010996
-39.389464054226025
-40.18143383722611
-39.45126757036116
-41.14162945851787
-39.1999956730959
-37.84032357201993
-37.93900903171379
-39.969815301398306
-37.815256224325715
-39.951760010129306
-40.263471711578156
-38.86456926124896
-40.104852719004974
-38.185948208597374
-38.07102589553704
-39.989076302252
-40.268916085225705
-38.86664882693486
-37.712996406829
-37.89037438230203
-40.19878757917678
-38.839862121204426
-40.10124799585289
-38.802605315623204
-41.813684682505055
-41.183112508213476
-38.59780679937273
-38.22834187865459
-40.01202839486635
-38.76852646050905
-37.67551699791091
-37.87605852197357
-39.96063094580363
-38.74889438190213
-38.28605219990277
-40.25651619476335
-38.86191249023502
-37.71118728719182
-37.88968336009034
-39.96261878289503
-38.74965366810695
-40.088086759918305
-38.79757817083015
-38.304647752572144
-40.64119526058442
-40.36405895901771
-38.90299017093607
-37.72687756504061
-37.895676512935644
-40.199561149610915
-40.29962541058961
-38.8783787454523
-40.57900345059693
-38.663456362651985
-39.696655654508184
-37.77540276894452
-37.91421149151592
-39.11209542279191
-39.75900028802575
-38.67187832380498
-37.389821793863234
-40.25779200151249
-39.454019211135964
-38.55538591835863
-36.976070566440136
-38.97522250644265
-38.37250185086723
-37.52424905740914
-39.05520067041924
-37.78501680239858
-36.6818157480266
-36.87846443043112
-38.72491398561718
-37.658858514835714
-36.63362757014007
-36.86005818433439
-38.95829652800273
-39.26442537668346
-37.8649335289053
-37.330375210032436
-39.64494884604127
-39.364606599755376
-40.37533530608381
-37.67122937474659
-37.87442079565575
-40.019312945790915
-37.535240933869666
-37.82247783331787
-37.93219256608395
-37.97409986493398
-39.12083301871811
-39.28813913109151
-39.3125487639212
-38.50134901592624
-40.43382561064419
-38.412486761942745
-39.184792805013586
-39.29747073815111
-38.49558972256531
-39.19691736356725
-38.457181751157776
-40.427381693558345
-40.510470440156766
-37.779823015629795
-38.41729343969407
-38.15939191068078
-39.14786676386214
-37.2023781117392
-37.69533554885525
-36.64756055732675
-37.483414100624785
-35.94857977829792
-39.06138159825593
-37.16934371800029
-37.68271753324473
-39.31438888695485
-39.78851450668766
-36.31666883986049
-37.3570247111485
-40.26687094460442
-39.691411788581405
-38.64606181426585
-39.454938923380446
-39.80902048064569
-38.07295034851209
-36.791796576140676
-37.538507357409735
-40.29334890585374
-38.87598133397375
-39.25241575172686
-39.30733679311298
-38.49935822022587
-37.572703878814735
-40.53440608858762
-37.731989007046
-37.89762891005018
-39.47446546957416
-38.56319569413925
-37.59708762409371
-40.420265562844634
-40.94985973927032
-38.52937575238161
-38.371948192329285
-36.90600358991591
-37.582130554918244
-36.604320097339034
-37.46689771459866
-40.51896917726983
-40.964260402539004
-37.89617874476467
-37.96034380925478
-39.087959979982536
-37.17949575645388
-37.6865952668789
-39.31495464066749
-39.55252907154214
-38.59301333680678
-36.99044296137841
-36.99634953607835
-39.21424914573913
-39.53783633784423
-38.58740121192183
-39.44638045683985
-40.807771817205506
-40.515064872161076
-38.609608153504745
-38.600518002694606
-38.22937746617314
-36.85154641832502
-38.219664324183476
-38.083904305722314
-40.60898922572576
-39.74132617310704
-38.61677420794037
-38.23558678404893
-39.3950514235682
-37.296794250249334
-39.25808343878736
-37.86251112418353
-37.94748392251312
-39.353017782552286
-38.84987847660212
-38.32462469175503
-36.88792762116317
-37.57522614923428
-40.328877320856634
-38.88955198093844
-37.1037106444589
-37.65764792993804
-36.633165167855424
-37.47791555112803
-39.90254266920575
-37.49063865708986
-37.80544127956362
-37.92568518160099
-39.34983738911497
-37.8975580146066
-37.34283665470485
-40.22575675444078
-38.85016342950672
-40.54582517410741
-38.97241868709391
-40.40674019235498
-38.919292951389146
-38.35113866181245
-40.83718453049496
-38.677844301109054
-38.25891348394324
-38.714502067679206
-37.03684752732159
-37.63210849178535
-39.307005127315946
-38.499231535164306
-39.66958465186431
-39.84033687038439
-38.70294613373723
-39.991102278742964
-38.630693753235306
-38.73522067198685
-40.70401500291315
-39.02503582715839
-37.74820370352031
-39.3239431904359
-38.59351425151725
-39.44727233729705
-38.600387149313256
-36.99325950712922
-39.03406621895528
-39.511548003111095
-38.577359961561406
-39.44491545815586
-39.57149009927827
-38.60025580494035
-39.44825591668591
-38.60044196231396
-39.44828307668068
-38.69061341963807
-40.697506892504464
-40.99030870414201
-38.77654756258884
-38.91512359235794
-40.730262485261235
-38.6718857397492
-38.25663751602783
-38.53403534483543
-38.549494196005256
-40.91298585275185
-38.45441824332108
-38.17357232384063
-37.064083717858686
-39.460199407178365
-38.55774654318969
-38.2130402223907
-39.39176192455443
-39.56373510323894
-38.59729366003595
-39.44782374556867
-38.55301946108805
-37.59320064894559
-39.77346450454773
-38.67740316289574
-40.390299540670824
-38.41687227667632
-39.42150062048999
-38.59895094075955
-36.992710924276636
-37.615249809570145
-38.352393999254204
-36.898534552783815
-37.57927763659702
-39.29929720942262
-38.35607280056939
-38.13600770734814
-37.055176921000964
-37.639109697177695
-37.86215217053212
-38.95860203647168
-40.4059702168056
-38.91899884689978
-38.422693652970246
-38.30722135868036
-40.641570744655255
-38.521045084696055
-36.96295353518303
-37.60388349835284
-38.261590632690236
-40.87098128895448
-38.44365975240643
-36.93339496847911
-36.35652515303088
-37.37224846811333
-39.50516003831167
-37.51139595756985
-39.28939340592488
-38.35552088051672
-37.5177629038972
-38.25679129645149
-39.39814512023436
-40.800734376437475
-37.83371736083908
-37.93648568357956
-39.35141316111716
-38.516193894702816
-36.961100545491504
-37.603175719271476
-39.302783892695224
-39.55075338334372
-38.592335084268406
-38.2262518694615
-39.393689477884664
-41.03615228447935
-37.97083269347249
-39.35642432232574
-38.613724833225
-40.68628899892896
-38.60515092754935
-38.5534573315992
-37.60861238144544
-40.53964506851636
-38.66126299519311
-39.799294059092944
-38.62000464750775
-40.68720521148512
-38.886533424761566
-37.74525550866139
-37.902696262755455
-39.34648335105736
-39.5571290483947
-38.69667919774597
-37.64807378553406
-39.30933443228212
-39.01471518456228
-38.38758671160217
-36.911976972744434
-37.584412184130926
-39.30004632981201
-39.550353978301786
-38.592182525117664
-39.21101006353407
-39.30129578461957
-38.497050760307715
-39.197130526101105
-38.45726317200058
-36.93859101240084
-37.59457784270174
-37.84514251570437
-36.704781726911584
-36.26920266503038
-36.72086025692945
-40.028157767841705
-37.53861935526862
-37.823768275463955
-39.33496791290366
-38.50991236883869
-39.907210941996006
-38.72848975612677
-37.66022433763441
-40.00737618630044
-38.766749474959624
-38.29287223857844
-39.40340925874654
-39.565434426396
-38.597942743724076
-39.44791844560251
-39.57192822924212
-38.600423155695054
-37.615464602834486
-39.06850883914426
-38.408134059273415
-40.892361686752004
-37.517442211679054
-39.05420756501118
-38.40267145863701
-37.535772822149944
-39.61847472979468
-38.61820233684877
-40.45087428040398
-40.84743814519084
-38.61871294519727
-37.61829332703591
-36.61813304716057
-37.472173791945586
-36.562320351176396
-37.450855239083396
-39.28056063413588
-38.489130637584786
-36.95076330111869
-37.59922724327108
-39.302207817810455
-38.49739912598776
-41.61633623700129
-38.145249550286806
-38.05548039135892
-36.785123646290174
-37.53595852501139
-37.82275192874398
-39.33481962991561
-39.555427334413906
-38.594120374715466
-40.68342874697967
-40.98825473039109
-39.14141173996674
-38.43598048950914
-39.03248599867875
-38.57727189890362
-38.22049824463099
-39.15678205783516
-38.44185142851698
-36.932704250216005
-37.59232929963082
-39.06513344389663
-37.17077679551449
-36.44719694264685
-37.40688200992585
-39.510213003963926
-39.58101688282039
-38.60389471244998
-38.23066725452955
-39.63040165138413
-38.62275801551478
-40.45153894496375
-38.56618306546067
-39.20721679349155
-38.46111578332411
-38.17613055648078
-39.150308899372
-38.43937890199862
-38.16782780662386
-39.385165521992946
-39.3267047235756
-39.318175408035046
-38.50349820273512
-40.90627512777335
-40.16666561292758
-40.058758038968556
-39.4044095850238
-37.91840273860306
-37.96883261953528
-39.265962571721474
-39.10158866266227
-38.420769427515445
-38.16071961988406
-40.38412845152408
-39.52869002368644
-37.75089691367
-37.90485108772444
-39.110729758283625
-39.28666508525965
-38.4914623304314
-36.951653928534775
-37.59956743267271
-39.066189473275465
-37.17118016284409
-39.0036886129238
-38.383374936015656
-38.146436195123165
-39.14597655043646
-38.43772409195637
-36.93112774793286
-38.20976111809189
-39.15521553218498
-38.441253068962865
-39.18898975264608
-39.29808306455844
-39.31399956426177
-39.934355739022564
-38.7388581459732
-37.04615072139724
-37.017628006968415
-38.981285655303424
-38.37481776765319
-36.90709967015637
-37.582549220315705
-40.00304750037168
-37.529028086561674
-39.05589792137583
-38.403317117315204
-38.15405343056978
-39.14708789011073
-39.91000365395396
-38.72955647717392
-39.23105265302759
-39.30421995901794
-37.26209971803907
-37.71814717259905
-36.656273822258306
-36.250674294175866
-35.4777150715194
-40.22875134087431
-39.68585021334984
-38.643937481558375
-40.242536528418995
-39.21572549010791
-38.4643658162316
-40.66449781202674
-38.66822080012031
-40.6942398533463
-38.66987826727577
-37.93903047386309
-37.35867772454378
-39.03104413850876
-38.39382381700899
-36.914359335018425
-36.96728817679618
-38.97394117306197
-38.37201242506673
-36.906028124638425
-37.58213992634834
-39.29971481186936
-37.26037890495263
-35.863387914238636
-35.94781882651318
-39.061270576886756
-37.169301311610745
-37.68270133544526
-36.02470072847535
-36.009434838730705
-39.30632820941662
-39.315202514684565
-37.26629468102038
-36.48368152837658
-37.420817881609146
-40.27617824274133
-39.456701727579315
-37.93837655971471
-39.587757013727135
-38.17592253637522
-38.06719642950824
-36.789598774649725
-36.91963388319082
-39.43912446032476
-37.93166264105282
-39.08636163325965
-38.41495321983134
-36.922430048734576
-37.588404903872174
-36.60671668538216
-36.8497791410242
-38.33876284704505
-37.51136190469563
-38.58118450517812
-37.60395873849336
-39.06683015616029
-39.280260219627436
-38.48901588945328
-39.195958254242
-38.456815403994455
-37.60091896619305
-36.6114966318514
-37.46963890686094
-39.99675522426145
-39.652002436098314
-38.012974792342035
-39.12650479418913
-39.2889666319806
-38.49234144305211
-37.57002370842584
-39.395464412896715
-39.32820731150828
-37.88929606014015
-36.72164688016227
-36.89367856909656
-39.40235215597255
-39.32921221968002
-39.31854124678631
-37.88560395195381
-36.65707192027199
-36.869013129240635
-40.053453440618874
-38.1663154312511
-38.822638970650715
-39.24463320580243
-37.85737359233989
-39.10380288505963
-38.42161518521259
-38.16104267057813
-39.148107606485354
-37.820504094185225
-37.931438664820206
-37.52612035763304
-36.58292610569268
-36.84069194819489
-37.865301088479356
-37.33051560529683
-38.7908673631846
-37.68405046339362
-38.46048139259302
-41.5180330485053
-39.16574994694408
-36.22580871510452
-36.70428524296388
-36.269013025037225
-39.108132178903425
-37.80523483956373
-40.186365887296866
-39.679666259013274
-38.023541432436794
-39.128046446202305
-39.28919155597806
-38.49242735637426
-40.28662592430745
-38.0291287328028
-40.21903156608915
-36.99751442107303
-39.59638511141951
-39.232501534367195
-37.852739706191976
-37.08468761049295
-37.58309445638588
-39.917888064674884
-39.40442789508737
-37.91840973242501
-39.11270793788575
-37.806982623970654
-37.30823993402621
-39.02368536404554
-40.128067445541014
-39.90722860849017
-38.110462515377186
-36.80612494889149
-36.925946320047174
-37.51560655610333
-35.960876202109404
-36.60309002772467
-39.330430121584925
-37.89014509803889
-38.72661817205404
-36.42344147863164
-36.77977424134067
-38.32854926982833
-39.17254648995616
-37.82983891702397
-40.01682848284612
-38.15232594221844
-36.75091323098204
-37.50585229636279
-39.99877332729085
-38.145429486468494
-40.38189765112297
-37.522837591129964
-39.054994740264405
-38.342458290580716
-40.02867775498501
-39.420591893063424
-39.16065180775757
-37.825295552709484
-37.70559723595387
-39.192253776947226
-37.21933244207862
-37.70181152678841
-37.26806814953672
-39.017824379676284
-37.77074032970817
-39.32723123988407
-37.82976546573261
-37.565974670798575
-37.216183087473524
-39.010254451140256
-37.767848874299816
-36.67525818300929
-39.40347052617192
-39.32937538769311
-38.5077762142912
-40.05279731499805
-37.689859989769175
-37.26350306861317
-40.138723616696765
-38.198885740286165
-39.15362883594683
-40.528991953840205
-40.11162073968366
-37.929206084374
-40.02236602529133
-37.56355231461945
-39.6789689271161
-39.655871630228
-37.15141847124372
-39.618839409725624
-37.38227365468758
-37.14601554308702
-39.000017144381175
-37.7639385710711
-36.673764580082235
-36.87538915792551
-40.43577477576938
-38.31234918665436
-38.863377971079466
-38.329781039814435
-39.40879418027496
-40.392213459961674
-37.67767625586058
-37.87688328511987
-40.255518153125195
-38.24349728350154
-36.85693970862953
-36.94535583113694
-36.361093796031405
-38.8854986048379
-37.720196381307574
-37.89312452783471
-39.10901887625305
-38.42360751656345
-36.92573569593751
-37.58966754874888
-37.84326695030913
-37.322099313428616
-36.50499700122683
-37.42895966775167
-37.78188200202817
-39.800992742967836
-38.069884025571916
-38.026693322497806
-40.36457427826459
-39.469598535353484
-37.94330270193807
-37.97834355921063
-37.37369398694391
-39.50537093666681
-37.95696654338056
-36.74749470472498
-36.90355155954427
-38.964642125927014
-39.26535118694358
-37.86528715695753
-37.33051028392901
-40.26300254180708
-38.51050750872057
-37.57696252806933
-36.602346086737526
-38.920696839689676
-37.73364091067695
-37.28022589234117
-39.019598170446294
-37.15338386874349
-37.05858742453406
-36.4043444161088
-36.77247981254222
-37.29304317326067
-37.11193253201445
-38.99504450008139
-39.26978683355405
-37.86698142320065
-39.105204648690815
-39.285858982633805
-39.312216094744564
-37.883187958857874
-36.719313793079166
-36.892787409129525
-36.34101444555952
-36.74828991629893
-38.941989757460675
-39.262046250924556
-36.23985815651269
-39.297032285678426
-39.31384625768927
-36.865449664397815
-39.195151111842776
-37.83847311428182
-36.702234242252786
-37.504297589976325
-39.52442574554994
-37.34621084397489
-37.750274763874515
-37.90461344764866
-39.110695087063824
-38.42424777212086
-36.92598025179896
-37.589760960775806
-37.843302630528456
-39.10174995939836
-38.42083103738636
-38.16074315276071
-37.44336443214588
-40.2313589754696
-38.85230328752724
-39.129536559309024
-37.81341058537054
-39.95149073503473
-39.645398436121425
-38.010452288812566
-39.980238732133735
-40.649592712372424
-37.67283242941129
-37.72683476545262
-38.245816351327136
-38.688339964820834
-36.774189526169856
-36.9137480740126
-38.96612977733905
-38.36902873740015
-39.17845236468215
-39.53261365787343
-39.34821711668072
-37.89693912560776
-37.96063424889245
-39.11886841181441
-37.1913017268747
-37.073070757559584
-39.60740863235028
-38.61397546374782
-39.68632556542943
-40.038247612880134
-37.68904916266006
-39.079244681737194
-40.136173440748735
-38.02074430325819
-36.676788631807625
-41.02172780439225
-39.56547594268759
-37.97992461278648
-37.37429789567186
-39.0333230907632
-37.77666031056155
-36.64117725720326
-37.49973692013971
-35.954814540560385
-39.444257249061025
-38.717292101615854
-37.65594721420552
-36.623565453797
-39.541826692370975
-37.3528574142241
-37.1347795390512
-39.470513788484716
-39.95719085659065
-37.323852249452486
-39.025963170168524
-39.27429780672593
-37.86870446162997
-37.568144666666484
-39.06160495350016
-38.40549700961181
-39.801807002642
-37.438500317026296
-38.40356019452623
-37.77829104258574
-36.64141517779917
-38.308362954506094
-37.499750179000095
-39.66966032098017
-37.66415244662221
-39.83954432232064
-37.6779758078003
-36.62677938228877
-39.77836357571833
-39.38407154648859
-38.52866828789701
-40.673879416208
-39.51472554680829
-38.578573675253
-38.2209954789507
-39.86505853584409
-38.62366957618699
-37.0021526028544
-37.61885620987599
-39.06900366794287
-40.75271328572243
-39.051442913862566
-39.514083228731145
-38.578328331579115
-36.984833788506414
-40.44863699831102
-40.95399907591954
-38.684354152609885
-40.69659367775233
-37.16575089008739
-38.58877854974799
-40.918717362720066
-37.788513056072716
-37.75632464143237
-40.429139537678346
-38.92784873997692
-38.354406682252424
-39.4123870130865
-37.92144984498021
-39.58528743932952
-38.60552591988559
-38.23129032032725
-39.39442457795912
-39.56412357913524
-38.59744204462453
-39.68391337208817
-38.61357470219799
-39.45019911760752
-38.553926772470966
-36.97551322230559
-37.608680871945595
-39.30358708364587
-38.49792595865737
-38.19019079232624
-40.599216103333994
-38.99281220736753
-38.379220518768584
-39.41600730304401
-37.30479868394495
-36.49838874879084
-37.426435539927354
-39.27699784804424
-37.25170179689263
-37.71417552013346
-39.318978545387665
-39.7891841288286
-38.68340752508065
-40.39063415230706
-39.70946859723585
-38.65295890144349
-37.2082258608714
-39.24516148492469
-40.396448353599716
-41.18245283277185
-40.897452552842225
-37.040552457017554
-38.26013680165818
-41.221148049587136
-37.99782321185385
-40.21446415213717
-37.995532486227525
-37.52721224352526
-39.29170097094701
-37.25731789010073
-37.71632067685496
-39.083223542035626
-39.28265198239316
-37.87189547278686
-38.869853621363404
-39.251521730505615
-37.86000477464417
-39.722220758134156
-39.37588041979386
-37.289471578405994
-37.11056830417401
-36.42419934536614
-36.16202973192441
-36.679923839156984
-38.93201528123044
-39.73272694945445
-38.04380881271879
-39.74903740588461
-39.61586089347222
-37.99916995146472
-40.58857087672242
-39.974415153634816
-38.01172982287553
-39.36239113309168
-37.90235311811964
-39.3464332869297
-37.89625776327301
-37.34234000288934
-39.88276246329311
-39.78126915016158
-38.06235028350019
-39.98781054751424
-38.7592760659549
-37.67198366160057
-39.72881087384639
-37.424279016189125
-40.05662877462051
-38.785562289663986
-39.85725777969837
-40.65446239661466
-38.3958804248984
-37.53317887808054
-39.52863946869652
-40.67387521154332
-40.13275892210588
-40.38981694777128
-38.2947948584082
-39.78565577644946
-36.87585061946074
-38.9606006132358
-39.88279552693845
-38.101129908674324
-39.75740044107693
-39.99904705511307
-40.034302820963354
-38.159000545448315
-37.44269881538159
-39.66133663920545
-39.98503153530544
-38.140180588996394
-37.43551023168375
-37.16635010605485
-39.621017905885246
-41.53305533174374
-38.73147306384218
-36.90802118048109
-36.96486721718887
-39.11948599356579
-38.42760559961268
-37.354182883704745
-38.086116440069176
-38.03289355311628
-36.77649624177988
-36.914629160973256
-39.16745171494244
-38.44592687488366
-36.934260932208744
-37.59292389924237
-40.003625661412634
-38.76531690192814
-39.236270028685304
-38.47221313168498
-37.36069103492455
-36.51973772715391
-40.14471241995488
-39.437521122529404
-39.334343302749694
-38.509673788989595
-39.671108156165346
-39.36842319166675
-38.52269114822309
-39.818905397032445
-38.530927606164006
-36.966728322489246
-37.60532533880351
-37.84924769392129
-39.7206513212078
-38.03919633316407
-36.58931080294012
-40.15486299491405
-38.20505043420788
-38.07832229645948
-40.648709975728906
-39.011717184387535
-38.38644157743369
-39.799026852554945
-40.47725622169937
-38.94622767784701
-39.88069854392601
-41.10720594963336
-38.60272213530748
-37.615800019439575
-40.54069373076701
-39.933528619210925
-38.00945129440533
-37.08211616986525
-38.99069435147024
-39.50522013292495
-37.9569089414768
-39.35439287428714
-40.17631702103172
-38.55084547331358
-37.59237025950687
-40.32983272937689
-38.27188292577014
-36.86778205918364
-40.52552079043552
-37.728595125152076
-37.27829857377061
-36.48826660740986
-38.90405286796451
-37.72728347918573
-39.93892495958976
-39.64356511419145
-38.00975202214764
-36.767656963501565
-39.18088334906688
-39.532968333715246
-38.58554179980193
-36.98758908819076
-36.99525945352025
-38.978022127337496
-39.26730330284094
-37.24799881013045
-37.0947271163003
-39.84663623000853
-39.39403239250844
-37.91443900377
-39.19685797285269
-38.45715906592343
-38.629004507578415
-39.452450295873675
-39.80865739478572
-38.690845650804306
-37.39258908957794
-39.27205971748883
-38.48588357636115
-36.94952303409481
-37.59875350342308
-37.84673747617444
-39.338319074124136
-38.51119239852313
-38.19525812144526
-40.62523552849033
-39.002750743409514
-40.97911509180259
-40.64942877545747
-39.01199174145274
-41.11714945558927
-39.19064514402187
-40.77046053790484
-37.82002393419509
-40.40947123192713
-38.92033611568108
-38.351537115116116
-38.134275229667274
-40.17969217082695
-38.83256832424385
-39.86411586771797
-38.093994913750365
-38.035902862283024
-39.983951920760894
-40.26816844804197
-38.86636325494193
-40.10511445915734
-40.28584582415821
-38.87311541178642
-39.870031608064735
-38.09625452549421
-38.036765957167795
-37.39600935725928
-37.15126211461005
-39.61881659760021
-38.618332918730815
-38.23618215859224
-40.2492402537931
-38.859133328084525
-37.71012574171058
-37.88927788579711
-39.72649164749312
-38.81419763540464
-37.69296183441488
-38.500755845339796
-39.81570507947205
-38.69353762681249
-37.39298184358443
-40.980320952025494
-37.651379166741876
-40.62491725057077
-39.00262917206211
-38.38297026561556
-40.41655438373604
-38.305007650174716
-38.116502555538005
-39.75964328002789
-39.999374280906025
-38.76369301907372
-37.67367078756524
-37.87535333237191
-37.273610363780165
-37.07973284108238
-40.593060492685765
-39.50293422477658
-38.57406979100918
-38.21927514825096
-38.083755653743694
-37.95649169519584
-37.9833813063577
-36.757584246377476
-37.35551965599503
-39.64861737126695
-38.62971580138047
-38.890248173491756
-40.34466719930984
-38.89558317782934
-38.342082334178166
-37.512629835955266
-40.52564140385499
-40.111131901028834
-38.806380631458836
-38.308009993347675
-38.11764934858418
-40.449275473478025
-38.656226870267474
-40.07445597381394
-38.399270917956336
-38.45181408814575
-38.17257762507564
-40.00389249991563
-38.765418825166776
-40.70842085408499
-41.227969007176824
-40.68573607240164
-38.40782590609588
-38.1557756346359
-39.80705495483577
-38.69023357320836
-37.64561177603941
-37.86463574365976
-39.958964384907674
-40.02845483819293
-38.77480080354553
-38.295947572443666
-38.11304191378546
-39.995206356700464
-40.03374247061673
-38.77682049941141
-37.64120062844148
-40.78046760717624
-40.14831054304146
-38.2025476203022
-38.07736630661503
-40.97489462149009
-39.13630863245996
-38.806426527238635
-40.111252057740295
-37.68999353522572
-37.881588067188424
-40.5794716843279
-38.483142568924535
-40.43116932582506
-38.310590061309114
-38.21080409588538
-39.33798563087731
-40.55588924772907
-38.682489248592816
-40.772548989762406
-39.059019478615056
-38.404509446082756
-41.46526163880908
-39.323612166113904
-40.171826176231804
-38.211529792913936
-37.462763202510004
-36.59538028633863
-39.773782509357666
-40.23750514416378
-38.85465091506783
-39.75583199561357
-37.54796850325654
-37.827339332229485
-39.71745493431427
-38.03797542201194
-37.57757781398118
-39.29904920864524
-40.168242489034036
-36.990104394594695
-39.65192437930989
-40.219726282593314
-38.84785999422919
-38.18501703306105
-40.102414869801386
-39.945104606260436
-38.74296384791751
-39.851042750806734
-40.24877726147827
-38.85895648075679
-37.710058192042204
-40.79051379031442
-40.621912216407594
-40.7432116120377
-38.429779608715116
-40.90436399795754
-40.25202460202286
-38.24216286572188
-38.092497983892684
-39.9922090377236
-40.26937314517127
-38.24878941954928
-41.16478759165486
-39.20884129283823
-40.15508133148908
-38.82316782010845
-40.09881233014815
-38.801674974109226
-38.306212592179534
-39.78732160135658
-38.68269610289133
-40.07831778280864
-40.28193624176789
-38.87162208419514
-38.33293001081752
-40.98913669859883
-40.41482293068427
-38.92238028270876
-40.113287233365064
-38.807203895154224
-37.690290463347715
-37.88170148363881
-39.961454242815115
-40.50095405856552
-38.95527944607003
-37.746850290894685
-37.90330541536392
-40.58264020272498
-40.35551589120988
-38.89972700940167
-40.109982165331544
-38.18790748275065
-38.071774271670314
-39.989185488858354
-38.75980124681582
-37.6721842628392
-37.874785530451675
-39.9604452188436
-40.88277285520218
-40.39930465507057
-38.29841884012122
-38.11398585404299
-38.04353872200774
-39.98506597768072
-38.1401937448131
-38.05354924550847
-39.98652649337629
-38.7587856009176
-38.28983030937651
-40.02099943600707
-40.27357360767172
-38.86842784220588
-37.71367593019602
-37.89063393713208
-40.580791458966246
-38.36774063069978
-38.140464421882996
-37.4356186461993
-37.78442550546481
-39.94726186886839
-40.26281544161266
-38.864318588427935
-40.72285013508317
-40.375972244653205
-39.85322748748844
-38.70786991133502
-40.08199059196258
-40.28247209740179
-40.78385790984825
-39.06333910171179
-41.02984100215362
-39.15729628231464
-37.8240138560404
-37.93277927455647
-39.96890639207831
-40.943610044115005
-39.12435898722635
-40.142755529213616
-38.81845978257783
-37.69458982976999
-37.883343695482026
-40.9059657482932
-39.10998014570498
-37.805940700071844
-37.92587594326046
-37.35365314095962
-40.73851499414279
-38.427985660311435
-38.1634759755414
-38.06244226631277
-39.987823967625744
-40.03266539456635
-38.77640909296863
-37.678527895589646
-37.2591745938003
-40.724730759880664
-40.99428061286328
-37.95770077650448
-37.98384313432244
-39.35832252006397
-37.900799046230134
-39.96424053964661
-39.411190630045205
-37.89017245218477
-36.72198163213585
-36.89380643297267
-39.58125431987146
-39.35531369362655
-37.89964977679728
-37.343635636765306
-39.028849527478386
-40.51078689808193
-37.72296727905959
-37.276148927846734
-36.804221608095304
-36.48744551573071
-38.9501500813181
-38.36292503665004
-39.4136298242439
-39.80299356430568
-38.07064827131756
-39.60705519637078
-39.59514596827662
-37.99125755411441
-36.760592705316725
-36.90855455058565
-36.96507094644023
-40.68182161601203
-37.788296728052636
-37.30110255689577
-39.02264403475608
-37.1545472853847
-37.05903181014793
-40.06404281877032
-40.27985355258284
-37.63475859021466
-37.242456206811035
-37.09261003021844
-39.4643613400618
-37.94130227134237
-37.35954547396531
-39.26723871894295
-37.86600813002644
-36.71275168238647
-36.890280905882854
-36.34005704651221
-36.747924222403654
-38.9419364034404
-37.7417537021235
-39.08693417041463
-37.797137920814826
-37.30447959202984
-36.4982668665248
-36.80835499629446
-36.30876413360869
-36.7359713932815
-36.89915004623581
-37.783660066290835
-37.299331509697105
-36.49630047405058
-36.80760390120453
-38.950643551232304
-37.74507953663495
-37.90262904742242
-36.72673962813253
-36.89562382572506
-39.58151947390059
-39.59142035657783
-38.607868485824255
-37.61415111214504
-39.30438518093511
-37.26216282719574
-36.48210330065211
-36.802181063510496
-39.65805630237477
-38.015287163496296
-36.76977119936422
-39.32708984567245
-40.554299574091516
-39.49727908296733
-39.343061871678515
-37.89496999723725
-39.58142408160981
-37.986016259797466
-36.75859070903269
-39.65169655536597
-37.39482396754889
-37.15080933603059
-39.472852504345425
-37.94454560749465
-36.74275032938864
-38.94118154262268
-39.26192833396885
-39.30872466015797
-39.31555215213571
-37.88446221939287
-37.33783450604291
-39.882105120162144
-39.39920723384117
-37.91641561727271
-36.73200562922707
-36.897635259158385
-39.67198288183301
-37.40257265475242
-37.153769071174146
-36.44070057002013
-38.89711307663605
-37.10659872602319
-37.04071709018342
-39.97285223065832
-38.135528508580535
-40.269931957416496
-38.24900286683363
-39.16094082616733
-37.82540594791864
-36.6972430288387
-36.88435712734736
-36.33779436445347
-40.590303196082544
-38.371373790986155
-40.41486248088918
-39.94907144023683
-40.88111344326713
-39.100487409883804
-38.56882921449074
-40.53384078268131
-37.716667623430546
-37.89177666226375
-39.164550315317335
-39.530585376206005
-40.202023160623234
-38.8410980033436
-38.32127084940758
-40.64362053772754
-40.83654875718377
-39.08346521449793
-38.41384688631001
-40.03909321073411
-38.77886430027128
-40.092348533715686
-40.90201728948716
-39.10847196864425
-40.99453961069001
-41.03364519368479
-38.20653489135492
-40.008846798297306
-40.88983455047488
-38.185553201278225
-41.07109361424226
-39.173053378007786
-41.38592792258308
-38.9444926997505
-40.352581369032706
-40.32195075972729
-38.88690627001218
-38.33876805030926
-40.264207333685135
-38.86485024389095
-40.722927702569855
-40.375983561596996
-38.90754496381902
-38.34665132986007
-40.88339147742099
-38.48332355275315
-38.18461316958835
-40.00564846219515
-38.766089543074585
-40.090484721759054
-38.180460121999694
-38.06892963298993
-39.98877046166815
-38.14160873178552
-38.0540897224383
-40.22267332539743
-41.539065409092345
-39.35180269786422
-40.17593911938455
-38.83113478615439
-37.69943125032871
-37.88519295358162
-40.198031618914456
-38.83957337007837
-40.10120586763135
-40.757411523339414
-39.05323748094503
-37.78426693074579
-37.917597300042225
-40.82079333809792
-40.39026196539227
-40.945482273396586
-41.134729246219734
-39.1973600265276
-38.457350833363066
-40.66347433981942
-40.985343421621764
-39.01233883437746
-40.980513975422234
-38.116066394619544
-40.231715600007064
-38.85243950597933
-40.339150989061054
-38.27544218425349
-40.01890023684227
-40.273267338641126
-38.250276869096
-37.47756326864687
-37.8004469255945
-40.185667340062984
-40.297598331095266
-40.549996820102386
-38.97401211407496
-40.120820216040315
-38.81008123849951
-41.432135290157845
-40.479455554146895
-39.5651017368393
-38.59781566762112
-40.06593389419885
-38.17108254032364
-38.06534771552195
-39.98824786695252
-40.50486319564421
-38.95677260356741
-38.57305253600658
-37.995342411651876
-38.28046068620376
-40.01963242640919
-40.50944214115906
-38.340487616371554
-37.77850471148371
-36.679328350634954
-40.23227447728337
-38.23461898935345
-36.85354850202708
-36.94406050547768
-36.978633014405965
-38.97559636256245
-37.754610662448194
-37.28823562478214
-39.020766774660295
-37.77186422458373
-38.9231545204745
-37.734579661203256
-36.66255047438537
-36.87110575070274
-38.959908346213595
-38.36665236216889
-40.60904996957987
-38.99656841003263
-41.88022196528799
-41.16286450774798
-40.67623745394667
-39.02223174544215
-40.59999132044453
-38.99310831395509
-38.997367610170635
-40.978329703247624
-41.03128020006167
-40.94996274646833
-39.126785503604914
-40.909423222418475
-41.21787870130166
-41.06622992786462
-41.821938089483666
-38.32154527487131
-40.40759259836332
-38.919618541512115
-37.72501066359857
-39.93859336026452
-38.74047677325618
-40.704781857753545
-38.43439777554638
-38.16592518562137
-40.97982983866972
-39.13819371768072
-38.434751314372434
-40.0421431256851
-40.89469241917187
-41.019077684766806
-40.41919126169472
-38.980788255854876
-40.12180884180242
-41.685575251590244
-39.0513614168194
-38.88777517880759
-37.72106595518609
-37.89345667550057
-39.9631693021941
-40.265136304856895
-38.50006711235556
-38.19100864026381
-40.0065815487916
-38.148411961690094
-38.05668832502857
-38.021653013395614
-37.390236726408375
-39.889750501077614
-38.7218204611545
-38.275710882385894
-40.63697342812135
-38.38920023336213
-38.148661260714945
-40.23647112688074
-38.85425595561066
-37.70826275120135
-37.8885662867433
-39.96245580409014
-40.88306619563633
-39.10123329491722
-38.42063368911534
-37.54263378367891
-37.82530165067128
-37.93327116833493
-40.20504613591319
-40.300425659306256
-38.878684413262604
-38.33562758048156
-40.645715156562325
-38.39253927650616
-38.149936661706064
-38.05727070861202
-37.403841475380105
-37.77228770627819
-40.5635249765829
-40.352727017301056
-38.89866175435884
-40.34589472421514
-38.27801806187123
-38.10619345014844
-37.422528299824194
-39.89446177814569
-38.72362000886409
-38.27639824844658
-40.25510770222797
-38.86137449395941
-37.710981790900355
-38.507638856241456
-37.98389356723141
-38.61188187886981
-40.06798612676234
-40.28042887346535
-38.87104632073713
-40.72383169799868
-40.99414944150248
-41.37350935204382
-39.906599899865
-39.34629034755118
-38.514237154038646
-37.57838712581485
-37.22092422340591
-37.70241953315278
-37.268300387302524
-40.83963697937255
-40.011045204352826
-38.7681509151503
-40.70881946064162
-38.05265677219341
-37.10947142447973
-38.99468542933123
-37.14386804839046
-37.05495270459004
-38.98673125529674
-37.75886381301161
-37.28986018373809
-39.63903778336758
-39.363744187333914
-37.28483595010166
-39.63830475755892
-39.12756926280995
-37.81265914497384
-36.692374183361686
-36.88249739386111
-36.33708400947174
-39.93364010300885
-38.120550808589634
-39.14219992343835
-37.81824756005603
-36.69450876797984
-39.552177182417985
-39.351071396445
-37.89802936346431
-37.34301669394793
-39.02875922493833
-38.39295105768644
-37.532059959371104
-37.0215200665459
-39.9717824171973
-38.13511987620005
-36.81554322265295
-36.929543780508695
-39.586468328608426
-37.36990900195339
-37.75932665475154
-36.67200298480144
-36.87471628840267
-38.960435116564796
-37.748819581788894
-39.70599905711442
-39.373513705510994
-37.90660156274149
-39.75059648722695
-37.432600380034735
-39.51396526359408
-37.96024928415635
-39.59094820121593
-38.607688138523976
-37.61408222560611
-40.15847709677422
-38.824464887029556
-38.31491756431445
-40.02465961717471
-38.77335115811139
-40.70872884293644
-37.92306225714761
-38.32442612850456
-39.408012909243936
-38.53781307473256
-39.43914564512659
-38.54970472167696
-39.67694859053362
-38.64053736419761
-41.71448300137228
-37.12552790130045
-39.851130003978014
-40.2487899915444
-40.68877381308161
-40.37100057627573
-38.28760764404185
-38.109856344599706
-40.23080956591968
-40.304184493086865
-38.262086171258844
-38.10010800943955
-40.611353314237576
-41.97021084376152
-38.7409856934681
-37.66499736097751
-37.87204037821432
-39.342010717779935
-38.35845314280738
-39.64904536122491
-38.61163157455045
-40.06794960785431
-38.01694231935845
-40.835287581079044
-38.295772576491174
-39.72468677326185
-38.65877172743864
-37.633594420304185
-40.0792649280008
-38.7942085308807
-40.09458722679101
-38.18202713948289
-37.45149419165765
-40.392376646943916
-37.79048942423996
-40.18421456019429
-40.29738637336895
-38.877523509336086
-39.847276585354976
-38.705596868983754
-38.64922493581315
-40.6914683940945
-40.3713937103473
-38.28775780789505
-38.109913702087745
-37.1630529376696
-37.68031466897416
-36.6418230917531
-37.481222583784934
-37.8018446596017
-39.803905255456236
-39.62386600484082
-38.620261620673695
-40.38711515166308
-38.91179685287544
-40.72977712051194
-40.37698287820708
-38.61488785277977
-38.47594913241845
-40.04815380633281
-38.54370318215004
-37.589642147039946
-36.6071892702199
-39.77550541688653
-38.6781827220411
-38.25904274923678
-39.780439614018924
-40.00240842514454
-39.79872526074186
-38.687051913180376
-37.64439649004937
-37.86417154571762
-40.692503853418664
-39.02844495716587
-39.89269388331893
-38.104910744378905
-40.325365456124366
-38.8882105679746
-40.72633592792143
-39.99919972064863
-38.14559235423859
-39.76388742446049
-38.673745043815394
-38.25734770698569
-40.25232826568695
-38.242278854920414
-40.89391493907484
-39.105377146175506
-37.689136397179965
-39.69729139783202
-38.03027363640911
-38.01156350014522
-37.38638287527667
-37.14758512568478
-41.159147669657905
-39.20668703432929
-37.842879444580085
-39.955790183650265
-37.510977397791216
-39.907366327626065
-40.25699476059
-38.86209528611495
-40.104491770897376
-40.28575497516544
-38.25504672180913
-38.09741917901185
-39.99292703041519
-38.761230388520204
-38.29076413514543
-39.78506770185083
-38.68183518988735
-37.642403879061334
-39.69047321532631
-38.64570331118333
-37.62860272947379
-40.7776766157309
-40.060864840788994
-38.16914633421186
-40.00339188132538
-38.1471936171308
-38.056222958816925
-38.02147525931998
-39.74577898435707
-38.04879424642923
-37.400603754930636
-37.15301701836267
-37.67648128890727
-39.695445042418136
-39.99000788426853
-38.76011537391031
-37.67230424871251
-37.87483136097711
-40.342417916677256
-39.46636596576283
-38.56010195897534
-39.8243635607622
-40.00881684260893
-38.767299756703366
-40.47262730079801
-38.94445958739393
-40.49847457175531
-40.57930426864184
-38.985206563293495
-37.758281432488744
-37.907671722922636
-37.964733736279165
-39.73750050771341
-39.99614369396356
-39.583377230431395
-40.20972538835275
-38.84403999254719
-39.539551640318
-40.58529733217737
-40.11983558367262
-38.80970514240147
-39.8337900674417
-38.700445477530764
-40.46287339291894
-39.86590619415105
-39.778809853637384
-40.94644255630854
-40.17252596177167
-40.059613052342
-38.786702182321726
-38.30049349462318
-39.78648719626828
-38.06434339975809
-40.37006735050741
-40.08843395254286
-40.6653781822913
-40.131519222245295
-38.81416789522396
-38.31098446342659
-39.78801780798884
-38.682962030161654
-38.87890227124602
-38.3357107948265
-41.28108773388099
-40.83938402393341
-39.08454819002912
-40.754981200930395
-40.14459212648283
-38.81916130031102
-40.48019379803763
-40.10450118470142
-38.80384792319152
-37.68900859612325
-37.88121185392813
-39.72531482930327
-39.99436582744361
-38.14374597133226
-38.05490607530305
-40.36869046342556
-38.90789317992596
-38.34678433657749
-40.41127492783996
-41.33051403455108
-39.27214316118997
-37.86788146026894
-37.94953520836674
-39.73528307237509
-39.995820174507735
-38.76233547122921
-37.67315225042999
-37.87515526881067
-39.72443118544339
-38.6586741015791
-39.83874504255065
-40.010915072524284
-38.76810120921482
-39.854710242393686
-40.01324436378981
-38.76899091930855
-40.47287403809686
-40.103433246118534
-38.80344000695076
-38.9155941934993
-39.836044046799884
-40.01052100255508
-38.76795068788053
-39.618620304127184
-39.9787993060085
-38.755834077980545
-40.470954480816744
-40.1031531864857
-38.80333303368989
-38.306845914583974
-40.40544799060002
-40.093595918365196
-38.79968248210746
-39.85931788801205
-37.56306689147838
-39.442830127334496
-38.55111206864944
-38.21050607861382
-38.080406167192024
-39.75437688794272
-38.67011234211685
-37.63792614965794
-40.30785391216058
-40.07935713421521
-40.04601990359469
-40.041156067196475
-38.77965224132599
-40.474429504016385
-40.10366018553776
-38.80352669009552
-39.859878750398835
-40.63203242769508
-40.126654142215784
-40.05292044406425
-38.16611184468312
-38.06344907873501
-38.024235391521906
-39.74618168221822
-39.997410260254455
-38.762942829939426
-39.853957645000065
-40.013134561309876
-38.76894897849326
-40.47286791901438
-40.10343235335643
-38.80343966594598
-40.689119381756825
-39.027152204025
-37.77430324156829
-37.913791509429764
-39.730068136981224
-39.995059325687635
-38.76204485284023
-37.673041244083166
-39.69494314664229
-38.647410673018655
-38.247288872413684
-38.09445594422239
-38.03607896025349
-38.013780936538076
-38.66639944526664
-39.839872155004706
-40.483215471014724
-39.74465639779215
-40.10494204084742
-38.80401631525515
-38.47436977607384
-37.56315914247464
-37.83314164009996
-40.336335468373676
-40.083512537264845
-38.79583097324864
-37.68594639373118
-37.88004219669479
-39.725144178612766
-39.9943409298434
-38.76177045004511
-39.85378659707868
-38.70808347219505
-40.46398776132225
-40.33820473330955
-40.08378525934354
-38.79593514381322
-39.85877115872312
-40.0138368434975
-38.769217226419244
-38.29381483576023
-39.785512793072094
-38.68200519960578
-37.64246881699536
-37.86343524013019
-39.72272125630341
-39.99398743024254
-38.76163542521259
-39.85376689722111
-38.70807594751903
-37.65242695658608
-37.86723891098913
-40.34131019315266
-40.084238339828545
-38.79610820515885
-40.476830396783065
-38.328031038452345
-38.12529670732387
-37.31007661073457
-39.64198732031582
-38.627183347264285
-39.8341506034148
-40.01024475288818
-40.50807249805086
-40.580704587216445
-40.1191655112133
-38.80944919749694
-39.860742832583576
-40.014124506836936
-40.036502591523835
-40.039767510078754
-38.77912185970234
-40.47435212238035
-40.10364889570921
-40.049564023833
-38.16482980623531
-39.76669413088118
-38.05678312152176
-38.021689222434
-40.645553922682595
-39.01051167939414
-37.76794712674993
-37.911363689605544
-40.347747911592464
-40.085177590290755
-38.79646696691147
-39.85884875066746
-38.091983054059796
-38.035134400261825
-40.365805814913095
-38.28562342176477
-38.109098439131095
-40.6504250713776
-39.012372292631376
-40.508382901916114
-39.16434200953132
-38.444739073111606
-41.14126563783558
-39.199856705961075
-37.840270491297744
-37.93898875668206
-37.976695778748436
-39.73924574618931
-38.66433276025565
-37.63571854582773
-37.86085686597743
-39.722345076584254
-38.03984329014925
-38.01521878261339
-39.74486617670737
-40.61525231933693
-40.79008824036966
-39.06571887620982
-38.40706838825981
-39.80203626369702
-39.306350592522286
-39.117015513869845
-39.43348019839063
-38.54754071358528
-37.59110795361531
-37.22578314726065
-37.08624148816664
-37.65097530598918
-40.26421496918449
-38.24681917164229
-38.09427653449226
-39.75640054725922
-38.05285132244421
-37.40215342007341
-39.65542114575236
-38.63231461198211
-38.24152269019397
-40.65780482195912
-40.13041428386394
-38.81374584631776
-40.47940369394814
-40.1043859100683
-40.04967155277883
-38.78290486738774
-40.329006022013004
-37.01355947795508
-37.62321324845903
-39.68767334005501
-40.4547305867845
-40.79172561717739
-38.64463385399395
-38.448310309748095
-39.80805337895024
-38.6906149372849
-37.64575744415456
-38.74669058388031
-39.85158647425602
-39.32527708880611
-39.936001107679154
-40.64313852994672
-39.619433016881146
-38.61856836994482
-37.61823810420341
-39.686947476290484
-38.644356598707105
-40.12607870627486
-38.81208980303959
-38.31019070284392
-37.500448316742265
-39.66329020238245
-38.01728633540551
-38.006602792583976
-39.74360912070326
-38.66599942101433
-37.636355153589825
-37.86110002850505
-40.45626470613121
-38.320175643625454
-38.12229621349505
-38.58014867583309
-37.6035630868901
-39.68480642011922
-38.64353878802151
-37.62777595519541
-37.85782306631461
-39.72190245117866
-38.65770821103849
-39.838604121019955
-38.702284282373995
-40.08117565967991
-38.79493836543874
-38.30363943663632
-40.259082138021874
-38.86289259334657
-41.19477804020424
-40.3546556543328
-40.08618541637422
-38.796851922220604
-37.68633636153769
-37.26215716239246
-39.63499596702431
-38.00647889918439
-38.00247471927875
-39.743006842924856
-38.66576937137365
-38.254301271196084
-40.39778183044561
-41.418715361921514
-41.015203588618114
-41.41862603868407
-40.791023611498034
-38.17113687956848
-39.76761432047921
-40.00053724003482
-38.7641372299334
-40.48529594058991
-38.94929857720321
-39.8541319056107
-40.49918057085382
-40.57940727252215
-40.59111219054982
-40.73896710247604
-39.04619233907803
-40.9854531351936
-38.92268838407321
-37.734401612941355
-37.898550443500746
-39.72784449542992
-40.7029388332569
-38.41439677604226
-38.158285483619764
-39.765739327079345
-40.00026368218448
-38.76403274013246
-38.29183453821288
-40.40325786030359
-40.71131037141118
-40.75625462707362
-38.434761597143066
-37.548030164355566
-37.82736288467353
-40.33549235931944
-40.08338952931159
-38.177749999641485
-37.44986046961287
-37.789865397947025
-39.992421405200794
-39.71198756098556
-38.76103725687388
-37.67265637667094
-37.874965861888846
-39.81389298628248
-38.07481148005497
-39.75356063408997
-39.99848683482369
-38.145320056083555
-38.20159391415972
-37.45896803453399
-37.79334417819214
-39.71249510818318
-40.228563432838754
-41.240674762300145
-39.23782761271467
-37.854774087093965
-37.94452863731713
-40.35258661225301
-38.898608124402685
-40.49178493346031
-38.33374316317705
-37.50944455607083
-37.81262449378535
-40.33334205706821
-40.08307580444117
-38.795664156154
-39.858731622156476
-38.709972303699544
-39.846229349374944
-40.01200701817393
-38.76851829533911
-40.472805083189016
-40.72145717448296
-40.13970103694076
-38.81729307034797
-40.47992122695942
-40.722495405866944
-40.75788650160815
-38.81932320716868
-39.390047476180335
-38.53095088992488
-37.58477120484441
-37.84139671335823
-40.33753986733052
-39.84762027920471
-40.39417596335128
-40.777768077306234
-39.061012992666534
-40.51547948441148
-39.63751334196331
-38.625474439598555
-38.23890997683235
-40.24963823711076
-40.68889757044188
-40.75298464348137
-40.76233482142664
-38.78520527251941
-38.29992172595679
-39.7864037763441
-38.68234552493228
-37.64259880970285
-37.86348489292616
-39.72272850054871
-38.658023733821466
-37.63330871216579
-39.68914624835962
-38.645196454904
-37.628409127602495
-40.30646539735554
-38.880991387914285
-39.63511271999587
-39.98120551705553
-38.7567531688164
-40.47108857436253
-40.103172750470364
-40.04949455517887
-38.78283726032048
-39.85686020327525
-38.7092574852941
-38.27091225260707
-39.54610337372245
-38.590558938641095
-37.60753945345094
-37.232059421711725
-40.48470673208835
-38.94907351958207
-38.36251382665786
-39.795535840764686
-38.067799674403595
-40.64812357009993
-39.01149319736846
-37.76832203325555
-40.417048358936086
-40.576208287386606
-40.118509509908975
-40.051732158225064
-38.783691948630796
-39.85698490061919
-40.72178016445174
-39.03962751291529
-37.77906838554423
-37.91561163246728
-40.438537621852944
-38.93143848870248
-37.73774385550462
-37.899827066561265
-37.961737344179184
-39.73706333999768
-38.6634991552677
-39.50911149563982
-37.958395309771326
-37.98410842242406
-37.37589596875095
-37.76161347257869
-37.90894444898512
-37.34718588562677
-39.6474014905565
-38.62925137627534
-39.83445232478125
-38.70069843732518
-38.26764298719428
-38.20841073747383
-40.39108649180778
-40.70953459267959
-38.41691613196011
-38.15924779195063
-37.44279325514187
-37.78716596222488
-37.91870463153278
-40.8209548955851
-40.15421755881219
-38.822837888304434
-39.86269621624688
-40.014409501672574
-38.76943596237818
-37.87569492655877
-37.9525196869195
-40.207854456927286
-39.59263145532098
-37.99029709563051
-40.67249694684484
-40.75059182474628
-40.143951725128176
-40.055444127399795
-38.78510979469036
-40.475225750321336
-38.327418118043894
-38.12506259256024
-39.76089217259826
-38.054566970658996
-38.02084272812862
-40.499608715421445
-38.95476557071553
-39.881944205707896
-38.71883872164949
-37.65653797049069
-39.22039939647512
-37.23008311210385
-38.77621445990311
-38.296487541123845
-36.87718018596863
-38.724726616875245
-37.658786946344726
-38.838761506380074
-37.084310409482335
-37.03220371081683
-36.39426673421826
-36.76863048058785
-36.911624707545286
-38.72975200484675
-37.66070647374319
-36.63433342763291
-38.096395775405234
-37.41878592108301
-38.80374582869633
-37.688969599496154
-37.26316296979213
-36.48248532113033
-37.54252961466588
-36.802326982348774
-38.82179979027907
-37.695865599189176
-37.265797007288455
-38.781425046988105
-37.68044381953908
-37.877940400379025
-39.69327116539044
-38.02873804425911
-36.774908978636994
-36.91402288040176
-39.348135882301
-39.32130217195407
-37.8866585315275
-39.4900415113557
-39.34200592421125
-39.320407823121805
-37.886316920671376
-39.10802565975338
-37.18716016411898
-37.07148882135344
-38.98914384221839
-37.759785339214865
-36.67217818667631
-36.87478320956397
-36.33413745326572
-39.26353173868139
-39.926992582502734
-39.16968824883691
-37.21071317731457
-40.24552437950306
-40.44324608721351
-38.31520297368547
-38.12039682259281
-39.76021144593408
-39.7633891976948
-39.999920802928216
-40.20162171024961
-40.06385806483543
-40.043758619847225
-38.78064632798107
-40.32867650555443
-38.271441287568564
-38.10368134590116
-39.81876147810971
-38.076671078459015
-38.02928574601724
-37.39315217084279
-37.15017076651114
-37.675394117440526
-39.69528642623879
-38.64754179415687
-37.62930496748194
-37.85840709703885
-39.72198766011297
-38.65774075795525
-38.251234613752786
-40.397334411154446
-40.092412163077405
-38.79923032782188
-38.30527882038824
-37.49857214459294
-36.60060474057921
-37.46547857459673
-40.61455736564049
-40.12410456502235
-38.81133574817973
-38.71084565159041
-38.27151887815247
-39.86101807661877
-39.78225985669654
-38.680762688473564
-37.64199421997425
-37.86325396019908
-40.340728796667804
-40.08415351522457
-38.796075805043216
-38.30407389990507
-40.25914552535852
-40.04498308536576
-40.07225067635363
-38.78111403219109
-38.298359011207516
-37.495929012681565
-37.80746201558708
-40.3325888616498
-40.0829659147106
-38.79562218201193
-39.858725498211676
-40.01383018171866
-38.76921468184615
-40.687212088762635
-39.02642368292773
-39.892398983381916
-40.01874307699452
-38.15305725210847
-38.05846266808077
-39.75117537456878
-40.47027478514914
-38.94356100637513
-38.360408233976244
-39.79522863893256
-38.685716322495026
-39.842690449410526
-38.703845120930005
-39.84533540545644
-38.70485540424079
-37.65119681851604
-39.69175608790364
-38.64619332490464
-38.24682388681027
-39.77865690601623
-38.67938648377347
-38.25950254530419
-39.78050669736108
-40.00241821247225
-40.03479466619352
-38.77722240235893
-38.296872540883264
-40.258094861236906
-38.862515487171024
-38.32945160027616
-40.752874875923325
-39.05150463582706
-37.78360504280796
-37.91734448134672
-37.3503944124823
-37.75187274485008
-40.63051756573609
-39.00476830210755
-39.889239505900136
-38.7216252783648
-38.89367031794414
-38.341351686717736
-39.792448326157476
-38.684654337514296
-40.68249970228321
-39.02462371146071
-39.00940542084882
-37.767524573585966
-37.29316829990907
-40.11165638601192
-40.050732300923436
-38.16527604837558
-40.384793225481914
-40.090582428746885
-40.90175961824482
-40.402074786465775
-40.09310377451457
-38.79949449988387
-37.94625373893945
-37.979470755043096
-37.37412453743994
-40.35953571938729
-38.28322845838662
-37.490149655772555
-37.187220508931055
-38.092472766365404
-39.86013083412825
-38.035321453717856
-39.36583310564453
-40.95652847148002
-38.5112593986487
-38.19528371321597
-40.24327325102925
-40.687968931487745
-40.516781179384104
-40.10983921169994
-38.80588686807209
-38.30782139251634
-40.02362429966221
-38.77295570201076
-37.67720881762018
-37.37509500188184
-37.14327354170866
-37.672759611994024
-37.87500529427342
-40.196545259452876
-38.22097164253365
-38.08440365689796
-40.136926125080855
-38.19819915958338
-38.07570534241919
-40.37172503560125
-38.905918351630625
-40.11088546998903
-40.050619825791514
-39.5864130812088
-38.60595587682432
-37.61342056051425
-37.852339793468325
-37.94359881989073
-39.734416964968865
-38.66248832995367
-38.253048024892145
-40.39759898427406
-39.85638278627555
-38.70907512822703
-39.519860531988314
-39.964390449439804
-38.75033038451032
-39.85211751401118
-38.707445939193306
-38.27022030356875
-39.7820703972181
-38.06265633264239
-38.02393258945897
-40.364171492742514
-40.087573758487686
-40.04721869292011
-38.78196795829135
-38.298685181953935
-39.786223367005434
-38.0642426259469
-38.02453849958517
-40.36425989383856
-40.08758665603378
-38.79738714814417
-38.304574788398725
-39.78708264900529
-38.682604831214825
-39.84223648895071
-38.7036717234639
-39.519072185857816
-39.96427543128945
-38.75028645148621
-38.28658392316918
-37.49143132927144
-37.805744053395046
-39.714304225594034
-39.99275940201203
-38.143132371417785
-38.05467170099122
-40.64739197321608
-40.128895069706594
-38.81316555814584
-38.310601604730934
-39.78796194965794
-40.85760788537316
-38.47347509694294
-38.180851394205554
-37.45104509692382
-39.662554345271595
-38.63503925174992
-39.835296764432584
-38.08298699582064
-40.372787414514974
-38.28829015551684
-37.49208305203555
-39.66854170223153
-40.60411672858388
-38.99468407964686
-38.379935510356695
-39.79807763016097
-38.686804540310625
-40.46088320700001
-38.15029593833768
-40.652720929321184
-39.013249232332484
-40.508510845694225
-40.72666657502602
-39.041493955671676
-38.397815291989005
-39.80068625514501
-38.68780094639063
-38.262716584026876
-38.680272153434316
-38.25984084101182
-39.78097561929113
-39.78055605403966
-40.6204594022645
-39.000926425525805
-40.506712972410845
-38.957479155420664
-39.88234011238079
-38.718989944542166
-38.2746297212457
-38.10489921919495
-40.37598436482038
-40.08929723329679
-38.79804053051826
-38.304824358257974
-38.11643254425567
-39.75963306551945
-38.67212002330026
-40.45874076484162
-40.57350718433972
-40.73614941303537
-40.14184460565694
-38.20007785199044
-40.65549518028564
-39.01430890190758
-37.76939753668722
-37.91191769690397
-39.72979475141809
-38.66072280148053
-39.839043943838014
-40.01095868163439
-38.76811786641266
-37.67536092885369
-37.8759989088983
-39.25241831587379
-38.478381228530885
-37.56469138096897
-37.83372690312593
-40.336420857098396
-40.701558984061776
-38.413869720549066
-38.15808416633532
-40.61981192153307
-40.12487119439531
-38.81162857454343
-38.31001452923496
-39.787876296497416
-40.00349342249577
-38.76526639115653
-40.472330636762834
-40.7821234879801
-39.06267661150899
-38.405906346546864
-38.54655426087057
-37.59073116220659
-37.22563922574919
-40.601191576822174
-38.993566771096134
-38.379508736466235
-39.79801536468949
-38.68678075701685
-39.516607827065044
-39.96391588618713
-38.75014911747761
-38.904565454995605
-39.87462010753032
-38.09800717633271
-38.03743541021769
-39.7481075389914
-39.99769123897095
-38.76305015425901
-38.29145922380609
-39.78516911391971
-40.00309844988068
-38.76511552504219
-37.674214136496
-37.8755608731957
-39.724490362325646
-38.65869670513678
-39.83874834036527
-38.70233936926207
-37.65023577867105
-37.86640195550098
-40.25140479419882
-38.85996010894949
-37.62338545059415
-37.856146042784694
-40.816668404967025
-39.07587159565945
-39.89961333662253
-40.637829625697
-40.12749994200552
-38.812632666782676
-39.86120729449287
-40.014192270916254
-40.03651247816977
-38.77787854814758
-37.67908917752306
-40.31385951698932
-40.552369295150775
-38.35688433015609
-38.136317684067386
-38.05206872204607
-40.222378465413996
-38.23083904917242
-38.088172670853155
-39.75551000555599
-39.998771244287624
-38.145428690832055
-38.05554881695844
-40.45895418191876
-38.93923692071427
-38.35875658022406
-40.66433804273387
-39.01768657480497
-39.89112425648614
-38.72234518902833
-37.65787732184896
-37.25128677651855
-40.25144398784909
-38.85997507959175
-38.32848125092615
-37.50743468443681
-37.811856791134176
-37.928135688965725
-40.350194913321175
-40.085534603031554
-38.796603333644036
-41.18510656755488
-40.82538056048937
-40.15486325461977
-38.20505053340664
-38.07832233435004
-37.41188248089359
-37.77535909708062
-37.29616082159836
-40.25799102279266
-40.3081502141991
-40.07940036410002
-41.37826022313099
-37.16664360280245
