-47.928175330686905
-49.0435948196093
-48.398617750607436
-49.113510947671514
-50.905104844072724
-49.11932347170795
-48.30920512740308
-47.738590961164434
-48.107758968979645
-48.90426564169141
-49.25654237660885
-48.47995647956001
-48.958568526651845
-49.02839708325176
-49.038584932359306
-48.39670414395774
-46.91545952201414
-47.58574239958446
-48.828104450631564
-49.537226676085766
-49.11282216946776
-47.1889922678025
-47.69022261143952
-48.49970955526597
-49.19751843905766
-47.22134336406552
-47.70257963063868
-47.26836153910063
-47.7205389754131
-47.27522139838878
-47.723159208503134
-49.68464550519914
-49.26151131274123
-49.07259584008104
-49.04503344407491
-47.16309927875646
-47.68033236969427
-48.84190494128309
-47.703545083523764
-49.3174275855884
-48.357083171804106
-50.64884548514923
-49.747141122989575
-49.415472140239615
-48.96316574561379
-48.57340881360193
-50.3845041342138
-49.27065127599337
-48.59054439491288
-47.61402331106048
-49.304366535008164
-52.02312024274488
-47.44430281404475
-48.68285689570875
-48.601113560291815
-49.21231308400534
-50.53755387024406
-50.730903895202005
-50.14107929491905
-48.31281376464156
-49.78828469943924
-48.52922117317264
-48.20214450058585
-49.77213827141692
-50.61923126433131
-50.74282046640119
-48.58241562830292
-47.843986404297226
-46.88706797939918
-51.43437315899426
-48.62095453899607
-49.095198406967405
-48.43225688317387
-47.45694522086911
-47.792571532125066
-50.948450358141
-49.554784907361295
-48.516208675744544
-49.19992562829409
-48.45833080603627
-48.17506678981472
-51.00425566415674
-48.10270131537823
-48.65726240053506
-49.22050508939418
-47.23012348320656
-49.0122883274674
-48.386659734677764
-49.4170926700178
-50.803498786695265
-48.618355691024966
-48.23611491322917
-49.86726443157674
-48.71323154687856
-50.70080683279596
-49.85358871939831
-48.2937045211324
-48.53610101823196
-46.98804614070211
-49.68517365167987
-49.60654329730583
-48.99832353071188
-49.37374196606295
-47.7282902967293
-49.32103786353982
-49.55341660179808
-49.2113863319484
-48.21617574063478
-46.846503807879515
-48.72025099362946
-47.03904342163578
-47.63294724877767
-50.92516148906181
-49.31531912965458
-48.101732531021305
-46.80279039158879
-48.16074060999477
-48.679431438395504
-50.84177349717805
-49.30315298560035
-49.115794136708324
-47.190127458274944
-48.77038500857226
-48.91229487760112
-47.11239765798141
-48.2790000625928
-51.80579139809147
-48.85499299480789
-48.50239396772865
-46.95582944242964
-47.60116233706005
-50.30249014418939
-51.00872657922397
-49.14923129040835
-50.764418338092604
-47.750786756832376
-48.606329052668286
-48.23159708975276
-49.54036736876544
-48.425235270106604
-48.950584809788154
-48.36309108814972
-46.90262047716122
-50.20057426033786
-49.20960327770317
-48.46202733917933
-48.17647873983483
-50.76839368738864
-49.132778692350115
-49.11072506416338
-48.30795063664895
-48.735660665092624
-49.46801121954236
-49.178764378748895
-49.383797589882185
-48.52856364578481
-49.673864149129585
-49.32121861069588
-49.391736292141125
-51.271935296019606
-49.75640401820275
-48.67088663697656
-48.49769067343575
-49.815257876918146
-50.62552232999003
-48.666048770949544
-48.25440799233763
-51.25189936710001
-48.31010540273091
-48.37014550126775
-47.58186754583691
-47.840287614309105
-48.86524209696044
-48.33049307254166
-48.12623712066453
-50.143029545189364
-49.20120761691028
-48.827729671931635
-48.316164601181086
-48.738798120361515
-50.23240099059728
-49.08183497081755
-50.66441540383282
-49.10591030892001
-49.01128422714005
-47.403881095927964
-46.53623486248103
-47.440891469014915
-47.78643954456372
-48.85738576946334
-47.09142424496473
-47.03492095418073
-49.60184265104934
-49.59438546816339
-50.06543343484259
-49.40695935935932
-50.56595237909502
-48.60326867425154
-49.218500447555584
-48.29644711964851
-46.877164746338934
-47.571115096868084
-49.06203833342597
-48.405662546013424
-48.15494930461431
-49.14721859637232
-48.43819851128828
-46.93130895999273
-47.591796346189696
-47.84408007857636
-48.86579541004011
-48.94873840808157
-47.1263178479549
-49.997143289391985
-49.415991076538035
-49.15889445222087
-47.20659031387489
-48.31497845565349
-46.884243086835895
-47.573818782353975
-48.45524724897593
-47.92957055422668
-50.350404257341445
-50.420761032789144
-48.30661444713426
-48.11711629736353
-49.14169883500357
-48.43609015005521
-47.075060805443464
-48.88277264270614
-49.01733861281771
-48.3885887720287
-48.94523815777475
-48.79038423114363
-48.30189991212492
-49.16865840106652
-49.0644217767192
-48.406572940341185
-46.91922906680456
-48.9669294434104
-48.98736817140965
-49.03259889479463
-49.275265945901396
-49.535073471652
-48.586345890942766
-47.6059302124264
-46.61341075758655
-48.92231115341065
-48.970325501149645
-49.03011240271384
-48.80276721659629
-48.30662979168563
-49.16934848119431
-50.53128541917307
-47.27913962176872
-47.10662184790886
-49.938541591711676
-48.122423010678645
-48.04676142907415
-50.367502175555174
-49.8519917210613
-48.70739789056201
-49.22781975881023
-48.468985415806806
-46.94306851111041
-46.36022011752442
-47.99169380771253
-49.23289529436307
-49.06842081926591
-49.64416841617136
-49.24605044049827
-50.00558130233705
-48.14802990154158
-51.94458294531812
-49.50669661366835
-51.04764285068652
-49.782129972141526
-53.36333482006885
-57.86453932958634
-50.0572508807892
-49.40383390182571
-57.57865199848273
-59.38937587380138
-57.77247557874315
-55.440957449350954
-58.35081163767323
-56.161496111905635
-56.416534687025546
-54.305000126700776
-57.57884820098425
-60.0631665781113
-61.2797257107936
-59.36704935244346
-60.79619756505883
-61.663079148348366
-58.70907696308446
-58.107171416975746
-58.925466155261525
-58.17372834373042
-58.03393499395308
-58.314973436150034
-58.48364810626882
-57.923627223948984
-57.95441550839347
-59.83669023981587
-57.58262181274349
-58.37679944439995
-57.54839648930795
-57.42753412700708
-56.97622818906322
-54.749438229861
-57.37642987508782
-56.71932232776802
-53.8569864100492
-54.125032632176925
-55.386821361365364
-54.966266532286355
-56.170329367018375
-60.81289100528447
-55.112498332475894
-55.0429705393281
-55.410671912326016
-57.9829018982718
-53.33089896575706
-52.61384134353969
-54.02613020734932
-54.887718762785696
-53.694577648786414
-53.88333904276032
-51.94370801602744
-55.258921262423236
-53.244797155585964
-52.47547020433465
-52.18161345741798
-52.68740415666918
-57.43968445359551
-54.69580856194898
-54.26577522100132
-53.483483112305095
-55.959083055435116
-55.98437111789201
-54.75796232074112
-54.907549833081255
-54.34665318975274
-54.13240973617698
-55.907862140155935
-54.72873849169045
-56.55717123180318
-53.23616835681452
-53.708242273985825
-56.70007890769107
-54.303766259853354
-55.39076370596265
-55.76729244285776
-57.8116010244469
-56.07393602853469
-54.63530991989881
-54.14841855813615
-59.562673638300964
-57.396590893568344
-60.27264357282248
-57.139805703062514
-58.90750299299849
-57.316138389349824
-56.97504531610999
-55.02452461736409
-56.79475503512657
-59.00449701693645
-58.43120816218576
-60.23881214851897
-57.910230425406496
-57.9657110736609
-55.96055545931908
-57.781559884097405
-58.259926084098254
-58.36416062583962
-58.143300263028756
-58.11107717036127
-57.48834189574984
-57.18653000604588
-58.30731609988759
-59.98910872471257
-60.61387389177093
-58.089562993780035
-58.86826886980807
-59.08282881947022
-58.44977866314951
-60.245961710075306
-60.71198300206761
-56.833367088816885
-57.554385880322286
-59.68389251839966
-56.30140469748222
-57.35119432756912
-55.422823636596874
-57.08220545136318
-53.71278508529149
-53.89029366465725
-53.48798133626418
-56.019063649070276
-58.412271002956636
-57.53228548370322
-57.363399163340205
-54.872679335898894
-56.58337470824347
-56.22282931037195
-58.669108372648964
-55.7834407011952
-61.409364427645066
-61.03843922882853
-58.54254652391158
-56.971166354156324
-56.98898652730729
-56.99579322776555
-60.4716938430931
-56.147832305429404
-55.12773314433884
-55.325225626657286
-55.73948375298873
-57.13655962576305
-56.93059588086196
-59.968587839231375
-55.99824946027756
-55.999331353324685
-54.00547730941813
-53.96944143761705
-54.60636165656694
-54.9912189044658
-54.1372780613123
-54.35558469054768
-57.50272882592999
-54.09689982475471
-54.03701243955239
-54.61196600255664
-53.526978737746
-53.39007778514652
-53.3527218253777
-58.17057954612087
-56.21105362258296
-53.14224848855242
-53.8595687347435
-53.98404341505507
-53.99390512689541
-57.06799447749535
-53.26727447432445
-52.712756899026324
-53.50831688721187
-54.30453559957831
-56.87724687518293
-54.06204291030958
-54.0236982829773
-56.79577270348393
-53.22755785275216
-53.70495335409428
-56.82342967737216
-53.910313808999156
-53.89978399197842
-53.986284534529666
-53.99476115836186
-57.06811937080313
-55.17191731810485
-53.87683820752216
-54.31238003146641
-56.87839136237129
-54.062106690394614
-53.90516052472671
-52.6899239195111
-53.499595465101486
-53.963982792286565
-52.81440527271449
-53.98104352122815
-53.990812972889124
-57.067543338305775
-52.881850944698975
-52.656524363892856
-53.979759851749705
-54.439182643399015
-52.883735996630236
-53.929662120399726
-54.05578968085621
-57.06696563980926
-54.16278551844899
-57.092633794562
-54.16421595568721
-53.966068138610154
-53.987039182250626
-53.9911470996262
-53.99061116039675
-53.9906068028792
-52.8182896635105
-54.50462925832173
-53.574717236211356
-52.75761219347639
-53.52545008511641
-56.99964780799937
-53.9940683757671
-53.99153882315512
-53.99139785601949
-52.81840507660826
-54.071245985858184
-54.027213545035835
-57.07285411020937
-54.16311367165742
-54.228077332532465
-57.102159741856774
-54.1647468185354
-52.84369634939198
-56.90018127845524
-54.15349094454873
-53.991931116307164
-53.9926828348942
-52.81859255249949
-56.89651868384897
-53.88131609351439
-52.802344363907
-56.894148105081314
-53.917086749820164
-53.96832995654903
-57.06426311042898
-53.71064581007583
-53.73967624740621
-52.78167938885911
-56.891133125854324
-52.529927720795705
-53.90994506096098
-52.80652127396576
-54.01552903513517
-54.005931563609145
-54.31843785720414
-54.096597798014805
-52.374193604535336
-53.99143623986329
-54.09393907253168
-54.08727437008233
-54.033335843024716
-54.09427974223101
-52.777026408247934
-53.53286565529425
-54.056006820189445
-53.9949905343604
-53.99808655439114
-54.08193269232459
-54.0946748646854
-57.31876456160023
-54.26698773517415
-54.10198024025717
-54.094837863654625
-57.31878834282935
-54.12099250394716
-53.858924467622586
-54.092861669830945
-54.03547000162335
-57.07405871099123
-55.17418594418596
-54.057304521219535
-54.09447462241549
-57.318735346646775
-54.2669861070806
-52.82223762183729
-52.64782689730202
-54.069859079714185
-54.02668379402803
-53.993356418119376
-53.99746237752864
-53.99172796439074
-52.818453238770545
-52.64727476325362
-53.48330493700263
-57.05477959430081
-54.16210641340815
-52.843311119475615
-53.927409319207385
-57.058292869901024
-54.01554895332327
-54.0938540757392
-57.31864481010686
-53.30384386501133
-57.20338387371899
-54.26055778981554
-57.57903453170926
-54.37166202724238
-54.00791128571785
-57.54217390352752
-54.075399550556895
-54.02880006557627
-54.17381424138963
-52.8450192685576
-54.18794355444874
-57.56844025754696
-54.37107162857836
-54.33605601832718
-52.86869002480495
-53.609568876082825
-53.84771053583127
-53.941830600816054
-54.18370569174193
-54.070169330318606
-54.08594972774898
-54.03282987467631
-52.85169517070303
-53.78197851261844
-57.50921075617256
-54.21271069974208
-52.850694185351074
-57.373338203961765
-54.360198963776824
-54.69650435521341
-54.266040990379196
-54.10161861592417
-53.941804302617356
-52.81116947468019
-53.50325441497163
-52.747185908371264
-52.63687699987773
-53.47933334480002
-54.05302356677227
-54.36494964685539
-54.57199368187768
-52.903112866004605
-54.13153531392378
-57.324142428667265
-57.789937529245606
-55.44762732093302
-57.51615766472442
-54.122597238657576
-54.04682797824031
-54.09438944163865
-52.83343134644292
-54.66400521900862
-52.31848107704045
-53.98833148711688
-54.081389061057564
-52.83153461647814
-57.13447488303591
-54.256717623380894
-57.34240628147738
-52.922143595992935
-54.0219724463032
-52.82286584921337
-52.647918554440935
-53.48355084335453
-54.28932657741108
-54.09816294253929
-52.83398189280468
-57.13483193583999
-53.54853358875233
-57.4751516007915
-53.090609920541006
-54.0866147971641
-54.08686620220546
-52.832333720602186
-57.13459147075637
-54.08505301565569
-54.0324873611348
-52.85168787987887
-53.56138379980718
-54.057596081913516
-52.119859335104586
-54.091877611743385
-57.55442442539588
-54.37029055302281
-54.30367051500777
-54.30660511610041
-54.189295786247925
-54.072304556419574
-54.19792214322892
-54.6028801487235
-52.67155116328712
-53.49257769669094
-58.57517461640009
-54.13120770174756
-54.05011688248181
-54.084832243131196
-54.03240303353422
-53.847777106662996
-54.09277103488885
-54.03543538215604
-57.270797942831194
-52.92061932397888
-57.14747216669749
-54.257441937174555
-54.09638607243854
-52.833722650950754
-52.64950254046724
-57.10791676106643
-57.7583906294963
-53.36800191541017
-53.758598212511515
-53.90469152077034
-56.84879060674133
-53.499137142789046
-54.08993637625956
-54.087051307464236
-54.09471648219366
-54.09477880480708
-54.08732116675815
-54.33078665381648
-54.096698201372156
-57.31905976244445
-54.267004186153365
-52.85861549826393
-57.13842593044068
-52.865314999507014
-57.13940337449915
-54.25699227879672
-52.857154780666505
-54.0847166624252
-57.317311679470784
-53.30364936387279
-52.71806392388931
-54.094234324150094
-52.215374726356444
-53.98258556712631
-57.30241095348191
-57.78676694974557
-53.85428762833743
-54.092823969458486
-52.83320294712994
-54.09580785474102
-57.3189298626216
-53.64896295833445
-54.09115455284553
-58.57241076661466
-53.486765852848905
-53.32590376751733
-57.20660237011934
-54.26073715047261
-54.09656970838179
-52.80081836881839
-54.01521122312385
-54.00581017022285
-57.30579937740833
-52.86583479783392
-57.139479212053
-53.007993986200674
-53.408722735825414
-53.77415218186036
-57.272000932403685
-53.297038614967946
-53.731492643696456
-54.09182557025325
-54.094755299904236
-54.087319856874814
-54.0333532174334
-52.84783005859685
-52.65156078350412
-54.006893382976145
-57.30595741601916
-54.266274017412556
-57.343800540576346
-54.26838294246379
-54.10251316202046
-57.31990815376937
-54.26705146538148
-57.34391396870635
-53.98100939899547
-54.093854295863764
-54.03584915102977
-52.858232199480426
-57.51118328498684
-52.925736223163575
-53.88696302369959
-54.09308964064087
-54.08722703286547
-54.033317761816804
-52.847828082723055
-53.55990948848334
-54.554857406874056
-54.09852003523959
-54.184979673796285
-52.85614271769874
-54.01829434341749
-54.00698781738362
-54.107221133975976
-53.615878598998314
-54.5560487785833
-57.62214608596142
-54.283894608068344
-54.096316940025496
-54.036789797397354
-54.08408955013416
-52.83192861252457
-54.01694493758505
-52.82213234557673
-57.133103110198604
-53.97652202925674
-52.816234722733164
-53.9209933813656
-51.57206522468924
-54.07426808917852
-52.83049568068259
-54.06719497723601
-54.085783972732706
-53.06824380294984
-52.40803282445539
-53.993322034956556
-53.99744924432909
-54.08189717625209
-52.85053532070289
-52.26998946467606
-54.527399864500836
-54.11143031210902
-54.16470474377703
-54.09534785267939
-54.56444534634464
-54.13807955619204
-53.485125146535566
-53.80333530592921
-54.28760981636017
-54.30107889073402
-52.86358693066287
-53.54816593915633
-56.91279206268928
-54.88472914549242
-55.47973226983882
-54.33168624810694
-55.79103815766882
-54.58381252465226
-54.84103053010917
-57.10141846441471
-54.04009371106128
-54.633348423640186
-53.61697226329181
-58.249068691339495
-54.24994809994715
-54.095471678756354
-57.46477884895677
-52.657758026445464
-57.787983212729195
-56.68294881594832
-54.780705219329136
-57.092617120186524
-53.893705195207694
-54.7485137886766
-55.05486886127866
-57.368685033972575
-54.60459566923348
-55.51898453436517
-57.58229663185891
-55.68492612160595
-56.49768647617062
-53.96450917735527
-55.222511689538194
-54.32786873762651
-57.4085151791458
-54.67524161316867
-53.4327515541375
-56.423817375848955
-52.897014716244065
-56.58172240209248
-55.393098053377216
-54.02291037931018
-57.36402235429173
-54.95704557457434
-52.487155225041306
-52.43542547646844
-54.02041969869301
-55.74562498013709
-53.59572753599323
-54.012680797073095
-53.386809644727585
-54.090876620350045
-56.72642393047363
-55.65943526244974
-52.81881048918387
-53.55124009164266
-54.22632287924532
-54.086447647439975
-53.06834063178467
-52.44766486505358
-53.233659156363004
-50.723385475136325
-57.01089603585571
-54.85569167645671
-54.94487912526598
-52.77088932529398
-58.5977628092955
-53.2543966885278
-53.0971708883922
-53.96951217182233
-51.86877615142674
-55.30437301615042
-51.70354524361673
-51.88676435918816
-55.05236285015236
-53.06367117036748
-54.28721372145755
-56.922485081860245
-57.1330117941188
-56.814360814219214
-57.32904822149281
-55.01356563477621
-54.09029299917593
-55.16792002682526
-53.75398937049268
-55.52454678334567
-54.77187777659994
-54.52290365015709
-53.74303527103005
-52.07396553130179
-55.69770912182939
-55.990338209002886
-54.942862273690174
-53.12407336433985
-54.288611891146395
-51.66855963194365
-51.25536705589636
-52.052962439171914
-51.299523183238435
-52.21603080876937
-52.66712432281303
-55.78424982321259
-52.88368401754922
-52.03875781686754
-51.332087928036366
-51.91947451405293
-51.280047557434166
-50.66982779864344
-52.10995341872196
-54.376721762593554
-55.65171071693104
-53.39482937678541
-55.744522525987016
-56.91869045323533
-57.15452242550671
-54.876646484301446
-58.78653820659059
-54.75407460281317
-51.91482444159129
-52.60994397743724
-50.53423736857509
-52.7822483028086
-50.31575461303545
-54.33487852726556
-52.27381024906325
-51.48655221992419
-51.851799737143736
-51.325358547980684
-53.7343868686614
-52.04444284543726
-50.78090767890048
-50.2982801912642
-53.73043618965927
-51.42489983158719
-50.544263305102305
-51.44395806121952
-52.66152036069722
-53.22112631740963
-49.99782004117188
-49.99916732982173
-49.38164795954342
-52.055710365586705
-48.97368617904998
-50.94280549101699
-49.05953563291094
-52.45953585052716
-53.46330315648774
-52.55893206993331
-53.46884231794855
-54.047116936075426
-54.163162213494665
-55.32875673112828
-56.5386676594004
-56.95763414968841
-56.983817685143265
-55.345163189582344
-57.70283447318158
-55.83203233644071
-56.553876050281154
-59.12467059441497
-56.27554340834362
-58.07464309523883
-55.76809173962962
-57.76552089306006
-56.077246139343615
-54.365429674584675
-54.75761570394343
-56.1434854147454
-55.436772562792974
-53.93076429613373
-55.82765628060779
-54.08006859069007
-54.0305834802123
-53.393647861196946
-55.62249605837811
-54.61973834768771
-56.09082095093469
-55.416656527616574
-56.39521660941481
-56.15095931187797
-54.203559359969404
-55.93185472302982
-54.11986885412048
-55.89988779433121
-54.10765857387356
-57.28621700549294
-55.27782647582711
-56.342188248291144
-55.105652682598986
-55.658389722500104
-54.01541451865164
-54.6239218109546
-56.09241889171196
-55.417266886681475
-55.777415757082366
-56.533014373315524
-57.25810563652634
-57.098587580465136
-57.65569109361896
-59.03993595130576
-57.77918619852595
-57.29762264427209
-57.73171572304021
-56.66145654734876
-57.488721896505865
-57.804709142168825
-56.07130356375093
-57.263303515333654
-55.86450501600034
-55.94824552141725
-56.59826553700131
-54.992449123337
-56.233183799259386
-54.85300030819146
-54.9438511140649
-54.36051904525334
-55.3737739991949
-55.760802952331375
-54.67256688029942
-56.729033643566474
-55.04239809540043
-56.870296597634386
-55.09635574250316
-55.65483860737487
-56.48619406837134
-56.80374359773916
-57.027094666800075
-57.62838323055367
-56.705182458223746
-57.50542370827106
-57.02569058216589
-50.32247894898444
-52.268839923334596
-54.64617154168973
-52.91393526989899
-52.475328959562304
-52.83801866878376
-53.35220680337254
-51.83115730618252
-51.267162250459556
-53.25376018828194
-52.26336516560742
-50.8645285643095
-52.18432249357077
-52.11359750175679
-51.308369719645896
-52.787636322012474
-52.417728860335366
-52.936902547698054
-52.97589891782418
-52.99079420577449
-54.74130267897139
-51.98636268895099
-55.68492803937947
-51.97304641374021
-53.10995410812075
-53.660032720849344
-52.904039946617104
-53.4799439020046
-52.50771697286387
-52.36587097554313
-51.665288857262404
-53.72625368613724
-53.84860477105934
-52.70610419077945
-52.76070938788952
-52.40278207144912
-52.83397576927371
-52.03150548118297
-50.72311529028668
-51.51227344060455
-52.43173902027688
-53.42366964914958
-51.564629962835276
-52.45173743223628
-51.17369443969393
-52.58381813698077
-54.05884630467464
-52.16837532202369
-52.06431365014634
-53.06714708303338
-52.6349315849329
-51.76639734855842
-54.9446315962236
-52.9574800050085
-55.97251018008346
-53.2803363194843
-55.54747832654977
-52.425631550202006
-53.3073850820817
-52.52317087770709
-53.17025173166365
-54.718565409924445
-53.65643357470124
-51.235596268860434
-54.19346921757386
-57.27521112398341
-53.628402244232134
-54.28424325181951
-52.91682613009999
-52.446912297017676
-53.74626511870648
-55.054986947622794
-55.18836237503905
-46.63990201048027
-47.35328420000931
-46.37184481923936
-50.967262082892574
-48.51535927338626
-48.32197942765714
-51.06013178289965
-50.97483638055114
-48.64482929449162
-46.15809953317915
-50.725537795306124
-48.20367929360421
-46.63241955179452
-50.959526352858184
-48.13551189594395
-47.97813496412536
-46.97378244484171
-46.979190987267565
-46.74237775698111
-46.248022416947464
-47.082258668216994
-46.42669501875092
-46.96563754515341
-49.5360062478999
-46.63977397441809
-49.95875050248096
-44.88137314415684
-50.03508661482872
-46.66758677002395
-46.25499545570939
-50.458139012141714
-47.70285757606626
-46.30154812274944
-44.71775735694098
-46.31353651851434
-45.711486315833284
-45.27176359011787
-46.158627235200456
-48.80023104171163
-45.74466866125756
-48.739835299719275
-50.36806700298514
-46.600996448764214
-45.18462637608929
-46.956728161746085
-49.131821321681755
-46.60282460664099
-46.58109599073454
-44.72934121807962
-45.51465153340995
-48.706276253037416
-45.797637568213794
-45.41210033046717
-43.969954684173544
-43.98852371055702
-48.483617204431525
-49.13944250671165
-46.38160625705829
-48.832763242568255
-47.836651562424294
-44.38942695116494
-44.14874785920976
-49.12502758142917
-46.33081866661111
-49.44338742173299
-47.252646492887585
-46.4784683843947
-46.79164046539263
-46.486835711095296
-49.33852019993715
-50.0188650841692
-46.43061479760362
-44.613186213507156
-46.12936663898372
-44.81334568158165
-48.84002508569787
-45.74688630732232
-45.28528518366522
-49.908880131100965
-46.660553523740084
-46.2523089946802
-44.994134470098395
-49.86640181446656
-46.658186288287595
-45.005858141553105
-45.002237610962375
-48.63151606928603
-45.76908171902595
-49.08717394139121
-49.8925614105254
-46.220625396805204
-46.6184785927026
-44.62587493333608
-48.576605494643346
-46.12897298791337
-44.81319532025249
-44.3106129728441
-45.494470821446306
-44.57083705859751
-44.218040354346236
-48.51710323147334
-45.72537990373083
-44.659036479719155
-49.199477687806656
-46.376627559929524
-44.90779094929335
-49.06884030258483
-44.50346585604169
-49.13339978218579
-45.960784238953664
-48.77136613756795
-46.36109406403147
-45.519891670574296
-49.081869623148165
-46.559135458396874
-49.47669839272672
-44.86910858857253
-43.72219584039521
-44.34143493059611
-44.130416538541255
-45.28588266252744
-43.87312948279138
-43.95153977459658
-43.98148984099838
-47.86455698794337
-49.049122838352986
-47.16466128837729
-45.46171785945999
-46.17665368691794
-50.0389290430725
-49.36635944583796
-46.79322198647475
-45.62368246058352
-49.08407893842511
-45.5228099828255
-46.581308672596705
-49.09796740983029
-49.36072310508399
-44.91081802805605
-50.39514265894779
-50.65439828948904
-49.94081693157992
-50.58811305918389
-47.336306185682425
-49.82983117996052
-49.78453033405862
-45.989461345437164
-49.8296861905048
-45.666717333026
-45.861204770455956
-44.6470554900972
-49.976029567128265
-46.635704364689786
-47.584343936390546
-45.02925355972643
-44.393139876773674
-50.2508538400055
-47.06157707661794
-45.28252413447763
-46.166667562884534
-49.037472087211235
-45.28072869785284
-49.13581366522434
-46.57974024897942
-44.99441301866254
-45.6158999517735
-43.99968864820119
-43.999881074195315
-43.99995457438475
-45.23605062645873
-45.70819730499142
-44.652473311015754
-46.10332459430552
-49.02823047264365
-45.920613137281926
-45.58419305551146
-44.60510790246383
-50.23224201138474
-46.380504622233964
-44.909271855317144
-45.527832937528565
-44.583580253004314
-45.45897579898418
-49.316187261606984
-49.26091284101294
-47.24555787091596
-46.586912413733764
-48.86271700714404
-49.39049384641554
-45.52985276030246
-45.22795352822994
-48.66444757780151
-49.85700931559705
-45.92496693899753
-46.3722382210311
-46.142182348522084
-46.21457467320677
-46.08196023204008
-48.789045476697005
-46.44728658717921
-49.46037986233887
-47.8716274378969
-46.940767613585756
-45.04515472476333
-49.87384556930361
-47.276635103276995
-49.379923364504535
-45.91481157472996
-50.62141001582342
-46.82017262441224
-45.647525618238
-45.247332777580624
-45.09447271450388
-48.64497298953549
-47.010289782677134
-45.76786236974603
-44.639893654937225
-48.57865079856065
-49.77134170998521
-49.94535296883392
-47.411144971421656
-44.78262890232433
-46.351514932154245
-46.96841618015168
-45.29656427024324
-46.16744999283411
-45.445926217096805
-48.69624936451846
-46.41184162635085
-44.9212415257842
-44.96991693975165
-44.96388167476235
-44.98620402737594
-48.629176800966796
-49.16067936563964
-45.9712041126341
-49.390920365399744
-46.388983193156044
-46.17299946020984
-46.1778111548502
-44.08167038787236
-49.1152411102521
-45.76222357070835
-44.02103697649502
-48.488360826002676
-46.345322718557846
-44.895833563901796
-45.52708404721511
-44.604764571110266
-49.80959351180263
-49.332899842756596
-44.66138685629955
-48.58178661437841
-44.873368205560624
-50.247191645699374
-50.508733968503
-45.26638331307933
-47.01987003198665
-49.88965113892919
-44.6368523402519
-47.23647729749778
-45.85425831257664
-45.5804952278683
-44.612557157347844
-48.57466245731274
-49.152725830089324
-45.369806555814385
-49.921211633107404
-46.62936276678308
-46.00165284643984
-47.16526685195171
-45.0798401987447
-46.77340636302218
-45.059346966059245
-45.64070251265534
-45.24472658315688
-49.28492872228524
-49.256352281587986
-47.006155404264476
-49.54191772387597
-46.64010340968332
-46.24449774618433
-47.69241246989574
-46.56134645678407
-45.5963812782773
-48.95426843961227
-47.12843013204077
-44.8383978162401
-49.22564615413589
-46.38641022168035
-46.76562955983141
-46.86735218425928
-45.713265065420686
-48.49059861850759
-46.33329003118647
-44.89123748630193
-46.15052726665449
-44.82142832212861
-44.31375769973133
-49.14910219271072
-47.00017856165892
-45.145966238234934
-48.65248579339873
-45.82660504451186
-49.369823645678586
-46.53358447160337
-46.31179588495907
-48.822578046543605
-47.60951983447552
-47.00455052118496
-45.04569222470923
-44.534530450743176
-45.440240441661885
-48.69541982106216
-49.17034409202123
-47.02664915690856
-47.01017907216754
-46.88098046149241
-46.51067600103741
-49.789316660618056
-50.56600946753791
-45.897678605874006
-46.437016924130724
-44.73752198869702
-46.13629563425383
-44.69364734379712
-48.58649335607213
-46.36991856159388
-44.9052283399596
-44.963800447034814
-45.463234784007156
-48.698774650397716
-49.40690153252465
-47.57006085390501
-45.11235439124511
-50.26050988936415
-46.89066192659085
-45.72216859472235
-46.382002129032294
-44.909843852015726
-44.96556341576477
-48.626165376317324
-45.056914443458595
-47.39012188300587
-48.97990368940048
-46.52018793739988
-44.74965647599801
-44.28634329394477
-48.52706849606013
-47.58328826234578
-44.90476072308694
-49.2353283717588
-49.1609572865497
-49.39093585340124
-47.33989341091638
-46.573933198682454
-45.601188985874856
-45.30651249701169
-49.111769437397044
-47.18859015993253
-47.07203503115045
-47.014688972187926
-45.2791503868492
-44.48859197105382
-44.186625526312255
-48.748587847332374
-49.178101202512444
-45.288565689847076
-50.31301354117092
-44.969846175548795
-46.949784876925015
-48.91565938602578
-44.90795807358303
-48.85382884765929
-47.0900656217309
-46.423178848208615
-46.77967392544555
-46.86813484993023
-46.33159800585506
-44.890591190135154
-48.615227076012076
-46.380893865987716
-44.90942053320117
-50.70814418389169
-50.08203060778931
-47.82368101762351
-50.476613373979504
-45.092778215535695
-48.24498725398088
-46.607558587298385
-47.92865863842793
-45.191217559372724
-47.208938977002326
-45.08621187591928
-48.87983572692866
-47.1686810713237
-46.81703945760624
-50.21275229048268
-46.76765768253633
-44.78576182522611
-44.37932506557313
-44.14488928226415
-44.673376769969224
-48.58353591920765
-46.44079658846728
-44.4145545265491
-44.77637972770153
-44.2965506678056
-44.11327227571526
-45.27933413683997
-49.97801928415435
-45.90047449418381
-48.76256706439005
-46.360603708489485
-46.13773836017373
-48.51425370448054
-45.72429148127144
-50.53067995209178
-47.73056574955132
-44.92624821888591
-49.23846335514609
-50.39709199604652
-48.29757367957955
-50.625510961645894
-46.795427412845214
-47.341148716693446
-45.871413735911645
-45.95088441760462
-46.945754186571754
-46.93690598076855
-45.04652279665357
-48.87404516830243
-46.6930540915467
-45.64668911817876
-48.72554027703632
-46.35854027635139
-45.518916210480555
-46.797875230521406
-46.304761219277516
-46.84166887189836
-45.0854209242926
-45.03262788972934
-48.63594995120325
-49.39773553244122
-46.67978549985943
-49.485018684144755
-49.485018684144755
-46.713124697164965
-46.58199279871932
-50.09806722248642
-50.61105556743381
-48.37930049149518
-45.71618600693035
-46.190834710742514
-46.37789754523231
-45.5263100292637
-46.888457217669476
-49.52474578987578
-46.63914645059987
-46.332167714804065
-45.36199139528345
-46.95297326020358
-45.64172451335492
-45.245116952687596
-45.57818760617422
-49.083110524205885
-45.76043299451739
-45.575266522099135
-45.21973225885193
-48.46309497784476
-46.32278457526763
-49.060249252352904
-45.370197004483465
-50.27487896572075
-45.929734296005535
-46.34791459922609
-48.827847695936754
-45.36920553145914
-48.68505596733595
-46.03030914932489
-46.013547860001566
-45.38714083329588
-48.45160471510886
-48.89870396996423
-49.58968066344395
-46.316527225829006
-45.337976767377526
-44.598802398011635
-44.228722163495505
-48.282593708925326
-45.635805236803
-45.58940546192141
-48.48111472672256
-48.90300942263462
-46.49081694103532
-44.95140741172145
-44.981439282878924
-48.39241365661357
-48.89006811091417
-46.48587379981712
-48.61190769454096
-49.52639261985827
-49.09842461220981
-45.01080850266734
-45.00412848065143
-48.39572396595595
-46.24999029953429
-44.653251706913885
-48.344531734578986
-48.883082232637136
-44.59949027035438
-48.33668804669337
-46.277086070846714
-48.58144597541298
-46.36799063373624
-46.373056571398436
-44.90642695304791
-48.79830143699008
-45.83278806066275
-48.516623769327964
-45.85820209372161
-44.709770041835434
-43.86748607601888
-48.22989007404283
-46.233708228358445
-44.853200622282614
-45.19847027355829
-45.07580889874278
-48.40618199801388
-45.63253911693615
-44.62357445470587
-47.72216789308483
-46.03977561207471
-44.06153127359376
-48.258200886827694
-46.24452199659313
-44.8573311142018
-44.32747134601227
-44.12508292383501
-47.64943895888959
-46.01199563117769
-44.15047995714369
-44.05747822900326
-48.25760955559124
-45.62626213940952
-48.48649204349864
-45.782912676129214
-46.104383316819614
-44.803802901666856
-44.307025388180946
-44.11727326287599
-49.87881799743499
-46.86354265009547
-48.66700883720531
-45.782638750016304
-45.298941401593495
-48.43873659144558
-48.8968265360237
-46.488455288498535
-44.964719282150064
-44.36848997617892
-44.14075064638671
-47.65172484880323
-46.63090275218005
-45.00491543023714
-44.383843538531366
-44.14661518535695
-48.27061446225773
-45.6312295717356
-48.48721678210781
-46.873123008177124
-48.84016499385585
-48.955394150626894
-48.91474514292365
-46.331891321160114
-44.95825234742658
-45.139807133326165
-48.41551921460309
-44.40814759389754
-44.77393249719226
-46.02341848744464
-44.77287708873895
-47.743950853824
-45.43006197395158
-45.16426905678063
-49.93716507326822
-46.885829249919595
-46.686406809413356
-45.026116093586744
-44.39194147134687
-48.30640708501093
-49.49555390997763
-49.51681820869346
-47.96133901221628
-45.25056980353046
-46.928818831553805
-45.328404324715414
-48.44303517399761
-46.24350888504597
-46.711046106274864
-45.03552746752894
-46.062732966649435
-48.55017227898232
-46.35604514465357
-45.60850637602035
-48.24869263933653
-45.622856180475054
-45.85594387958843
-44.70890748079044
-45.59511412763719
-48.48194760982583
-48.90313093864173
-48.96458075816438
-47.13236908722486
-47.5457566808855
-49.38457651164435
-46.25116419870518
-45.239953618077514
-46.24214767609624
-44.85642420447217
-44.94515892607017
-46.057696900437776
-44.337516068584286
-48.298466525761796
-48.87636140924641
-45.86260431690379
-44.95139727051002
-44.36340142053095
-44.13880699108283
-49.50554323956579
-48.71585942531733
-46.41933200305457
-48.83050549131168
-46.27953545294484
-49.053939290444575
-46.28667138237732
-45.80559198765871
-44.33214970385053
-49.89079265107668
-44.9596452241913
-48.389233946303605
-44.890522291532875
-46.21462475717364
-44.84591138491335
-48.372640402782075
-46.248703896648195
-44.85892845788528
-44.32808147700764
-48.29709003740153
-48.87616058230117
-45.86252760783657
-45.490786116149316
-48.46672635808467
-49.51894417669137
-46.2556038636715
-44.71105417987939
-44.48570741798445
-48.32008735225809
-48.87951584532028
-45.32994575623563
-44.50799407568833
-45.59348057733738
-49.9610842115152
-46.27693155899844
-48.827474321817085
-45.50811946011901
-48.46925525888817
-45.27313892556795
-49.053006049677464
-46.28291017943688
-46.63924797723395
-48.63428468545415
-46.881318821531046
-45.86524965995941
-44.71246197260031
-46.237753230055205
-44.854745675446225
-46.214333871147865
-48.57229055286341
-48.916311796394126
-44.892010655011546
-48.997400184396625
-47.1376225322366
-45.25806165062472
-46.07513437163326
-44.79263079874075
-44.30275802458899
-48.29339539548588
-48.87562154131027
-45.86232171249937
-49.138966659810286
-47.00780744825286
-44.61243426208821
-46.212363729425675
-44.08671154056393
-48.261874638267955
-48.87102272480985
-45.86056512090423
-45.490676750500924
-44.56938785245211
-44.83552079560529
-47.75309044748263
-46.05158697683571
-44.783636494274596
-48.36355461868587
-45.66672955257141
-48.81448541774671
-46.457003779988405
-48.60769561541362
-46.244847676319274
-46.22563626054861
-48.57393954925366
-45.62714538157465
-48.48662090679386
-45.03722385737415
-46.06282750321541
-44.7879299933002
-44.3009624766852
-48.293133428577214
-45.639831051478126
-45.244393714607064
-44.47531610359316
-47.70053729117042
-45.59321488520456
-44.60855393476588
-47.71997642875968
-46.656972535937534
-48.307121655859234
-50.11369215320927
-45.89197566410797
-46.47921898571274
-46.80107935323791
-48.65789556501223
-46.899463857598754
-47.63874253655067
-46.00790996140225
-44.88431627157407
-48.61431157773207
-49.158510558798426
-49.15473152443712
-49.61932277767225
-47.52476890363666
-47.83279056458305
-44.89915368003336
-49.77686038013016
-46.82459830569698
-44.87341554676622
-44.87239203589004
-49.23060584394169
-49.85864892258902
-45.33450682604598
-47.09566739875319
-45.99133698035281
-48.77582372246377
-46.44223632645301
-45.59238545548288
-48.71761747942355
-49.818972096728594
-45.33890408280184
-47.21378991505293
-46.52332816539417
-46.61988696066082
-46.620795666293404
-49.48569449581945
-46.33422671318561
-46.58659923113521
-49.39551879095359
-46.59720099052026
-49.374399144764034
-49.87212151237904
-47.738493807637006
-45.49534700732548
-46.593377748846144
-47.65889538141699
-46.62364173228368
-47.61989715655898
-44.906908275505614
-48.61760770668416
-46.38180318598979
-46.44270080242742
-48.84167681661049
-47.23666121924092
-45.85432856443125
-44.9692245371585
-48.62669952672999
-49.390900223627376
-46.590609153142125
-49.481290342904906
-46.63672476154005
-49.48801851949536
-45.384947886203726
-46.381993881881414
-45.32516232728686
-48.67863015044715
-45.49679909960456
-44.571726381718705
-48.56870532743194
-45.74509015049628
-45.57441149470666
-44.60137167869942
-44.2297035413916
-48.51880486753052
-50.45034486809
-47.081846489201816
-46.373182477487454
-44.11017467969633
-48.50136584163277
-49.142031997981064
-46.37307082179553
-46.02652700362571
-45.59009543298741
-44.60736241004521
-48.57390455389545
-49.15261525347096
-47.242214273119764
-46.400277458987816
-44.96822975047142
-43.90519483931255
-48.47145968596232
-45.70794562071268
-48.734477480310446
-45.80840947850763
-44.690750955212444
-44.2638433871297
-44.71881319492654
-48.82623298176936
-49.42549745245687
-47.30842359846235
-49.2040520478246
-46.551186688019506
-49.38328999399234
-50.742838952726814
-46.83786891134756
-47.1878854176203
-47.126951674205316
-45.95702423081019
-46.370052618721814
-47.070549494934845
-46.606185119736054
-46.58699261104242
-48.86272870777369
-44.84968179983203
-48.84532645390472
-46.46878400755249
-47.322651943973554
-46.465996162165574
-44.94192671782045
-48.85878480606269
-46.48975293830238
-49.08460960821818
-45.35129021209153
-48.918510134966
-47.31356602796071
-45.8837035874639
-45.34749316520544
-48.91795615329126
-44.7627554207224
-48.832644066111584
-45.444181720785274
-44.551628331408665
-48.565773061409494
-49.15142888470581
-45.36961733403305
-48.68511604852178
-47.305476040339656
-47.09338679040836
-45.68738702784957
-46.49862645871255
-50.66400210515489
-49.366730035825654
-50.264548475671944
-47.078829737664506
-45.53867642873834
-47.69387680040111
-44.64946019035809
-46.523391281333595
-49.37374018419021
-49.44633130641184
-46.042319262799566
-49.63736390347854
-44.49671955712528
-46.42779950943725
-44.97224516351677
-50.578939790960625
-46.68538017972001
-47.211603152798006
-45.84475723474241
-50.627563222192705
-47.14953787703874
-46.43388493797806
-47.091275102289764
-46.84718899152696
-47.47476700208827
-45.743029650844946
-50.6218941382417
-47.14737247965453
-46.69927387115846
-45.23864788673692
-50.59378590589671
-50.32488662190568
-46.26206284213301
-44.89491465806131
-46.89325132604931
-44.88347686893919
-50.76061213476604
-46.65145873329269
-46.47833708929808
-45.56467452128228
-48.71357450861031
-46.41845924253395
-44.970882436940876
-45.5312663775663
-44.5848917104004
-45.45947673113468
-44.55747050550386
-45.44900276287668
-49.07866423774859
-49.22625869886157
-47.850355155215006
-45.88225282446316
-48.99597653610594
-45.34693714203046
-47.131727422188966
-50.69928361262713
-47.17693262849827
-46.081542212605015
-45.92172690473725
-49.61976971555193
-46.57239284332111
-46.238549482380236
-46.96424081541844
-46.36334170804413
-49.21206449202986
-47.84650932174059
-49.42845573059032
-46.612200738903624
-44.999148940317056
-45.61770891287747
-48.4852441445654
-46.33124480413243
-44.890456279081995
-45.57619201061335
-45.838119752758054
-50.82881945175046
-46.71181998499655
-45.65385705164735
-44.6317171811956
-45.477362469439235
-44.56430224962231
-48.18565614990668
-49.56810652972188
-46.74486143012343
-45.048443771898505
-48.87432543481355
-46.783239654013535
-49.12742874297228
-47.81260547117195
-47.1206228732851
-46.30939470753824
-47.249598203805775
-48.14052994026766
-46.83251657640074
-46.66945354618739
-49.96492953982202
-47.552220870232105
-46.90692247229544
-50.23564376671778
-47.64915607496464
-47.642225782981356
-51.99824254247107
-46.40299583790444
-50.78015585035561
-46.434720390994855
-47.63235166943158
