-50.518946551031796
-51.43428792164941
-49.92981524766673
-48.73712383260089
-48.89959023888585
-48.343612895306755
-50.603384402034
-49.612438344545566
-49.85196462035258
-51.179523494011974
-49.21446990668375
-49.73949467018314
-50.93602218103886
-49.28246182951057
-48.489856829598665
-48.18710865928542
-47.45343515950771
-47.17319681923772
-48.302223275705224
-47.49740503037817
-47.80802580417918
-47.926672382159374
-48.59002533104884
-48.22536962223725
-48.7041175244128
-47.65091497350136
-48.48469537359107
-48.803171147271854
-47.6887500907247
-47.26307912490226
-48.33655526148188
-48.74658665954336
-48.90320471714821
-48.344993503151386
-48.74980978105583
-48.28640185126621
-48.1093957727428
-48.65981945571208
-48.87006259439345
-48.33233433871838
-48.744974410511595
-48.90258889281641
-48.96279226793763
-48.98578791099647
-48.99457146505179
-48.379892495409
-48.763140009925124
-48.90952753436636
-48.34740860442406
-49.98680024515551
-48.75889016479278
-48.28987024922284
-48.728754571625615
-48.89639346565401
-48.960425825336415
-49.60291799910513
-49.230294183229084
-50.9420665168318
-50.359837389766525
-51.37351362996756
-48.67053355638668
-48.25612102794237
-49.33389750494021
-47.89146952062858
-50.43068100069502
-49.54647151520678
-49.20873354492534
-48.46169513081933
-49.412419825032444
-48.539496366778216
-50.67820523030178
-50.25905134662733
-48.24484684333053
-50.56565912711372
-48.36196059426116
-47.52022265566976
-47.19870737274812
-46.45786547382469
-46.79292303747585
-45.68483566110307
-45.879617934583266
-45.954018142646724
-45.9824364933569
-45.375257348674076
-46.37940353016511
-46.76295324182127
-45.055354229049016
-45.639177422825576
-45.862178039427704
-46.56539068420743
-46.215960024444676
-46.7005233778765
-45.031508142935145
-46.24810301717863
-47.33083489735063
-47.12636768612336
-48.28433613851924
-48.726640729434344
-48.895586049783795
-48.342083431167154
-48.74869823246756
-47.66794328873574
-47.873165622489566
-46.09745161248326
-45.41918921496023
-45.77815002114732
-45.91526084848172
-46.58566651304774
-46.8417386906615
-46.939549558936754
-46.97690998614876
-45.755112422009745
-45.288427279880466
-44.49213542888177
-45.42404698426462
-47.01607350141188
-46.38810554247122
-46.76627711475169
-46.91072580178383
-46.347866301849926
-46.75090709251584
-46.28682098694769
-47.963657834576914
-47.36808453928326
-46.522561794522964
-46.199600844285634
-44.84017276083415
-46.79305339321639
-45.68488545256533
-45.8796369532295
-45.95402540712316
-45.982439268139984
-47.847394363546485
-48.55974382249946
-45.741667160202425
-45.901325635607606
-45.344275757870506
-46.3675696155037
-45.522365111140786
-45.19952571791866
-44.45817805386531
-44.793042432427164
-44.92094924341618
-44.35177130907148
-44.13436468379826
-44.0513227423233
-44.63763753192154
-46.09765783094112
-46.65533596090181
-46.86835005176432
-47.56774818314103
-47.21686050890887
-48.31890132108538
-48.739843454347266
-47.66456106445663
-48.48990771652241
-48.80516208511061
-48.92557853880941
-49.589607520067524
-48.60717604389336
-48.84995460036246
-48.32465376844412
-49.36007468246971
-49.755570278964996
-48.0525341881756
-48.020066274311695
-48.625698623509386
-48.23899560746656
-48.0912881988903
-47.41683500045444
-47.77725079122291
-47.2968833844644
-47.1133993621703
-47.043314702046494
-47.016544743969185
-47.00631952986107
-46.384379856864115
-46.14682004073127
-45.438046276579804
-45.78535277775804
-45.91801205669432
-46.58671738107483
-46.84214008653016
-46.321668889765746
-46.74090057151697
-46.28299883603526
-46.726129925338704
-46.27735695123096
-45.48790693960429
-45.186363867581896
-45.689218651891295
-45.88129208809199
-44.71858963488488
-45.51054479406243
-45.81304474730243
-45.92858944784485
-45.97272359623213
-47.22564931835133
-48.322258347571754
-48.12309173561403
-48.04701685927034
-48.017958842197004
-46.77079168982087
-46.29441622726561
-46.73049098072584
-47.51509070366182
-47.19674714150972
-47.07515072086733
-48.88280698734195
-47.71916827490883
-47.89273182613444
-47.959027203494486
-47.98434978434903
-47.3759881608027
-47.76164868680897
-46.05485593337451
-46.02095310206446
-46.00800337281888
-44.76698903889238
-44.91099773260817
-45.58403814768202
-46.459150699187795
-48.02948192738114
-48.629295082955636
-47.622335343985974
-48.47377892650207
-46.94489946927057
-48.2150214475593
-48.08213088465745
-46.79530322891326
-46.92181279083222
-47.5881691323333
-47.84269460616768
-47.93991468616974
-48.59508344109144
-49.463369625854476
-49.17699144772209
-49.68563870606168
-49.879924670462955
-48.100033339077505
-49.89231130176915
-48.10476461123036
-47.421982531921934
-47.16118298453544
-48.29763439918418
-48.113686224267205
-46.80735629611764
-46.30838266408571
-47.971893662389185
-47.98926433433195
-46.75983136310687
-46.29022975498866
-47.346925879358906
-47.75054788308805
-48.52275175865515
-46.963605426627694
-48.22216648747762
-47.46682605830538
-47.178311687438516
-47.06810900401017
-48.26208330209177
-48.10010691351525
-49.27430541595377
-49.10477534559616
-48.421986632084824
-49.3972525281581
-48.53370297488967
-50.05795836276061
-49.40410413589236
-47.91828606741669
-49.822890021357274
-48.696282030405456
-47.6479220811092
-46.62945022417225
-49.33059853515704
-48.508243415049165
-47.576097721240565
-48.45611772617232
-47.55618747977662
-47.212444713157524
-48.31721463719574
-49.97526717592949
-49.37251891309294
-47.90622158584954
-49.81828179945527
-48.076487857516696
-48.02921576184472
-47.393125439267564
-47.150160555957974
-48.91145819485605
-48.966180039860284
-47.751013947225005
-48.522929779314524
-46.96367342446888
-48.222192460341795
-47.46683597905671
-49.03241744307802
-47.77631438392765
-48.53259368620471
-48.8214666746865
-50.167874315354574
-49.44608829387744
-47.316288600028045
-48.356879472456384
-48.7543498173411
-48.90616997956692
-47.110058155109975
-48.896140440762586
-47.106227212178204
-48.27664316202172
-47.48763429638716
-47.80429371588965
-49.16131482878158
-49.06161678170519
-49.023535516334
-49.00898976729681
-49.00343378555643
-49.00131158937248
-49.000500982561
-47.764123380810744
-48.52793713737101
-46.96558606505261
-46.986855046536725
-48.84908104080725
-48.50584526559855
-47.706286109635336
-48.81124968716033
-47.69183581838263
-46.64622377923767
-48.10093748558007
-48.656588677502526
-48.250794558177624
-48.09579499703034
-49.272658410413186
-50.340214222959105
-50.12995026971424
-48.81356860868384
-48.928789545087156
-50.208868004077424
-49.46174648964533
-49.17637146485856
-49.68540189368026
-48.025732249932524
-47.39179485611732
-48.385720295919235
-46.91126406539069
-48.20217386650252
-47.45918955661708
-47.17539480334873
-48.3030628309289
-47.49772571193818
-48.42618228238543
-46.92671916896844
-47.59004320201968
-48.46144442584048
-48.79429007550178
-47.68535782316506
-46.64374940524352
-48.09999235881518
-49.27426165995191
-49.10475863229066
-47.18591227067039
-46.452978179720525
-48.02712423474087
-49.24642851325197
-49.09412731626515
-49.65398742429337
-49.86783495661496
-48.095415479301835
-48.654479458790334
-47.631954919569374
-48.47745327741758
-49.41843890143327
-47.923761460632555
-48.588913457964175
-47.60691093576019
-48.467887326816175
-48.79675104468834
-47.06826384099917
-48.262142444558854
-47.482095515177605
-48.420212078473746
-47.54247274274384
-48.44327412725756
-48.78734963902884
-47.68270681232916
-47.26077079795864
-48.33567355904656
-47.51018190168125
-48.43094012349697
-48.78263846880966
-47.68090730543222
-48.49615142498679
-47.57147899202837
-47.218285551098305
-48.93747962751623
-47.74005136520071
-48.5187424455857
-47.5801079940566
-49.07568350283378
-47.792840548195066
-47.302838141751415
-47.73370786580908
-47.280251466925925
-47.72508052371858
-47.276956115479926
-47.10578782272119
-47.658441341433544
-47.25150221282954
-46.478031308305184
-48.03669367833569
-48.63204972670187
-47.00535353552024
-47.62007885735865
-46.61881505905591
-47.47243429730887
-47.79848783287071
-46.68696122380347
-48.73453179353928
-47.0444982018148
-48.25306477815479
-48.71469613264957
-47.03692165354424
-48.250170794232844
-48.713590729154284
-47.03649942698033
-48.25000951803638
-46.85942716087913
-46.328271964601
-47.36145671042367
-46.52003018917022
-47.434701834586775
-46.54800733709032
-47.44538815418397
-47.788157125461595
-46.68301524470102
-46.260888608641466
-46.09965058122337
-47.27413111252844
-46.486674778862145
-46.185893224058
-47.307072870811645
-47.11729139962704
-47.662835316819375
-49.107282528330884
-47.18687631317369
-47.07138039994008
-47.64529887539644
-46.628448248749464
-46.240045870851944
-46.091689363806374
-47.889124186816865
-47.95764920789433
-46.747755459366324
-47.52168514770443
-47.199265994997084
-46.45807884853693
-46.17497055061369
-46.066832803304145
-46.64356184804864
-47.48188672959168
-46.566030363226595
-46.83423834883801
-47.55471867203732
-47.211883678524046
-47.08093236353483
-48.26698138958023
-48.720011805205864
-48.89305402603737
-49.57718426165613
-47.98439679268134
-47.994040105137785
-47.379689533982116
-47.76306248555846
-46.67342994519346
-46.87526133877182
-48.18842204862178
-47.453936829593744
-47.17338844015944
-47.066228490884576
-48.26136500999409
-47.48179856159789
-47.80206466354948
-48.54242941780044
-46.97112162360216
-46.988969441755934
-47.613820690415544
-46.61642465199092
-46.235453265557204
-47.94403711093038
-46.74255610098426
-48.75576714702197
-47.052609385082064
-48.25616297447391
-48.71587953833966
-47.037373674295374
-46.39624148454647
-48.00545274559372
-46.76601478598501
-46.2925916123613
-45.49372606234899
-47.04268854093535
-46.39827158295727
-46.152126207936455
-47.91220900710178
-47.34843283586908
-47.13308950050548
-48.286903643147134
-47.49155345143614
-46.56972272241139
-48.071716682047715
-46.791325357482066
-46.30225939039849
-47.96955477996308
-46.13426899449118
-46.051286192260356
-47.25565755978968
-48.33372047585859
-46.891401901536405
-48.1945871950003
-48.07432569471461
-46.79232191164374
-48.1567420064663
-48.67790410775517
-47.022868350549516
-48.24480291014306
-46.85743841362997
-48.18161429699654
-47.45133649985986
-47.172395202583054
-47.6838830966392
-48.49728807608444
-46.95387916536442
-46.36434942000883
-47.993271060911745
-47.37939578522662
-46.526882306018216
-46.201251132828034
-47.93097305871557
-46.737566077069005
-46.281725172491434
-47.961711406654985
-47.36734106997373
-48.376379780766
-47.525730294824484
-49.05491306995714
-48.40294093754713
-47.53587575393436
-47.822720313005846
-46.69621720758339
-48.73806726474389
-47.04584863164871
-46.39947863020224
-48.00668922520769
-46.76648707917114
-48.146873978555426
-48.674134856495144
-48.875530590930005
-48.95245691629488
-47.12773819170494
-48.90289361381952
-48.96290866100373
-47.13173040294198
-48.286384514071905
-46.87332117302405
-48.18768097124995
-48.68972174072578
-47.027382284677714
-48.86456106830695
-48.94826693149323
-47.126137759923054
-48.28424831452562
-46.872505217404125
-47.56933531518655
-46.59943275065573
-46.22896293678065
-48.55959201468579
-48.83177911852684
-47.08164337464503
-46.41315100540827
-48.011911607829454
-46.7684818518304
-47.52960192516154
-46.584255946154435
-48.07726787955145
-49.26558168124981
-49.10144317544809
-47.18464587884477
-48.92463041608579
-48.97121138066271
-47.13490175965265
-48.905629853294826
-47.10985184523226
-48.278027648651616
-46.87012913447291
-46.332359754767126
-47.981052096078145
-46.75669456721763
-46.28903160557474
-47.96450221575628
-49.222509030444
-49.08499088682582
-47.17836166378378
-46.450094104525526
-48.02602261604249
-46.773871777352255
-46.29559271601427
-46.11290637069055
-47.89722836230708
-46.72467674998101
-48.74893784263551
-48.90410278917564
-49.5814045136413
-49.22207676299838
-49.08482577535383
-49.65043455181299
-49.248443891335256
-49.71293111094268
-49.27231545274288
-50.34008322478576
-49.51186624411459
-49.81354949630792
-50.546816233559056
-50.20886521561936
-50.697813402048915
-50.26654100177749
-50.71984359203345
-50.89298977432286
-49.72305775343534
-50.51225146348295
-50.81369663701351
-49.69277047005778
-50.50068275065962
-50.19124379317119
-50.69108261760383
-50.263970070890416
-50.718861583817315
-50.274580691811636
-50.72291448036748
-49.65809477179101
-50.48743781250535
-49.56815068822525
-50.453082229670194
-49.55502802328553
-50.448069817686196
-50.78918142977305
-49.68340649413317
-50.497106030126254
-49.5718436187458
-50.45449280361095
-50.17360080333715
-50.6843435951504
-49.64336200461426
-50.481810396192174
-50.80206918396225
-50.924397155694585
-49.73505430562171
-50.51683373867033
-49.57937893288949
-50.45737103749793
-50.7927341796043
-50.92083150131497
-50.96976032434062
-49.7523814942071
-50.52345213578047
-49.58190693563452
-50.45833664862288
-50.79310301023412
-50.92097238207947
-50.969814136004295
-50.37043603718353
-50.75952796429618
-49.67207987820523
-49.874745659069404
-49.33412311025308
-49.12762367168985
-50.28481588231625
-50.10878998650902
-50.041554077210805
-50.01587224512339
-50.62409664690926
-50.85641769560439
-50.94515643990391
-49.74298364660755
-50.519862477418535
-49.58053580814826
-50.45781292452604
-49.55683498793006
-50.448760016763934
-50.78944506236174
-49.68350719282151
-50.497144493602576
-49.571858310486434
-50.45449841535652
-49.55556895808333
-49.212208458893464
-50.31712439609686
-49.50309675189732
-50.42823383709489
-49.54553678188757
-49.20837650856782
-50.31566072131566
-48.88450368912948
-48.955884334822684
-50.219217292838366
-49.46569956619262
-47.94181342823971
-48.5958086960263
-48.84561265983919
-47.704961305991475
-49.741407213134806
-49.28319235591316
-50.34423783210446
-49.51345316290043
-50.432189634096616
-48.92901377313974
-48.972885674072494
-48.98964324907774
-50.232112050660504
-50.70669290290377
-49.651898680551014
-50.48507111624907
-48.9492127019465
-48.980600978340334
-50.228658210574295
-49.46930567588276
-49.17925881707397
-49.06847077533916
-50.26222148644329
-50.71819368399071
-50.89235956552884
-49.722817035096035
-50.51215951725905
-50.813661516681115
-49.6927570552845
-50.50067762667218
-50.80927582473203
-49.69108187002414
-49.263969785340386
-50.3368954634968
-50.12868261640013
-50.66718637445348
-49.63680852946052
-49.24323921392808
-50.32897708982351
-50.12565806679255
-49.429963121804256
-48.54619730987032
-50.06273077405639
-49.405927034799056
-49.15505033034078
-50.29529193372307
-49.494757493328635
-49.80701453501273
-50.54432010045946
-48.97184380011596
-50.22531326613812
-49.46802802079862
-50.414838773757516
-49.54042032297415
-49.824456183914826
-50.55098221752022
-48.974388502396145
-50.2262852559179
-50.08643327660767
-50.651048562655006
-49.012610445107654
-49.00481676141786
-47.76577186164613
-47.29249882352054
-48.965826575165174
-48.98694691322508
-50.231082142009875
-49.47023153530475
-50.415680441404156
-49.54074181140793
-48.58851100406975
-50.078893167051
-50.648168497083255
-50.865612324198764
-50.94866847551303
-49.744325124840536
-50.52037487650836
-49.58073152718477
-50.45788768254574
-48.93882955420276
-50.21270294631223
-49.46321130723413
-50.41299895288996
-48.92168358518606
-50.824187757667794
-49.07874373281775
-48.412043440785446
-47.53935260078869
-47.82404835033052
-47.31475846145298
-46.502193045278524
-49.281990618132056
-47.25360886536817
-47.71490395547224
-47.89110300104855
-46.722337070173616
-47.51197618697209
-46.57752351324287
-46.22059435275653
-46.08425954502671
-47.26825225982339
-47.10246324569357
-48.2752054547571
-48.10511912982784
-46.80408395722663
-46.30713274185206
-47.97141623457922
-48.60711596188561
-46.995829684827925
-48.85250904759775
-48.94366346921543
-47.12437939379886
-47.665542689680954
-46.63618069774421
-48.09710136980135
-46.80102144541016
-45.68792897767921
-45.88079947637738
-45.954469451452944
-45.98260887798145
-46.6113911712413
-46.85156463574246
-48.17937071348588
-48.68654750471518
-47.02616983440998
-46.39196199851476
-48.62185211613388
-47.00145839488731
-46.38252306852804
-47.3821787881966
-48.38204728481164
-46.909861099988646
-48.201637981403984
-48.6950528442233
-47.029418585016224
-48.24730487707506
-46.85839407995927
-46.94591135155264
-48.21540795219844
-46.22817655004311
-46.087155686680774
-47.26935848749901
-48.95698775331604
-48.36553679494933
-46.903554654032156
-46.34512716714713
-47.36789482490903
-47.758557307579956
-46.67170912033104
-47.49263803091295
-46.57013699490803
-46.21777295381114
-47.31924984402519
-47.73997657826441
-46.66461191326826
-48.10796112779006
-46.80516950385224
-46.30754738376667
-48.58960860244734
-48.22521044607556
-46.84995475827955
-48.17875579501277
-48.68631262675876
-47.026080119013834
-48.24602969653243
-46.857907004333775
-46.3276913164689
-47.36123492257271
-46.519945473749445
-46.19860149867562
-47.92996098852711
-46.73717950065601
-46.28157751344092
-47.34362101716654
-46.513217560558914
-48.05013363075988
-46.78308136547105
-46.299110465653264
-47.968351997738424
-47.987911538812114
-46.759314641198124
-48.14413435103194
-47.437020434397894
-47.16692695216175
-48.29982839958715
-47.49649026909991
-47.18964240771258
-48.92653892028753
-47.73587238690031
-49.135180206663094
-49.66966823308896
-48.01972252635411
-49.24360131222304
-49.711081410315025
-49.889642918722025
-49.95784734585105
-48.12979715258144
-47.43154411189326
-49.01893714934802
-49.625267336150806
-48.00276289285471
-49.85515729741291
-48.708607033134335
-48.88869779073999
-50.19355431658542
-50.07393117026637
-50.0282391942137
-50.01078641237472
-48.150018076660785
-48.67533579510743
-47.63992133116171
-47.2444281983777
-48.32943124147117
-46.889763559786125
-46.3398594378872
-46.74784874262537
-46.28565280123902
-46.72714364984158
-46.89577814828573
-47.57822478376549
-49.07496418051054
-49.028633769016245
-49.62897111528809
-49.24024558809812
-49.09176564900628
-50.2711193364205
-50.103558371505315
-51.275623755595234
-50.48724491778059
-51.422178975246325
-51.77929200795839
-51.91569704862884
-50.73173116042836
-49.66146244390634
-48.63462218254075
-50.09650606996561
-48.8007940611064
-48.92391010210348
-47.73486826770425
-49.134796667258954
-50.9055897115724
-50.34590448995844
-51.36819173580272
-49.904568751200024
-48.72748052904747
-48.277872835942375
-50.57827393377924
-50.22088098789556
-51.32043700740724
-49.88632806807647
-48.72051320807229
-50.74734751113997
-51.521529325347615
-51.81724046490288
-51.312158080611134
-50.50119978818063
-50.80947527268064
-50.309192041111416
-49.50006686190371
-49.19100854459972
-50.92706073814513
-50.35410569233587
-49.5172223501126
-51.66969731300149
-50.0197336338923
-51.861639543675
-50.711083030883
-52.1257115152237
-50.19391555978852
-51.92817111914144
-50.118461842636215
-50.04524839751709
-49.39924936116517
-51.0066016522281
-49.766453629269435
-49.91079322433011
-51.20199402122068
-49.84108687308224
-48.70323260927615
-49.504678932246
-48.574736209962076
-50.0736316638899
-50.02812479295773
-51.24681069248309
-50.476239306991744
-51.417975205991944
-52.39572029973397
-52.151151704460084
-50.821666836146484
-50.31384880397937
-51.9739815420413
-51.990061833394634
-50.14210199189292
-51.290346108533825
-51.11090234495865
-52.27842890384193
-52.724384366567136
-52.27669020710958
-50.86961827726182
-52.18626659092557
-50.83507952926521
-52.173073963119734
-52.06610837134409
-50.78918317341275
-51.53750912639396
-51.823344205769125
-51.93252349091341
-50.73815828947132
-51.51801935500035
-51.81589977552973
-51.92967997158884
-51.9731401392368
-51.989740446121544
-50.76001322162805
-51.5263671962624
-51.81908836715915
-51.93089790521503
-51.97360534848596
-51.98991814024284
-50.76008109474279
-52.1444271102352
-50.81909826971313
-52.785003653903765
-52.91787870324828
-52.96863245584106
-52.369984675525004
-50.905253593234164
-51.58184408167727
-52.45831264054753
-51.55702586246555
-51.31733695558159
-51.83079893559901
-51.739245919895644
-51.90040080410535
-51.343922503670505
-51.749400695656064
-50.66821160579791
-51.491302099237444
-51.805694691914425
-51.92578197650583
-50.735583260103276
-50.280967803803996
-51.9614221175584
-51.98526456012131
-51.99437156280552
-51.997850128295255
-50.76311084458045
-51.52755038294588
-51.8195403042572
-50.695002552325924
-51.501535330220364
-50.57353546083538
-52.69120700728536
-52.26401758352091
-50.86477776577758
-50.33031571381184
-51.36223735315773
-52.374430334411244
-52.14301966132611
-51.43659466081718
-51.16676432112543
-51.681732291309004
-50.6423645753018
-51.48142941209618
-51.18388967223686
-50.45220561586451
-50.17272717535666
-51.302043887705274
-51.11537049900926
-52.28013558682229
-52.10700227270772
-52.04087123130086
-50.77954344369508
-51.53382707728417
-51.821937788157435
-51.31395229843823
-51.73795309590715
-51.89990698928322
-50.725699894442705
-52.74932864904448
-52.904252063940845
-51.10932557652837
-51.65979264314405
-52.488086341653684
-50.33233042681743
-51.36300690504829
-49.90258832207775
-51.19886002743465
-51.0759577714763
-51.02901328699425
-49.77501411200666
-51.15013101527541
-51.67537893381957
-50.02190381993362
-50.62640050348108
-49.62122971300983
-51.091390601798096
-49.79884012613478
-50.54119775410602
-50.82475313618329
-49.696993676944054
-51.738363849648444
-51.28202989450149
-51.725759822605916
-51.89524957331626
-50.10588693109318
-50.105618638795825
-51.89454717496286
-51.276410707674295
-51.105579495477166
-51.04032777875721
-49.779335863294676
-51.151781777376506
-51.67600946883485
-52.49428061787794
-52.18879839604907
-50.2180126040196
-51.9373753710093
-51.35804553150851
-51.754795212266124
-51.28830611653997
-52.34619111485357
-51.51419925052095
-49.96033865920949
-51.220918693357206
-49.84831545461245
-51.796163625479714
-51.9221414330768
-50.116158707501015
-51.898470644425814
-50.10711727077685
-49.422881167904734
-51.633662187936935
-51.242037418406284
-49.23834810103224
-50.94514283969001
-49.1249444630382
-50.90182650442417
-50.344467072734524
-51.98567668002909
-50.758461001103065
-49.05363834578031
-50.87458999123744
-51.57013162793202
-50.59973691505883
-51.46514709474425
-50.55963639167414
-48.977694102778386
-49.6095138941608
-51.0869155572038
-51.65123277745061
-51.86678277514803
-50.71304757049369
-49.65432594758316
-51.10403223850547
-50.42170279043346
-49.54304214404501
-49.825457630451474
-49.31529675855951
-50.97453461147675
-50.37223909837095
-49.52414869488619
-51.05430895253731
-49.784676196476056
-51.15382160314055
-51.05875462419569
-49.786374291946736
-49.30036825164452
-50.96883242923651
-50.98809504731511
-49.759384735209046
-49.29005915831202
-50.96489470597669
-50.98659097086816
-49.75881022912798
-49.28983971651579
-49.1107089204194
-50.278355022242195
-50.72435614630718
-49.65864543917956
-50.48764814873128
-51.42233299576417
-51.16131684981135
-49.82554957617008
-51.78746783369848
-51.30078594742557
-52.350957986078015
-51.51602003330869
-51.19710211384807
-49.83921833073572
-49.320552878359095
-50.35850828184135
-49.518903989665176
-51.052305653403856
-51.0199789817965
-49.77156331448586
-50.53077893916086
-49.58470552549694
-49.22333763732996
-50.93940935274263
-50.97685643214804
-51.60919393245138
-51.23269137645622
-49.85281221941749
-50.56181325929604
-50.83262755847063
-49.70000143861604
-49.267376757377505
-49.102128833516474
-50.893111709421596
-49.74833723107389
-50.95917230599842
-49.28583938722324
-51.58131688559541
-51.22204329206321
-49.84874501309444
-51.178293713469785
-51.68613612731492
-50.02601270222528
-50.627969956860724
-49.6218291908571
-51.709653570710145
-51.27106354377355
-49.86746908311071
-51.18544567180827
-49.83476596606441
-51.17295419263465
-51.066062623089636
-49.78916569913448
-49.301434474313794
-50.9692396900566
-50.9882506071061
-50.995512131261705
-49.762217809179226
-51.76327725127556
-51.29154596714767
-52.34742862766724
-51.51467193835426
-51.81462117614543
-51.31115760133214
-50.50081763910109
-51.42736329347093
-51.7812722413117
-51.29841944171426
-49.877918106331286
-50.5714028547794
-50.218256469257014
-51.31943453049142
-51.122013133467355
-51.664638858660545
-51.25386945376439
-49.86090152513284
-51.8009710766337
-51.30594372726848
-51.734894093921625
-51.280704565746504
-50.48918561456799
-52.65898823295704
-52.251711106803356
-53.33221306495282
-51.27279213305552
-50.48616333421373
-51.42176584708546
-51.16110021829275
-51.0615348077928
-50.405470216335765
-51.39094381871428
-50.53129326230728
-51.439003945707356
-49.93161660856511
-51.20994784623765
-50.462158952648046
-49.558495022956606
-49.21332611622177
-49.0814833257087
-49.031123860904344
-50.865990223254016
-49.71274484260803
-49.890278293319966
-49.95809003735187
-49.36595782998576
-50.993885418855086
-50.37963044907972
-49.52697193963417
-51.05538733607248
-51.021156079833375
-49.772012925927854
-49.294882697950186
-49.112635167922704
-50.897124772067606
-50.34267117078032
-49.51285475152347
-49.19589308379008
-50.92892646609646
-50.972852325749415
-49.753562533651994
-49.90586926395647
-49.34601126946752
-50.98626651069578
-50.37672028512002
-50.1438943446643
-48.81889477137308
-48.31278996945494
-50.591611091991325
-50.84400931776914
-50.3223828725662
-51.97724126617915
-50.75523895972156
-52.14257757923521
-50.200357822984486
-51.93063184471782
-50.1194017561694
-50.045607412540285
-49.39938649270155
-51.62468802056396
-50.00254161399075
-51.855072776407866
-49.47250677148338
-51.65261748179175
-50.01320971889229
-51.85914762988471
-50.71013120451215
-52.125347949901425
-52.66591264519212
-52.25435599692504
-50.86108736808321
-49.7108721185747
-51.12563095389057
-52.902088720596815
-51.10849925290029
-49.80537504935415
-51.77976185016174
-50.061774546131495
-51.259663754482425
-51.71721671731577
-51.8919863974649
-50.10464050882923
-50.65800310652258
-49.633300833238714
-48.62386540444366
-50.09239734634196
-51.27136062333212
-52.3397185124043
-49.65762497013131
-49.86922437548942
-51.18611613383674
-49.83502205977112
-51.173052011726305
-51.684133975407796
-51.26131592574719
-51.717847790583676
-51.892227446003844
-52.57686853617775
-50.98427619627971
-51.61202803016118
-49.99770592795414
-49.99912374245112
-48.76359732189944
-50.14577018949688
-49.4376452690914
-48.54913162902743
-49.44581759549067
-48.552253179944785
-49.44700992184349
-50.406810574335566
-48.91931983491353
-48.969182919154925
-48.370194933801336
-49.99550384849878
-48.76221464544531
-50.14524205408684
-49.43744353931543
-47.93102058635965
-47.97365220851343
-47.37190205043073
-48.37812192027855
-48.76246371040492
-49.527303199686116
-48.583377911153626
-48.22283053377477
-49.939215656420366
-49.358748457986536
-49.13702971753924
-50.288408672130984
-51.3462302876036
-49.89618022443013
-48.72427639693691
-48.894682955130484
-50.813874434704225
-51.5469403489822
-52.44498060099226
-50.315865498995
-50.73868387349254
-51.51822011023251
-51.1979424684551
-51.69364128388269
-51.26494739444308
-52.33726887694632
-50.8927572701462
-52.19510489974196
-50.220421474080105
-51.93829547749793
-50.12232900341411
-51.900827487743975
-52.58015345981781
-50.36749693670987
-49.52233735031181
-51.67165106922513
-50.638513891113895
-52.097992570366245
-50.80136185373515
-52.16019495708889
-50.82512105128183
-50.315168196756616
-52.592519493987595
-50.99025433020658
-52.85037945163173
-51.08874806968903
-52.26996672368506
-50.86705013511645
-52.18528564791398
-52.07077281987559
-50.17293084546312
-51.30212168276345
-49.87933223657753
-51.18997699321884
-49.8364967768293
-49.31951333726906
-50.97614520122755
-49.75482030016393
-49.288315699264224
-50.964228763878424
-50.36830261487126
-51.376747058235146
-50.52587058233439
-51.43693266626783
-50.5488594389693
-51.44571362813986
-50.5522134679505
-50.21092677571164
-51.93466882543411
-50.73897773434099
-52.13636634383855
-50.81601933092498
-51.54775962643618
-52.445293537133466
-51.55205300746442
-52.4469334627596
-51.552679403314585
-51.21110474718416
-52.316702815737685
-52.120969711279
-52.046206318099316
-50.163547276769265
-51.91657146720806
-50.11403116985533
-51.27962400860761
-51.72484085596751
-50.04079659304523
-51.86968487816777
-52.568258041458066
-50.36295329120685
-51.99273778716206
-51.99722608152945
-52.616974446176165
-51.617629279499255
-51.8539473810715
-51.32617887496536
-51.74262323257446
-50.047588856508334
-51.25424530320023
-51.097113064342466
-49.801025912327376
-50.542032650139454
-52.06114001559077
-51.40531941913308
-52.390886219308264
-52.767339238791706
-52.29309750831696
-52.72998727490907
-52.27883032766035
-52.724537696821876
-52.894782762805285
-52.95981059159398
-52.98464901197665
-52.99413644433597
-52.997760321031265
-51.763076541258044
-51.909503291492754
-51.34739934447033
-50.51466075316834
-49.57854892628479
-51.07508799193572
-51.02868106077246
-49.77488721288189
-49.29598057787321
-51.585190475737306
-50.60548888308904
-50.2312761735298
-48.852271660000575
-50.797674761471505
-52.158786613163834
-50.824583111770316
-49.078894744647314
-49.64816909967143
-51.101680531866755
-49.18473654092925
-51.54269903467047
-51.20729258558236
-51.69721271082651
-49.41220959189759
-50.393518031115946
-48.914242535200565
-50.82134552948532
-50.93176006450551
-49.73786668653142
-49.89987398383863
-51.19782324248427
-52.31162973236407
-51.50099797710815
-51.809398187710265
-51.30916259727275
-51.11808960410799
-51.045106215051234
-51.01722904104571
-51.006580908085894
-50.38447969446208
-49.528824186550445
-50.43806084268905
-49.5492903640169
-50.445878226861446
-49.55227633906764
-51.68308674534106
-50.02484794195595
-51.24555904677648
-50.47576122087369
-51.417792593344394
-51.77761655915949
-50.67898910663429
-51.49541873824316
-50.5711991305954
-51.45424663104284
-50.55547278503334
-52.06627369030686
-50.78924631963755
-51.53753324610557
-50.58728544117937
-51.46039105493233
-50.557819746117836
-51.449136160920965
-50.55352075914527
-52.06552808276454
-52.02502950039844
-50.15545845218109
-50.05937984489473
-50.640715071252984
-49.62669739136444
-50.47544508034011
-50.799637849655895
-49.687400491127775
-51.116665589977124
-51.6625962788036
-51.87112324643367
-50.714705482997616
-52.127095168808864
-50.81247805717929
-51.546406980228795
-50.590674906007315
-50.225617737793144
-51.32224628487191
-50.50505313932279
-48.95684515559668
-50.83761828246683
-50.319941714304015
-51.35827483794502
-51.75488279953103
-50.670305583148284
-50.87406793866372
-50.95189823284288
-52.2176947373647
-50.22905002425165
-49.46945533539025
-50.41538395941888
-50.776696542866404
-49.678637691680535
-50.49528450967498
-49.57114785984462
-50.45422704735867
-50.173499293481505
-49.448236844335945
-50.40727921702612
-51.39163479549232
-50.53155719195106
-51.43910475786064
-51.78575708163087
-51.91816648703196
-50.73267440196523
-51.515924696363506
-51.81509968712528
-50.075272398762664
-51.88285346416229
-52.57328799372419
-50.36487456201072
-51.99347164730755
-51.379472402412134
-51.14494555992886
-49.81929629987465
-51.78507929469467
-51.29987360670957
-49.87847354793425
-51.80768299209275
-51.30850745084422
-49.881771382940116
-49.33680669797612
-51.60078466598784
-51.2294793224876
-49.85158532397517
-50.56134462693772
-49.59638057933818
-49.22779711107683
-50.941112720142
-49.123405094349586
-48.429102562906756
-49.39997057187048
-50.38884314145458
-50.14852486374337
-50.05673144977552
-50.02166948558319
-51.24434498447384
-50.47529749033855
-52.03564945279148
-52.01361687928601
-49.533065230066974
-51.05771476591448
-51.64007906767648
-50.00842047086528
-51.857318299918944
-49.47336448514208
-51.652945099256755
-49.39530086887872
-50.387059473629094
-52.001945529508355
-52.00074312614608
-52.61831783767977
-51.618142409393435
-52.47217736800033
-51.562321717107764
-52.450855760822755
-51.55417758786071
-52.447744980259145
-51.55298937541695
-51.829257134741596
-50.698714051308045
-52.12098698543222
-51.42817892748882
-50.54551580828436
-50.208368497364255
-51.93369165005809
-51.35663847531022
-51.75425776462246
-52.52416880730705
-52.818248657298696
-52.31254317583914
-52.73741485896861
-52.2816674123168
-52.10758737798179
-52.659128710378454
-52.25176476440368
-52.71419957158249
-52.2727999615939
-52.1042003131992
-52.657834966753605
-52.25127059831172
-52.71401081693145
-52.27272786373273
-52.72220676301665
-51.657824447817426
-52.48733455793541
-52.186145237238925
-53.30716913128115
-52.49929417910472
-52.80874739478292
-52.30891401649414
-52.73602864344941
-52.2811379251042
-50.87131715436339
-52.18691550423566
-52.071395369593695
-52.02727060454543
-52.62845043279249
-52.24004670508215
-52.709723671203854
-52.27109031977952
-52.72158127688459
-52.89365351087426
-52.959379255738185
-52.36645026759041
-52.758005535782935
-52.2895323510085
-52.11059151724258
-52.660276189469144
-52.25220306241495
-52.7143669865256
-52.27286390841194
-50.868156761210436
-51.56767435271915
-52.45290028569691
-52.79102650437158
-52.302145238667926
-52.73344320038209
-51.66211638497857
-51.8709399433035
-52.56873743368182
-52.217238368992064
-52.08297767329438
-52.03169465089107
-51.394072290628934
-50.53248823224583
-50.20339240610856
-51.31375696357964
-49.88377651838067
-51.80970854656195
-50.69124715505549
-52.118134884854214
-52.04512351075726
-51.39920165866766
-52.3885494427455
-51.53037869206906
-50.58455264471177
-49.60524525331636
-51.085285081486994
-51.65060999114462
-51.86654489194687
-51.94902468469599
-50.744461184641324
-52.13846083547766
-51.43485334429187
-50.54806520864804
-49.591308292902355
-50.46192764755881
-49.55840667227429
-51.68542832426363
-52.49787830051661
-51.57213859978641
-49.98246952134285
-51.229371930491816
-51.0876122813827
-51.03346491365627
-52.248850437085906
-52.713086397601444
-51.65434077821863
-52.48600391455425
-51.56760298794433
-52.452873026778526
-51.55494811489146
-49.975903340396066
-51.84489786129632
-52.558790243492886
-51.595404891682556
-52.463492409054574
-51.55900435798138
-52.449588642389365
-52.171727580436816
-52.06559409892108
-52.64308870507632
-52.245638027558
-52.71185936634757
-52.27190608273481
-52.10385888185686
-52.65770455158565
-52.869254772900106
-52.332025778364766
-52.74485655094409
-52.284509885717625
-51.49063911745889
-52.42347544415883
-52.77978721501761
-51.679818223394214
-51.25966745516502
-52.33525211960064
-51.5100209261371
-52.43087863631046
-51.5465470052945
-49.97269440207324
-51.22563816717491
-51.08618611070158
-51.03292016492984
-52.248642361587734
-52.71300691983337
-52.27234440916248
-52.72206029640395
-52.27580249129949
-52.10534717749451
-52.65827302993393
-52.25143792355738
-52.096040740738225
-53.27275227615708
-52.48614811023321
-51.56765806579266
-51.216826087144774
-51.70085418439155
-52.503770454779776
-51.57438920244799
-49.9833291750644
-49.375598322745205
-50.9975677594209
-51.6171049555175
-52.47178109588148
-52.180204343377056
-52.06883193424968
-50.79022348187219
-52.155940477616575
-52.05956396222764
-50.16864944281666
-51.91852032122192
-51.9688775320992
-52.606146263825565
-52.2315272706276
-52.08843554805725
-50.17967740729446
-51.30469864007581
-51.73441851293298
-51.89855689872314
-51.96125218323644
-51.985199650986175
-51.376312780972185
-51.14373869193038
-51.67293728356885
-51.257039170026275
-51.098180226509974
-51.03750150950365
-51.014324302000965
-51.00547139649925
-50.384055898746894
-52.00079826599111
-52.6181504541884
-52.00030491047654
-52.236112463338785
-52.708220924577844
-52.888550310394756
-52.33939601785653
-51.51160375442493
-51.81344923416817
-52.54677793682946
-52.20885058757031
-51.461739837131574
-51.79440291257431
-51.30343491184148
-52.35196980044991
-50.28033853450866
-51.961181758075654
-52.60320673971831
-52.23040447232938
-52.08800667726984
-52.03361555948013
-52.01284000117057
-51.386870455281674
-52.38383934217424
-52.764647571241056
-52.91010337154892
-52.965662543405706
-52.986884258668205
-52.37695624384901
-52.76201846162872
-52.90909914103716
-52.96527896148275
-52.986737743411105
-52.37690028000067
-52.1439630965909
-52.054989009772044
-52.639037921475115
-52.8621247546533
-52.329302353734896
-52.125782306551386
-52.04804456591927
-52.63638537995632
-52.2430775851998
-52.092847375643075
-52.035464541729425
-50.777478272045414
-51.5330382519066
-50.585568506174596
-52.69580322161677
-50.411671214926244
-51.393312389411655
-50.53219797580892
-52.0573835042648
-50.78585057073579
-49.682134219192676
-50.49662006434202
-48.9536240075837
-48.98228594715898
-51.46536978889282
-51.177755442019695
-51.06789653716626
-49.7898661919793
-51.773837993771224
-52.531647789334365
-52.82110537423188
-52.93166833336127
-50.501763670852355
-52.04575863419537
-52.017478242983856
-50.152574128506515
-51.91238009753528
-50.11243020909974
-51.89704648476353
-51.96067525644095
-50.13087731830963
-50.66802467598774
-49.63712873215378
-51.0974634867233
-50.41919375051633
-52.01421973107538
-52.005431453959915
-50.14797266455467
-50.056520528454
-51.875690887057004
-51.952518143967126
-50.74579556734458
-52.1389705243163
-50.817014039354646
-50.930105582497525
-52.20937068563772
-52.698006474415635
-51.6485807601094
-52.483803783412334
-52.18479660137772
-52.68862000947072
-52.881063427034434
-52.95457027163258
-52.982647387863324
-53.61140588070728
-53.23353626550862
-53.089202915818575
-53.65210647069699
-53.249082507522516
-53.71317504062044
-53.890442614338816
-53.340118813646114
-52.51187983784963
-52.19552069990277
-53.310750239358484
-53.73673001817267
-53.899439815159525
-52.72552144980612
-53.513192511758625
-52.57798810796997
-52.220771812151284
-52.08432732848388
-52.65024416205026
-53.48443914641679
-53.18503928845023
-52.452644730184
-52.79092889085166
-52.302107953621075
-52.11539497001157
-52.66211094516354
-52.25290387672916
-52.714634673773816
-52.272966155842404
-52.72229778250329
-52.27589320291758
-52.10538182624944
-53.27632025333054
-52.48751095624239
-53.42228059289642
-52.54326284494708
-53.44357591944461
-53.169430924636856
-53.68275084321585
-52.642753627510906
-52.245510039316876
-50.857708512939936
-52.18171746575261
-53.305477873067794
-53.11668216470087
-52.42653463228493
-52.7809557209038
-52.916332530426466
-52.96804187037561
-52.98779308070036
-51.759269394225676
-52.52608307947646
-51.5829118667039
-52.45872049813503
-51.55718165020141
-52.44889242996897
-51.55342766220572
-51.82942454539808
-52.55287996273843
-51.59314736531741
-53.08066409946348
-51.79474296682336
-52.53963277850638
-52.20612137994589
-51.46069737258141
-52.41203871529812
-51.53935079581314
-52.4420816496411
-51.55082617561038
-52.446464854689836
-51.55250041095934
-52.44710435568797
-51.55274467860479
-52.447197657626184
-51.55278031677397
-52.44721127019551
-52.78885349381257
-51.6832812337424
-51.260990207414636
-51.7177233772514
-51.27414593558967
-51.72274841826751
-52.51213330796275
-52.195617516870854
-52.692753231399706
-52.264608188578364
-52.101071334335394
-52.65663980317771
-51.632780097697946
-51.241700489916134
-51.71035536080036
-51.889365592484936
-50.10363945040477
-51.89368871372895
-51.959392702032176
-51.36645540361769
-51.758007497570794
-50.053465122845
-50.638455848464
-51.47993641129688
-51.18331939667676
-51.0700217787334
-50.40871195077354
-50.15611407358722
-51.295698247487906
-49.25884471387692
-48.48083589414285
-50.03776493480131
-51.250492899010965
-49.241577807232005
-50.94637647768464
-49.125415670822335
-48.42987053478237
-50.01829789977445
-48.77092119829131
-48.29446569509948
-50.584611842006716
-48.98723387592109
-48.37708978575656
-50.61617143634817
-48.99928856828837
-48.99972825726683
-48.99989620351212
-50.85406231951923
-49.70818878879588
-48.65247005811851
-48.86725537430954
-48.331262076060234
-47.50849686512126
-47.81226250805344
-49.78239262528876
-50.534915367812836
-51.440387466899644
-49.31411107788651
-49.11997975550978
-50.28189616614262
-50.72570874291809
-49.04112809636196
-49.01570953491769
-50.2420684858909
-49.4744279452552
-49.18121534987471
-50.30528608186873
-49.498574918231675
-48.5724046840764
-50.07274110024723
-48.79171665041559
-50.15651081724922
-48.82371383508239
-50.168732654247634
-48.82838216141082
-50.17051579623452
-50.68316522729273
-49.02487791939399
-50.245570497138914
-50.71183357202275
-50.88993021892934
-50.95795708476527
-49.74787305786668
-50.52173006633454
-52.05338511863674
-49.548255345826206
-51.681550862591365
-49.40622729819841
-50.39123299825354
-48.91336973031254
-51.43904613643354
-51.785734690238186
-51.30012394553112
-50.49660315760527
-51.42575350478448
-51.78065735674818
-51.29818457671015
-51.73193036213217
-51.89760650968636
-50.72482118942713
-50.894891047344935
-52.19591993010746
-51.45680076547765
-51.792516355075385
-51.92074829974851
-50.73366056667036
-50.89826738901246
-50.343107611617135
-49.51302145708905
