-51.04519514484825
-53.48939896420514
-52.56889978151747
-54.07140234659697
-51.59400959697492
-53.699027431400374
-53.699027431400374
-54.503072697226195
-54.503072697226195
-52.89305742985982
-52.89305742985982
-54.813253539300405
-53.07456723304182
-53.07456723304182
-53.92070926893353
-51.12832369525679
-51.12832369525679
-51.164620208571854
-51.164620208571854
-51.14127155964608
-51.14127155964608
-51.77196416103519
-51.77196416103519
-51.056899963219905
-52.87583581824107
-52.87583581824107
-54.30812261126842
-54.30812261126842
-52.030170361493404
-52.030170361493404
-54.42080966141816
-54.42080966141816
-53.533531257183625
-53.533531257183625
-51.828106554167434
-51.828106554167434
-51.8423123829957
-51.8423123829957
-51.70381621458786
-51.70381621458786
-51.88686786088917
-51.88686786088917
-52.972409125717434
-52.972409125717434
-53.322212466941984
-53.322212466941984
-52.816330161605975
-52.816330161605975
-51.17643024792649
-51.17643024792649
-50.74599965205638
-50.74599965205638
-51.59157695248958
-51.59157695248958
-51.42808908239729
-51.42808908239729
-49.92744750176322
-49.92744750176322
-50.52382083284889
-50.52382083284889
-49.5820477653831
-49.5820477653831
-51.13576197149995
-51.13576197149995
-50.96407931469907
-50.96407931469907
-51.60431350786413
-51.60431350786413
-49.99475924264363
-49.99475924264363
-51.158761593849114
-51.158761593849114
-50.34940092562692
-50.34940092562692
-51.3695272553886
-51.3695272553886
-49.90507887428919
-49.90507887428919
-50.78452507064627
-50.78452507064627
-49.68162792321057
-49.68162792321057
-51.11446066523512
-51.11446066523512
-51.40150030300031
-51.40150030300031
-51.771393458002635
-51.771393458002635
-51.0568166987696
-51.0568166987696
-51.63973603655132
-51.63973603655132
-51.862391410884356
-51.862391410884356
-51.070093121170345
-51.070093121170345
-49.79070521240972
-49.79070521240972
-51.147390052487204
-51.147390052487204
-51.674331979196374
-51.674331979196374
-51.875605885101926
-51.875605885101926
-50.09838370985971
-50.09838370985971
-51.27364721072689
-51.27364721072689
-50.98419649998547
-50.98419649998547
-51.61199758888556
-51.61199758888556
-52.88766312112718
-52.88766312112718
-51.2196782477546
-51.2196782477546
-52.93801159030292
-52.93801159030292
-53.08112595665936
-53.08112595665936
-51.182066753778585
-51.182066753778585
-51.68757730047196
-51.68757730047196
-51.044588086189364
-51.044588086189364
-49.78096315593124
-49.78096315593124
-51.15240334785403
-51.15240334785403
-52.820609225037714
-52.820609225037714
-51.20989521615984
-51.20989521615984
-51.69820682724695
-51.69820682724695
-52.90024087949522
-52.90024087949522
-51.22151331796948
-51.22151331796948
-51.70264454725348
-51.70264454725348
-51.43427866731447
-51.43427866731447
-51.78391367907501
-51.78391367907501
-52.53549635866047
-52.53549635866047
-51.16829780955849
-51.16829780955849
-51.68231803176908
-51.68231803176908
-52.897922735476335
-52.897922735476335
-54.428733531173684
-54.428733531173684
-54.53468733420065
-54.53468733420065
-51.79372912638286
-51.79372912638286
-54.15024537261825
-54.15024537261825
-51.594920912254395
-51.594920912254395
-51.23269582508517
-51.23269582508517
-53.86706966013285
-53.86706966013285
-53.21667370228741
-53.21667370228741
-51.720278744081256
-51.720278744081256
-51.25699928558773
-51.25699928558773
-51.59573169569417
-51.59573169569417
-51.84558324832946
-51.84558324832946
-53.795120015543894
-53.795120015543894
-52.171734536864214
-52.171734536864214
-50.829528778540116
-50.829528778540116
-52.17095376500583
-52.17095376500583
-53.91940049397715
-53.91940049397715
-52.73314575067593
-52.73314575067593
-54.134138724300335
-54.134138724300335
-53.43320244472528
-53.43320244472528
-54.4015365873753
-54.4015365873753
-53.53533933990083
-53.53533933990083
-54.44054940982697
-54.44054940982697
-52.31417293458051
-52.31417293458051
-54.59213933766404
-54.59213933766404
-54.37818803257203
-54.37818803257203
-52.908386996804275
-52.908386996804275
-52.34697295784079
-52.34697295784079
-54.60466783171768
-54.60466783171768
-52.99489458231266
-52.99489458231266
-54.14515316334826
-54.14515316334826
-53.07690565112599
-53.07690565112599
-52.038727658796155
-52.038727658796155
-51.533514334270535
-51.533514334270535
-51.64014459109673
-51.64014459109673
-50.62647948733465
-50.62647948733465
-51.47536184840702
-51.47536184840702
-51.7996060578864
-51.7996060578864
-51.67896685036952
-51.67896685036952
-51.87737624835659
-51.87737624835659
-52.69031336824351
-52.69031336824351
-54.11777821003028
-54.11777821003028
-51.57285131809786
-51.57285131809786
-51.8368437217631
-51.8368437217631
-51.93767984719144
-51.93767984719144
-53.8302977860609
-53.8302977860609
-52.699111544741584
-52.699111544741584
-54.12113881441353
-54.12113881441353
-52.81020293224931
-52.81020293224931
-54.16357194858409
-54.16357194858409
-54.680512913502966
-54.680512913502966
-51.91894560852283
-51.91894560852283
-53.823141943642845
-53.823141943642845
-52.696378256156024
-52.696378256156024
-54.120094791074905
-54.120094791074905
-52.809804150819005
-52.809804150819005
-54.1634196276318
-54.1634196276318
-52.826352765826705
-52.826352765826705
-54.169740636098005
-54.169740636098005
-52.828767176217625
-52.828767176217625
-54.17066285880454
-54.17066285880454
-52.82911943394632
-52.82911943394632
-54.170797409284106
-54.170797409284106
-51.844579118685246
-51.844579118685246
-51.50518844401286
-51.50518844401286
-53.66510076988882
-53.66510076988882
-54.4901138656536
-54.4901138656536
-51.89116676181368
-51.89116676181368
-51.511985489542354
-51.511985489542354
-53.667697010258
-53.667697010258
-52.637003574981975
-52.637003574981975
-51.007245737188136
-51.007245737188136
-51.56336303755787
-51.56336303755787
-51.83321952109162
-51.83321952109162
-50.70022754821719
-50.70022754821719
-50.66446772121174
-50.66446772121174
-52.10790605132538
-52.10790605132538
-51.22079513938748
-51.22079513938748
-51.702370227445144
-51.702370227445144
-52.50434953169784
-52.50434953169784
-52.781787537496974
-52.781787537496974
-52.31407735749959
-52.31407735749959
-52.24088213987854
-52.24088213987854
-52.62501750833496
-52.62501750833496
-51.68730687445512
-51.68730687445512
-51.24617475531639
-51.24617475531639
-50.980188322758785
-50.980188322758785
-50.941381425244366
-50.941381425244366
-51.59564368556532
-51.59564368556532
-52.885277118788615
-52.885277118788615
-51.219330134704876
-51.219330134704876
-51.70181064545007
-51.70181064545007
-50.03199983539563
-50.03199983539563
-51.24829082698652
-51.24829082698652
-50.980497053454734
-50.980497053454734
-50.94142646844587
-50.94142646844587
-51.53164223371027
-51.53164223371027
-52.8759394328058
-52.8759394328058
-51.217967784680205
-51.217967784680205
-51.70129027404521
-51.70129027404521
-52.66462277082047
-52.66462277082047
-52.80517108794776
-52.80517108794776
-50.971574844813865
-50.971574844813865
-51.60717654560428
-51.60717654560428
-51.84995479199898
-51.84995479199898
-51.06827864292847
-51.06827864292847
-50.71816565224977
-50.71816565224977
-51.51038284710646
-51.51038284710646
-50.78266778635209
-50.78266778635209
-52.771088447486434
-52.771088447486434
-50.440427612357745
-50.440427612357745
-51.404296355836486
-51.404296355836486
-51.709448359952226
-51.709448359952226
-51.88901914898877
-51.88901914898877
-51.4559440670531
-51.4559440670531
-51.79218912539532
-51.79218912539532
-51.73106488312488
-51.73106488312488
-51.89727592612213
-51.89727592612213
-50.839114725852085
-50.839114725852085
-51.55658128231474
-51.55658128231474
-52.87957799096079
-52.87957799096079
-51.21849864316071
-51.21849864316071
-51.701493043941554
-51.701493043941554
-52.66465235454965
-52.66465235454965
-50.951073437906
-50.951073437906
-49.74524373873298
-49.74524373873298
-51.13875974454264
-51.13875974454264
-50.964516683891624
-50.964516683891624
-50.93909496394801
-50.93909496394801
-51.59477033506407
-51.59477033506407
-52.88514969866771
-52.88514969866771
-50.98324356685999
-50.98324356685999
-51.611633600820625
-51.611633600820625
-52.65154203848441
-52.65154203848441
-50.94916066857024
-50.94916066857024
-50.700786574006585
-50.700786574006585
-51.14237905851352
-51.14237905851352
-50.9650447346835
-50.9650447346835
-51.60468226548476
-51.60468226548476
-49.9949000955211
-49.9949000955211
-52.47018796482802
-52.47018796482802
-50.32549385521348
-50.32549385521348
-51.3603955670621
-51.3603955670621
-52.614886903355746
-52.614886903355746
-50.94381275642811
-50.94381275642811
-51.5965723714396
-51.5965723714396
-50.79524266848217
-50.79524266848217
-50.67833024043496
-50.67833024043496
-51.49516707374906
-51.49516707374906
-51.217191365807935
-51.217191365807935
-50.739891725718294
-50.739891725718294
-50.67025464671948
-50.67025464671948
-51.49208247142908
-51.49208247142908
-51.332374501252694
-51.332374501252694
-51.74498975123463
-51.74498975123463
-50.81689647236864
-50.81689647236864
-50.681489487845205
-50.681489487845205
-49.64227183263122
-49.64227183263122
-51.099427976298124
-51.099427976298124
-50.72271027874104
-50.72271027874104
-51.28578189613841
-51.28578189613841
-51.72719295970538
-51.72719295970538
-53.90446989922693
-53.90446989922693
-51.13196037988356
-51.13196037988356
-50.727456692457324
-50.727456692457324
-51.51393170867491
-51.51393170867491
-50.783185558276976
-50.783185558276976
-50.6765711317633
-50.6765711317633
-51.49449515402639
-51.49449515402639
-50.78034980317088
-50.78034980317088
-50.67615740066913
-50.67615740066913
-51.49433712281062
-51.49433712281062
-51.30734364302565
-51.30734364302565
-51.73542881415948
-51.73542881415948
-52.669603516698245
-52.669603516698245
-50.951795802728256
-50.951795802728256
-50.70117103489891
-50.70117103489891
-51.50389148090424
-51.50389148090424
-51.096964617295754
-51.096964617295754
-51.65507117685075
-51.65507117685075
-50.0141469470068
-50.0141469470068
-51.24147163041934
-51.24147163041934
-52.59753613483372
-52.59753613483372
-50.94128131341669
-50.94128131341669
-51.59560544624982
-51.59560544624982
-49.99143305908309
-49.99143305908309
-51.232795697249145
-51.232795697249145
-50.74216836699355
-50.74216836699355
-49.66544910206664
-49.66544910206664
-51.10828090545604
-51.10828090545604
-52.578103869947796
-52.578103869947796
-50.93844618417852
-50.93844618417852
-52.78939329555066
-52.78939329555066
-51.50989044466756
-51.50989044466756
-50.78259594580444
-50.78259594580444
-51.53499302933921
-51.53499302933921
-50.78625836355009
-50.78625836355009
-52.77245992593684
-52.77245992593684
-52.82090431684447
-52.82090431684447
-50.97387029197444
-50.97387029197444
-51.608053328400246
-51.608053328400246
-50.7969177175283
-50.7969177175283
-50.67857462679722
-50.67857462679722
-50.66130860255162
-50.66130860255162
-51.48866538662181
-51.48866538662181
-50.77949925156933
-50.77949925156933
-49.67970823114448
-49.67970823114448
-51.1137274081138
-51.1137274081138
-50.72479653772669
-50.72479653772669
-50.96337720043368
-50.96337720043368
-50.70286073805221
-50.70286073805221
-51.234767999710805
-51.234767999710805
-49.85360541891891
-49.85360541891891
-52.76892934960651
-52.76892934960651
-50.966287246450186
-50.966287246450186
-52.22319085149811
-52.22319085149811
-52.740767038884
-52.740767038884
-50.9621784206899
-50.9621784206899
-51.60358743096164
-51.60358743096164
-52.65036811812276
-52.65036811812276
-51.18505737339748
-51.18505737339748
-51.68871961551895
-51.68871961551895
-50.02699950690969
-50.02699950690969
-52.48244884895959
-52.48244884895959
-50.92449030469799
-50.92449030469799
-51.589191851624676
-51.589191851624676
-52.6482678314028
-52.6482678314028
-50.94868296819494
-50.94868296819494
-50.70071687846111
-50.70071687846111
-51.5037180085812
-51.5037180085812
-50.78169539951599
-50.78169539951599
-51.53464905126547
-51.53464905126547
-49.968149788030736
-49.968149788030736
-51.22390227907642
-51.22390227907642
-52.59497280101852
-52.59497280101852
-51.24060209035012
-51.24060209035012
-49.855833843249684
-49.855833843249684
-51.181001405648615
-51.181001405648615
-51.078970570121534
-51.078970570121534
-51.648198062425365
-51.648198062425365
-52.483657605904455
-52.483657605904455
-51.16073463745932
-51.16073463745932
-50.731654800060255
-50.731654800060255
-51.515535243090795
-51.515535243090795
-52.87358945454478
-52.87358945454478
-51.21762492747257
-51.21762492747257
-51.70115931424519
-51.70115931424519
-50.81050169779346
-50.81050169779346
-49.69155011186771
-49.69155011186771
-50.517303666560046
-50.517303666560046
-52.49188145280168
-52.49188145280168
-51.15202341136958
-51.15202341136958
-51.67610176480737
-51.67610176480737
-50.02217991680284
-50.02217991680284
-51.24453995185083
-51.24453995185083
-50.7438818306478
-50.7438818306478
-51.520205553193755
-51.520205553193755
-49.96263286268378
-49.96263286268378
-51.22179500110728
-51.22179500110728
-51.702752140638054
-51.702752140638054
-52.66483605428197
-52.66483605428197
-52.80520220558543
-52.80520220558543
-53.09917904937258
-53.09917904937258
-50.56574707088884
-50.56574707088884
-51.45216412954363
-51.45216412954363
-50.774173789932206
-50.774173789932206
-49.67767408580489
-49.67767408580489
-50.99519300994056
-50.99519300994056
-49.76209591568109
-49.76209591568109
-50.527596160625755
-50.527596160625755
-51.25731512994846
-51.25731512994846
-51.71631962257061
-51.71631962257061
-50.812713556969186
-50.812713556969186
-51.5464969331442
-51.5464969331442
-51.099338937772714
-51.099338937772714
-51.65597808657276
-51.65597808657276
-50.632527344445776
-50.632527344445776
-51.272624383346894
-51.272624383346894
-51.722167237026426
-51.722167237026426
-53.12994530523218
-53.12994530523218
-51.01895876452846
-51.01895876452846
-49.77117362616538
-49.77117362616538
-50.52892058073637
-50.52892058073637
-51.43809766199175
-49.931270438989195
-51.43809766199175
-49.931270438989195
-51.20981562122552
-51.20981562122552
-50.738815619086274
-50.738815619086274
-51.51827043257145
-51.51827043257145
-49.96189371237839
-49.96189371237839
-51.22151267081342
-51.22151267081342
-53.21265815062141
-53.21265815062141
-51.19219092005619
-51.19219092005619
-51.69144438788225
-51.69144438788225
-52.66318627538876
-52.66318627538876
-50.9508595398391
-50.9508595398391
-50.701034435984305
-50.701034435984305
-51.052222927638645
-51.052222927638645
-50.715823154958535
-50.715823154958535
-51.50948809275977
-51.50948809275977
-50.78253724345222
-50.78253724345222
-49.6808686407862
-49.6808686407862
-51.11417064515607
-51.11417064515607
-50.724861205139646
-50.724861205139646
-52.13097430948682
-52.05002773457092
-52.13097430948682
-52.05002773457092
-52.71550288060625
-52.71550288060625
-50.95849242967282
-50.95849242967282
-52.22021349642524
-52.22021349642524
-51.136883875046294
-51.136883875046294
-51.67031897650578
-51.67031897650578
-50.80600215315709
-50.80600215315709
-49.68983143875052
-49.68983143875052
-50.51705291553159
-50.51705291553159
-51.43356461725063
-51.43356461725063
-51.783640936220294
-51.783640936220294
-50.82253560426017
-50.82253560426017
-51.550248621370244
-51.550248621370244
-51.82821025985056
-51.82821025985056
-50.8290381809434
-50.8290381809434
-52.17076637339868
-52.17076637339868
-52.06522695050274
-52.06522695050274
-51.481652438825456
-51.481652438825456
-51.80200884961694
-51.80200884961694
-52.67931741295852
-52.67931741295852
-50.95321304109268
-50.95321304109268
-50.70137780718964
-50.70137780718964
-51.50397046089136
-51.50397046089136
-53.25386818681124
-53.25386818681124
-50.62483306370001
-50.62483306370001
-51.47473297053847
-51.47473297053847
-52.63156850570706
-52.63156850570706
-50.94624656941097
-50.94624656941097
-49.74340003902711
-49.74340003902711
-51.138055513920044
-51.138055513920044
-51.07657727760212
-51.07657727760212
-51.647283906027965
-51.647283906027965
-51.865274440481784
-51.865274440481784
-50.83444577202007
-50.83444577202007
-52.7908658781426
-52.7908658781426
-53.53815186240773
-53.53815186240773
-50.733419765331114
-50.733419765331114
-51.516209399835304
-51.516209399835304
-49.96110646792511
-49.96110646792511
-51.221211970189714
-51.221211970189714
-50.74047832399208
-50.74047832399208
-49.66480356308252
-49.66480356308252
-51.10803433150517
-51.10803433150517
-52.57806789529319
-52.57806789529319
-50.93844093554714
-50.93844093554714
-51.59452051844455
-51.59452051844455
-50.794943307164644
-50.794943307164644
-50.67828656420735
-50.67828656420735
-51.49515039091461
-51.49515039091461
-49.953062642286795
-49.953062642286795
-51.218139502195456
-51.218139502195456
-50.74003005695296
-50.74003005695296
-51.5187343065593
-51.5187343065593
-49.962070896475254
-49.962070896475254
-50.55677211712288
-50.55677211712288
-50.64353785588428
-50.64353785588428
-52.746366750315936
-52.746366750315936
-50.962995407577395
-50.962995407577395
-52.55690700147486
-52.55690700147486
-50.93535360274665
-50.93535360274665
-49.73923929599966
-49.73923929599966
-51.13646625150201
-51.13646625150201
-50.728114090266786
-50.728114090266786
-49.66008084604431
-49.66008084604431
-51.10623041411582
-51.10623041411582
-49.804508430053474
-49.804508430053474
-51.161396842294295
-51.161396842294295
-50.731751414443615
-50.731751414443615
-49.661470180251754
-49.661470180251754
-52.13094905243183
-52.13094905243183
-50.63713919802117
-50.63713919802117
-51.47943349557902
-51.47943349557902
-50.85617668214802
-50.85617668214802
-51.563098369705216
-51.563098369705216
-53.06918640446742
-53.06918640446742
-50.55429089994758
-50.55429089994758
-51.447788261625
-51.447788261625
-51.78907388492741
-51.78907388492741
-50.065331426907555
-50.065331426907555
-51.26102236204495
-51.26102236204495
-52.95380363672707
-52.95380363672707
-50.5102186043868
-50.5102186043868
-51.430954142683014
-51.430954142683014
-51.782643823662234
-51.782643823662234
-52.6764920937482
-52.6764920937482
-50.95280083257518
-50.95280083257518
-50.701317666777435
-50.701317666777435
-51.503947489298
-51.503947489298
-51.81052480111656
-51.81052480111656
-50.826457907288145
-50.826457907288145
-49.69764484156307
-49.69764484156307
-51.12057858365074
-51.12057858365074
-49.80998894313947
-49.80998894313947
-51.16349021201736
-51.16349021201736
-50.49598885547033
-50.49598885547033
-49.57141689599861
-49.57141689599861
-50.9892714997038
-50.9892714997038
-49.75983410003538
-49.75983410003538
-51.14433276665201
-51.14433276665201
-50.75068917565806
-50.75068917565806
-51.522805727614525
-51.522805727614525
-52.638582226441414
-52.638582226441414
-50.389814739639355
-50.389814739639355
-51.38496395872633
-51.38496395872633
-51.09033701363625
-51.09033701363625
-51.65253965751678
-51.65253965751678
-52.65751015172486
-52.65751015172486
-52.804133370806895
-52.804133370806895
-50.97142344392343
-50.97142344392343
-51.24048468891651
-51.24048468891651
-52.94595894364185
-52.94595894364185
-50.992115516135556
-50.992115516135556
-49.76092041764774
-49.76092041764774
-52.853934135263415
-52.853934135263415
-53.56224179301667
-53.56224179301667
-50.74262130003711
-50.74262130003711
-51.51972407334433
-51.51972407334433
-49.962448953746204
-49.962448953746204
-51.221724754143956
-51.221724754143956
-52.93879328618546
-52.93879328618546
-50.50448516066295
-50.50448516066295
-52.66483213955288
-52.66483213955288
-50.3998413142462
-50.3998413142462
-51.38879376943541
-51.38879376943541
-49.912438027810346
-49.912438027810346
-51.202622280245315
-51.202622280245315
-51.6954288129256
-51.6954288129256
-53.119732136031274
-53.119732136031274
-50.573597651418744
-50.573597651418744
-51.45516278447464
-51.45516278447464
-53.027958679504955
-53.027958679504955
-50.53854331029075
-50.53854331029075
-49.58767125136729
-49.58767125136729
-51.07857241006081
-51.07857241006081
-52.88411395631492
-52.88411395631492
-50.48359951513447
-50.48359951513447
-51.42078655533819
-51.42078655533819
-49.92465818463041
-49.92465818463041
-51.207289964802726
-51.207289964802726
-52.933279687277555
-52.933279687277555
-50.502379153280465
-50.502379153280465
-49.57385777256385
-49.57385777256385
-50.753339547592915
-50.753339547592915
-50.43614867998942
-50.43614867998942
-49.54855998285766
-49.54855998285766
-51.063633234833254
-51.063633234833254
-51.642339721642095
-51.642339721642095
-50.009283963843345
-50.009283963843345
-51.239614136137625
-51.239614136137625
-52.361197152570526
-52.361197152570526
-50.283863069392574
-50.283863069392574
-51.34449402185688
-51.34449402185688
-52.36765298492797
-52.36765298492797
-52.14043094417713
-52.14043094417713
-53.289707825103214
-53.289707825103214
-50.63852258738304
-50.63852258738304
-53.98170301000267
-53.98170301000267
-52.756943194213044
-52.756943194213044
-54.143228538886156
-54.143228538886156
-53.45859086345137
-53.45859086345137
-51.50460160652436
-51.50460160652436
-53.66487661791408
-53.66487661791408
-52.63592628096821
-52.63592628096821
-54.097004191240224
-54.097004191240224
-53.45184682201844
-53.45184682201844
-52.739685641639554
-52.739685641639554
-54.13663674036572
-54.13663674036572
-54.6702245794576
-54.6702245794576
-51.681376583315256
-51.681376583315256
-51.245309537499516
-51.245309537499516
-53.56583586055988
-53.56583586055988
-51.902214451982154
-51.902214451982154
-51.27752934831563
-51.27752934831563
-51.186389019977575
-51.186389019977575
-53.54333022550123
-53.54333022550123
-53.82556766777622
-53.82556766777622
-54.55140676657732
-54.55140676657732
-53.5181432642912
-53.5181432642912
-52.57987912716752
-52.57987912716752
-54.07559608346106
-54.07559608346106
-52.12248549993787
-52.12248549993787
-53.28285327534704
-53.28285327534704
-52.490006348603444
-52.490006348603444
-53.423233747963074
-53.423233747963074
-53.779694895285786
-53.779694895285786
-53.91585093789428
-53.91585093789428
-51.5713149522981
-51.5713149522981
-53.69035884849643
-53.69035884849643
-52.68431413357902
-52.68431413357902
-51.39163615405736
-51.39163615405736
-53.003693665876305
-53.003693665876305
-53.292334966089314
-53.292334966089314
-54.34772999844586
-54.34772999844586
-51.63432525805052
-51.63432525805052
-53.71442664365233
-53.71442664365233
-53.396029510068345
-53.396029510068345
-52.95318626068281
-52.95318626068281
-54.2181867202211
-54.2181867202211
-51.14490154543536
-51.14490154543536
-51.16703888431672
-51.16703888431672
-53.5359391313657
-53.5359391313657
-54.440778509780394
-54.440778509780394
-51.647900852897614
-51.647900852897614
-53.71961205946642
-53.71961205946642
-52.65683335925197
-52.65683335925197
-54.104989984539166
-54.104989984539166
-51.75662729631137
-51.75662729631137
-53.76114186537458
-53.76114186537458
-52.6726963335627
-52.6726963335627
-53.042416982377006
-53.042416982377006
-52.06191664432727
-52.06191664432727
-51.91886357291429
-51.91886357291429
-51.01676465814123
-51.01676465814123
-53.47853948459976
-53.47853948459976
-53.18278581815825
-53.18278581815825
-52.336424225774465
-52.336424225774465
-52.28925811078084
-52.28925811078084
-51.95203224585978
-51.95203224585978
-53.55530749773658
-53.55530749773658
-52.35718414746127
-52.35718414746127
-53.614418363550435
-53.614418363550435
-52.36047828311137
-52.36047828311137
-51.962423128966165
-51.962423128966165
-53.55682350715073
-53.55682350715073
-51.61443068964501
-51.61443068964501
-52.47075961721315
-52.47075961721315
-52.29674436556524
-52.29674436556524
-51.95312447571298
-51.95312447571298
-52.937432863174664
-52.937432863174664
-53.248714885460046
-53.248714885460046
-51.14356482766152
-51.14356482766152
-53.52697283957726
-53.52697283957726
-51.10638151608501
-51.10638151608501
-53.51277007836931
-53.51277007836931
-51.736779629576475
-51.736779629576475
-52.905868575511334
-52.905868575511334
-54.20011297275457
-54.20011297275457
-51.61278822425408
-51.61278822425408
-53.706200228758945
-53.706200228758945
-51.11636951615994
-51.11636951615994
-53.516585154918296
-53.516585154918296
-50.895849596963
-50.895849596963
-52.78317853723144
-52.78317853723144
-52.69612088650809
-52.69612088650809
-54.8999365448429
-54.8999365448429
-51.714891107393896
-51.714891107393896
-53.745200059769
-53.745200059769
-52.66660710566341
-52.66660710566341
-54.10872322347092
-54.10872322347092
-51.599454639528666
-51.599454639528666
-53.08307326383582
-53.08307326383582
-53.63606354338171
-53.63606354338171
-50.78622301139561
-50.78622301139561
-53.3904804113653
-53.3904804113653
-52.53111625645061
-52.53111625645061
-50.91300490360694
-50.91300490360694
-51.355831704436476
-51.355831704436476
-51.19781317977362
-51.19781317977362
-50.973132463978025
-50.973132463978025
-51.607771503183464
-51.607771503183464
-52.88704654353278
-52.88704654353278
-51.77468328603677
-51.77468328603677
-51.29590268474959
-51.29590268474959
-52.84154549613525
-52.84154549613525
-54.175543742693954
-54.175543742693954
-50.97742543058673
-50.97742543058673
-51.559012313458894
-51.559012313458894
-51.74285580588186
-51.74285580588186
-51.40207771020573
-51.40207771020573
-51.38308679781957
-51.38308679781957
-50.96572166680811
-50.96572166680811
-51.22720770204535
-51.22720770204535
-52.15575942931502
-52.15575942931502
-52.677528796679944
-52.677528796679944
-51.42508804049408
-51.42508804049408
-52.39843716075744
-52.39843716075744
-53.23847108582652
-53.23847108582652
-51.90183335813185
-51.90183335813185
-53.16601756747051
-53.16601756747051
-51.57155774069077
-51.57155774069077
-51.48270153996126
-51.48270153996126
-51.802409570593184
-51.802409570593184
-52.02343051651535
-52.02343051651535
-50.86775633125617
-50.86775633125617
-51.44348003167357
-51.44348003167357
-52.5525783401191
-52.5525783401191
-52.155405932968776
-52.155405932968776
-53.157336659910264
-53.157336659910264
-51.9874818352917
-51.9874818352917
-51.90800368063342
-51.90800368063342
-51.93084982789131
-51.93084982789131
-51.41255425798389
-51.41255425798389
-52.24053074255412
-52.24053074255412
-51.12526290614462
-51.12526290614462
-49.81177819511787
-49.81177819511787
-51.78220763420856
-51.78220763420856
-51.16820273493663
-51.16820273493663
-52.30031570524489
-52.30031570524489
-52.11471039204815
-52.11471039204815
-51.10690596440003
-51.10690596440003
-52.276902422300516
-52.276902422300516
-49.2420256427055
-49.2420256427055
-50.946547535614144
-50.946547535614144
-49.74351499788726
-49.74351499788726
-49.28399745804763
-49.28399745804763
-50.96257934250531
-50.96257934250531
-50.93881230964904
-50.93881230964904
-51.59466237072893
-51.59466237072893
-53.50316793563339
-53.50316793563339
-51.53461839675073
-51.53461839675073
-51.8222400452977
-51.8222400452977
-51.064235115878866
-51.064235115878866
-52.26060360849423
-52.26060360849423
-50.37284864106623
-50.37284864106623
-52.70687372611657
-52.70687372611657
-50.41589977137256
-50.41589977137256
-52.01296154300069
-52.01296154300069
-50.15084890262994
-50.15084890262994
-52.5297551086386
-52.5297551086386
-51.133018318720396
-51.133018318720396
-50.96367902115323
-50.96367902115323
-52.22219459808499
-52.22219459808499
-50.230768818102156
-50.230768818102156
-51.32421382247117
-51.32421382247117
-50.991574069212376
-50.991574069212376
-51.614815569575875
-51.614815569575875
-51.03397229271936
-51.03397229271936
-49.776908283643245
-49.776908283643245
-51.15085452446006
-51.15085452446006
-51.20234926600001
-51.20234926600001
-52.3133585195132
-52.3133585195132
-51.13588833560536
-51.13588833560536
-52.287972703026384
-52.287972703026384
-52.72802977347379
-52.72802977347379
-51.43245603371078
-51.43245603371078
-49.92911552873776
-49.92911552873776
-52.44506049625197
-52.44506049625197
-51.71172006763811
-51.71172006763811
-51.88988686411228
-51.88988686411228
-51.44471332400035
-51.44471332400035
-49.933797397018395
-49.933797397018395
-51.21078083330453
-51.21078083330453
-50.97502441913054
-50.97502441913054
-51.977321922329274
-51.977321922329274
-53.55899721180766
-53.55899721180766
-51.317624571574434
-51.317624571574434
-52.3573897681791
-52.3573897681791
-53.614448363208865
-53.614448363208865
-51.742445966185144
-51.742445966185144
-51.254219440382585
-51.254219440382585
-49.86103520812538
-49.86103520812538
-51.18298815024324
-51.18298815024324
-53.259421175102055
-53.259421175102055
-51.27391701686037
-51.27391701686037
-51.72266097909358
-51.72266097909358
-50.03996395417068
-50.03996395417068
-50.01526487216836
-50.01526487216836
-51.340244220915736
-51.340244220915736
-51.74799571666398
-51.74799571666398
-53.52553896931367
-53.52553896931367
-51.312743079781825
-51.312743079781825
-51.73749121548023
-51.73749121548023
-52.905972394495535
-52.905972394495535
-53.07645150098812
-53.07645150098812
-51.712464428627136
-51.712464428627136
-52.90232103550259
-52.90232103550259
-53.44877050123221
-53.44877050123221
-51.579989152417085
-51.579989152417085
-52.15824381987238
-52.15824381987238
-51.93291751842305
-51.93291751842305
-52.67002370017994
-52.67002370017994
-53.23273217812507
-53.23273217812507
-52.42937758476738
-52.42937758476738
-51.67640423518679
-51.67640423518679
-53.13312790168277
-53.13312790168277
-52.10959304284229
-52.10959304284229
-53.06308591214302
-53.06308591214302
-53.550493142882694
-53.550493142882694
-51.82905180766026
-51.82905180766026
-52.552737589591466
-52.552737589591466
-52.3914827851375
-52.3914827851375
-51.966946624849186
-51.966946624849186
-53.175517465055634
-53.175517465055634
-52.3360191743386
-52.3360191743386
-52.99329644683756
-52.99329644683756
-53.03429916033229
-53.03429916033229
-51.44269828130271
-51.44269828130271
-51.790431868846504
-51.790431868846504
-53.53173032047703
-53.53173032047703
-51.6142266665108
-51.6142266665108
-51.630977431449914
-51.630977431449914
-52.86797889708582
-52.86797889708582
-51.41843248192222
-51.41843248192222
-52.799150110158855
-52.799150110158855
-53.678900328492574
-53.678900328492574
-51.7460377511072
-51.7460377511072
-51.254743474740366
-51.254743474740366
-53.071608425823975
-53.071608425823975
-51.094160544548615
-51.094160544548615
-51.77766986080671
-51.77766986080671
-51.64008580849166
-51.64008580849166
-50.008423045627566
-50.008423045627566
-51.23928529464073
-51.23928529464073
-52.833285130242295
-52.833285130242295
-51.44781258330499
-51.44781258330499
-51.245674862891796
-51.245674862891796
-51.71187343619309
-51.71187343619309
-51.2842008221186
-51.2842008221186
-51.72658904316854
-51.72658904316854
-51.763137131019796
-51.763137131019796
-52.52756042347227
-52.52756042347227
-53.25730991596804
-53.25730991596804
-53.98181292080335
-53.98181292080335
-54.469482495905126
-54.469482495905126
-52.27012269678391
-52.27012269678391
-51.949240426582634
-51.949240426582634
-53.17293416554335
-53.17293416554335
-51.71784122324099
-51.71784122324099
-51.89222493750215
-51.89222493750215
-52.2175526528715
-52.2175526528715
-51.32353657179175
-51.32353657179175
-52.17407114590591
-52.17407114590591
-52.28021048373402
-52.28021048373402
-51.33267822611365
-51.33267822611365
-52.84691097531037
-52.84691097531037
-51.608658661498666
-51.608658661498666
-53.08880210193776
-53.08880210193776
-51.26812622726885
-51.26812622726885
-51.70185985877198
-51.70185985877198
-50.032018633211905
-50.032018633211905
-51.86633199586332
-51.86633199586332
-51.30673602227039
-51.30673602227039
-51.73519672368324
-51.73519672368324
-53.759739598903586
-53.759739598903586
-52.45874670174364
-52.45874670174364
-51.708828207021575
-51.708828207021575
-53.13785849541984
-53.13785849541984
-53.225846848506244
-53.225846848506244
-52.43437091186928
-52.43437091186928
-52.16591492460978
-52.16591492460978
-52.27975595309956
-52.27975595309956
-50.87078928802912
-50.87078928802912
-52.18671387723749
-52.18671387723749
-53.92542032118313
-53.92542032118313
-53.97151309756201
-53.97151309756201
-53.98911897150289
-53.98911897150289
-52.759775839446874
-52.759775839446874
-53.52627652433751
-53.52627652433751
-51.51447681136074
-51.51447681136074
-51.22095918893798
-51.22095918893798
-52.93850086629738
-52.93850086629738
-52.35847543245438
-52.35847543245438
-53.99102739731544
-53.99102739731544
-51.52443681574247
-51.52443681574247
-52.436385016161644
-52.436385016161644
-52.16668424399258
-52.16668424399258
-53.91776968206577
-53.91776968206577
-54.586624802204724
-54.586624802204724
-52.988002758298734
-52.988002758298734
-52.053977716026196
-52.053977716026196
-51.550299263668315
-51.550299263668315
-51.22618561429377
-51.22618561429377
-51.70442920564384
-51.70442920564384
-54.75525067851826
-54.75525067851826
-51.80602070028587
-51.80602070028587
-51.64166574662576
-51.64166574662576
-51.239515804507946
-51.239515804507946
-51.61009551080793
-51.61009551080793
-54.123453589175405
-54.123453589175405
-51.77081185522871
-51.77081185522871
-51.76794696750164
-51.76794696750164
-52.91041582883185
-52.91041582883185
-54.20184986896754
-54.20184986896754
-51.61304163399639
-51.61304163399639
-53.70629702266743
-53.70629702266743
-52.35244288779938
-52.35244288779938
-52.99569263433837
-52.99569263433837
-51.707963891238116
-51.707963891238116
-51.88845213239522
-51.88845213239522
-51.60086579805381
-51.60086579805381
-51.233563172234184
-51.233563172234184
-51.60976378198083
-51.60976378198083
-49.99684106210821
-49.99684106210821
-51.23486137059348
-51.23486137059348
-54.068707665922126
-54.068707665922126
-54.70966646010852
-54.70966646010852
-53.33960691864817
-53.33960691864817
-52.72331006042951
-52.72331006042951
-53.04980142560765
-53.04980142560765
-52.41746794990992
-52.41746794990992
-51.67574053398357
-51.67574053398357
-53.7302458714053
-53.7302458714053
-51.11770953389747
-51.11770953389747
-53.5170969961485
-53.5170969961485
-53.197513477048254
-53.197513477048254
-53.07544343499626
-53.07544343499626
-52.68476912757606
-52.68476912757606
-52.261558532287445
-52.261558532287445
-53.335974446786054
-53.335974446786054
-51.486712112427384
-51.486712112427384
-53.04000945046069
-53.04000945046069
-52.397248261454884
-52.397248261454884
-51.34975380775763
-51.34975380775763
-53.6057300218683
-53.6057300218683
-51.52606892042507
-51.52606892042507
-52.86213254614157
-52.86213254614157
-53.070055353313364
-53.070055353313364
-51.712107983533855
-51.712107983533855
-52.20383766055776
-52.20383766055776
-51.650679708495225
-51.650679708495225
-51.240830923821
-51.240830923821
-51.61016879989537
-51.61016879989537
-49.99699576518551
-49.99699576518551
-51.85295445066073
-51.85295445066073
-51.9438335980468
-51.9438335980468
-51.08197537614167
-51.08197537614167
-52.26737978494535
-52.26737978494535
-50.866062012444694
-50.866062012444694
-52.18490821863843
-52.18490821863843
-51.35321566677288
-51.35321566677288
-51.23187335877092
-51.23187335877092
-52.942669708214574
-52.942669708214574
-53.31787354440344
-53.31787354440344
-51.26731492358803
-51.26731492358803
-51.72013920386044
-51.72013920386044
-51.9034407701186
-51.9034407701186
-50.109015689863135
-50.109015689863135
-51.27770826572049
-51.27770826572049
-51.22085697742378
-51.22085697742378
-51.21256248624512
-51.21256248624512
-51.699225633762346
-51.699225633762346
-51.885114415041926
-51.885114415041926
-51.30947634029763
-51.30947634029763
-51.22549187704062
-51.22549187704062
-52.940232199092186
-52.940232199092186
-53.69948392786534
-53.69948392786534
-51.74718483578559
-51.74718483578559
-53.525420663387905
-53.525420663387905
-52.4275920933714
-52.4275920933714
-53.62469074441912
-53.62469074441912
-51.144732465814315
-51.144732465814315
-52.909384848915174
-52.909384848915174
-51.70315412320427
-51.70315412320427
-52.50464895323419
-52.50464895323419
-51.78183122251039
-51.78183122251039
-51.25996567183919
-51.25996567183919
-51.61123514285507
-51.61123514285507
-51.03344991550081
-51.03344991550081
-51.63081071955039
-51.63081071955039
-51.43027550529913
-51.43027550529913
-52.40041859599752
-52.40041859599752
-51.47316428230313
-51.47316428230313
-52.41680065107713
-52.41680065107713
-52.15920368217838
-52.15920368217838
-51.11339744794511
-51.11339744794511
-52.27938194837733
-52.27938194837733
-53.34278238593676
-53.34278238593676
-51.727306540153556
-52.90448647039099
-51.727306540153556
-52.90448647039099
-53.49767060589716
-53.49767060589716
-50.27423528660688
-50.27423528660688
-53.54658819784911
-53.54658819784911
-52.59074412497891
-52.59074412497891
-51.82410421275417
-51.82410421275417
-52.96891142748539
-52.96891142748539
-52.94253940323207
-52.94253940323207
-53.80322042421008
-53.80322042421008
-51.61643404904022
-51.61643404904022
-52.249134433412074
-52.249134433412074
-51.16435678565491
-51.16435678565491
-52.82235320810942
-52.82235320810942
-51.69830401609253
-51.69830401609253
-52.48384719415795
-52.48384719415795
-52.821828779430085
-52.821828779430085
-53.447057124052975
-53.447057124052975
-52.197986669815556
-52.197986669815556
-52.28154325020287
-52.28154325020287
-51.60406187206899
-51.60406187206899
-51.234029473148716
-51.234029473148716
-51.53284565165585
-51.53284565165585
-51.02201304286815
-51.02201304286815
-50.94748356967048
-50.94748356967048
-51.59797449733183
-51.59797449733183
-52.46447391107492
-52.46447391107492
-51.15793577410362
-51.15793577410362
-52.296394075167846
-52.296394075167846
-51.77526613554863
-51.77526613554863
-51.914159302202684
-51.914159302202684
-51.96721177105943
-51.96721177105943
-51.32145418311668
-51.32145418311668
-49.88671659462495
-49.88671659462495
-51.19279756700785
-51.19279756700785
-51.69167610639861
-51.69167610639861
-51.28125407141458
-51.28125407141458
-49.87136151830629
-49.87136151830629
-51.186932449753975
-51.186932449753975
-51.207612964362184
-51.207612964362184
-51.69733508463113
-51.69733508463113
-53.13618167146142
-53.13618167146142
-51.49200459309863
-51.49200459309863
-52.4239970094424
-52.4239970094424
-50.307850480229
-50.307850480229
-51.971690386244184
-51.971690386244184
-51.32210760426606
-51.32210760426606
-52.35910213429462
-52.35910213429462
-53.85076617155797
-53.85076617155797
-51.7424598887812
-51.7424598887812
-53.14276529166029
-53.14276529166029
-51.714389701398055
-51.714389701398055
-53.13866990651408
-53.13866990651408
-51.63414136663745
-51.63414136663745
-51.860254437133094
-51.860254437133094
-52.92388330715155
-52.92388330715155
-51.42658882542878
-51.42658882542878
-54.096680324598545
-54.096680324598545
-51.76931983233075
-51.76931983233075
-51.78533294494535
-51.78533294494535
-51.87851055500708
-51.87851055500708
-52.21881895562814
-52.21881895562814
-52.70161539241709
-52.70161539241709
-52.77776720852493
-52.77776720852493
-51.60809647989159
-51.60809647989159
-52.887093956995514
-52.887093956995514
-51.701911894373175
-51.701911894373175
-51.11716315801498
-51.11716315801498
-51.579399773131414
-51.579399773131414
-53.07541298651191
-53.07541298651191
-51.448696707702275
-51.448696707702275
-52.03816062800634
-52.03816062800634
-52.01457606286638
-52.01457606286638
-51.91195667516255
-51.91195667516255
-51.69535858452075
-51.69535858452075
-51.88363733366781
-51.88363733366781
-52.06239903835517
-52.06239903835517
-51.454327097972794
-51.454327097972794
-51.010557340272875
-51.010557340272875
-50.38599855640354
-50.38599855640354
-50.85469030665858
-50.85469030665858
-51.562530624788295
-51.562530624788295
-51.42647038603296
-51.42647038603296
-51.00649310077411
-51.00649310077411
-51.620514132553225
-51.620514132553225
-52.88890566810264
-52.88890566810264
-51.59055667757113
-51.59055667757113
-52.46164055604875
-52.46164055604875
-53.629658348175965
-53.629658348175965
-52.147594004934184
-52.147594004934184
-51.602972781823084
-51.602972781823084
-51.23387057702326
-51.23387057702326
-50.97839316733891
-50.97839316733891
-51.609780913062586
-51.609780913062586
-49.99684760559917
-49.99684760559917
-51.852897858734515
-51.852897858734515
-51.94381198185447
-51.94381198185447
-51.081972222381715
-51.081972222381715
-50.9562314960668
-50.9562314960668
-52.21934989663404
-52.21934989663404
-53.5943086173713
-53.5943086173713
-51.32277643621513
-51.32277643621513
-49.887221650366826
-49.887221650366826
-51.192990481135034
-51.192990481135034
-50.97242884172929
-50.97242884172929
-50.940249332219246
-50.940249332219246
-49.741109298258465
-49.741109298258465
-52.6147041981582
-52.6147041981582
-51.17985407759882
-51.17985407759882
-49.8326301671277
-49.8326301671277
-51.17213839003396
-51.17213839003396
-50.96938656263806
-50.96938656263806
-49.752238729940416
-49.752238729940416
-51.14143159343287
-51.14143159343287
-53.43704245639077
-53.43704245639077
-51.29983161255261
-51.29983161255261
-50.98801675272677
-50.98801675272677
-50.70645560028426
-50.70645560028426
-51.50591000526567
-51.50591000526567
-49.957172449263055
-49.957172449263055
-51.21970930877319
-51.21970930877319
-50.97632706614581
-50.97632706614581
-50.94081807549673
-50.94081807549673
-51.595428505109275
-51.595428505109275
-51.03114375813349
-51.03114375813349
-50.94881572307443
-50.94881572307443
-52.21651732340381
-52.21651732340381
-50.228600292137415
-50.228600292137415
-51.323385519258125
-51.323385519258125
-51.41314328606872
-51.41314328606872
-49.92173871555464
-49.92173871555464
-51.20617482684489
-51.20617482684489
-50.97435241184464
-50.97435241184464
-50.94052997731686
-50.94052997731686
-51.211467590471145
-51.211467590471145
-51.40690631366057
-51.40690631366057
-51.773458370331305
-51.773458370331305
-51.05711796541822
-51.05711796541822
-49.78574914392173
-49.78574914392173
-51.772265421346546
-51.772265421346546
-51.43815850565187
-51.43815850565187
-51.78539564544904
-51.78539564544904
-51.058859590386234
-51.058859590386234
-50.952859408503855
-50.952859408503855
-52.218061873798035
-52.218061873798035
-51.463001890476136
-51.463001890476136
-53.03095295155611
-53.03095295155611
-51.508302757618324
-51.508302757618324
-51.018432282885534
-51.018432282885534
-49.77097252807223
-49.77097252807223
-52.38465524508063
-52.38465524508063
-51.76432437642838
-51.76432437642838
-51.055785333667494
-51.055785333667494
-50.952410880493346
-50.952410880493346
-51.59985656259303
-51.59985656259303
-51.0317898030137
-51.0317898030137
-49.77607464675578
-49.77607464675578
-49.29643413725364
-49.29643413725364
-52.973947235775775
-52.973947235775775
-52.37201474081734
-52.37201474081734
-51.14444616296086
-51.14444616296086
-51.67320751345644
-51.67320751345644
-50.02107441115877
-50.02107441115877
-52.48018566376934
-52.48018566376934
-51.47760954863502
-51.47760954863502
-51.01395420404538
-51.01395420404538
-52.24139800915918
-52.24139800915918
-52.09220583468225
-52.09220583468225
-51.10362259372992
-51.10362259372992
-51.65761429755231
-51.65761429755231
-51.040216542978136
-51.040216542978136
-49.77929337500784
-49.77929337500784
-51.76979953704495
-51.76979953704495
-50.05796928112745
-50.05796928112745
-51.87624426133697
-51.87624426133697
-52.926216191062906
-52.926216191062906
-51.22530306485326
-51.22530306485326
-50.97714318415917
-50.97714318415917
-51.60930346197329
-51.60930346197329
-52.88727005330801
-52.88727005330801
-51.21962089993265
-51.21962089993265
-51.70192170788433
-51.70192170788433
-53.51881686202572
-53.51881686202572
-53.16586430379554
-53.16586430379554
-52.69796135454387
-52.69796135454387
-51.39362725676229
-51.39362725676229
-51.14614625777728
-51.14614625777728
-54.055764305398306
-54.055764305398306
-51.76703966073028
-51.76703966073028
-52.9102834545579
-52.9102834545579
-51.178430159916935
-51.178430159916935
-52.82440648574248
-52.82440648574248
-51.69841844133326
-51.69841844133326
-52.90027175357432
-52.90027175357432
-53.0756197886866
-53.0756197886866
-51.44872687973294
-51.44872687973294
-53.09991022319258
-53.09991022319258
-52.73505797466166
-52.73505797466166
-52.311473208216206
-52.311473208216206
-52.840373198646766
-52.840373198646766
-51.41440486479966
-51.41440486479966
-51.137868157747384
-51.137868157747384
-52.83083106341154
-52.83083106341154
-52.649080663530846
-52.649080663530846
-52.30668185688347
-52.30668185688347
-52.98901618990536
-52.98901618990536
-54.32463540495337
-54.32463540495337
-52.40005732231481
-52.40005732231481
-51.14092921974742
-51.14092921974742
-52.81893517230796
-52.81893517230796
-51.17648569879973
-51.17648569879973
-52.30347951591301
-52.30347951591301
-51.53072591578473
-51.53072591578473
-53.49383973257207
-53.49383973257207
-52.35375866631203
-52.35375866631203
-52.753157775466256
-52.753157775466256
-51.6078963899736
-51.6078963899736
-51.506495383797464
-51.506495383797464
-51.148548795394696
-51.148548795394696
-50.965944887163225
-50.965944887163225
-52.84109407063675
-52.84109407063675
-51.49772228481499
-51.49772228481499
-52.42618097334086
-52.42618097334086
-52.1627866464577
-52.1627866464577
-51.21299967739332
-51.21299967739332
-51.57186485894433
-51.57186485894433
-51.64573985723993
-51.64573985723993
-52.892586051734355
-52.892586051734355
-51.220396493650476
-51.220396493650476
-49.84811599207339
-49.84811599207339
-51.79608743756928
-51.79608743756928
-51.06041950183384
-51.06041950183384
-50.95308699651689
-50.95308699651689
-52.21814880468358
-52.21814880468358
-52.976099391667475
-52.976099391667475
-51.23258092573864
-51.23258092573864
-52.94293997474693
-52.94293997474693
-51.22774303200962
-51.22774303200962
-49.85092212002693
-49.85092212002693
-51.179125294320855
-51.179125294320855
-49.83235179668595
-49.83235179668595
-51.17203206198668
-51.17203206198668
-51.404708646979955
-51.404708646979955
-51.65374324614934
-51.65374324614934
-54.36588968543916
-54.36588968543916
-54.76158651817446
-54.76158651817446
-51.69810400805888
-51.69810400805888
-51.72780561556914
-51.72780561556914
-51.25208344201429
-51.25208344201429
-54.30728830977932
-54.30728830977932
-52.489260545583164
-52.489260545583164
-50.12711024159303
-50.12711024159303
-51.052986988066586
-51.052986988066586
-49.78417125098016
-49.78417125098016
-51.15362873112358
-51.15362873112358
-51.20275401729744
-51.20275401729744
-49.84137716575225
-49.84137716575225
-51.17547944620899
-51.17547944620899
-52.82397598241433
-52.82397598241433
-51.210386419441214
-51.210386419441214
-52.93446242770484
-52.93446242770484
-53.69864212956473
-53.69864212956473
-52.36517191272403
-52.36517191272403
-53.37555123642356
-53.37555123642356
-53.76299611946607
-53.76299611946607
-52.24729660679995
-52.24729660679995
-51.945910144935766
-51.945910144935766
-51.61448858474467
-51.61448858474467
-51.23555071002657
-51.23555071002657
-52.05723152414555
-52.05723152414555
-51.69010709977563
-51.69010709977563
-53.37119510018282
-53.37119510018282
-51.25712494159437
-51.25712494159437
-51.55534874438348
-51.55534874438348
-53.11546614359989
-53.11546614359989
-51.56874060639164
-51.56874060639164
-51.84691015868671
-51.84691015868671
-51.88749454941577
-51.88749454941577
-51.48289675489521
-51.48289675489521
-50.56641615856305
-50.56641615856305
-52.07045368704362
-52.07045368704362
-51.447973155661074
-51.447973155661074
-51.43096852616543
-51.43096852616543
-50.85514504535912
-50.85514504535912
-49.70860235326622
-49.70860235326622
-51.124763980689224
-51.124763980689224
-51.19854270696437
-51.19854270696437
-51.261580440718596
-51.261580440718596
-52.600469970717434
-52.600469970717434
-50.94170935430347
-50.94170935430347
-51.595768943319996
-51.595768943319996
-49.99149550940684
-49.99149550940684
-51.26926904279283
-51.26926904279283
-52.95695358847839
-52.95695358847839
-53.08388955694846
-53.08388955694846
-52.301712379184714
-52.301712379184714
-53.22435913038013
-53.22435913038013
-54.595039454725445
-54.595039454725445
-51.65119440103689
-51.65119440103689
-54.98355180269881
-54.98355180269881
-51.672845452131185
-51.672845452131185
-52.81772122224477
-52.81772122224477
-51.076273736075606
-51.076273736075606
-51.647167963481834
-51.647167963481834
-52.031956386402605
-52.031956386402605
-55.12927417144002
-55.12927417144002
-52.09737414641027
-52.09737414641027
-51.91692778407651
-51.91692778407651
-50.265880375322865
-50.265880375322865
-53.53947290333279
-53.53947290333279
-52.588026324313645
-52.588026324313645
-53.50219974950952
-53.50219974950952
-51.25991353751007
-51.25991353751007
-53.91618392250554
-53.91618392250554
-51.589938624929765
-51.589938624929765
-53.59264869415883
-53.59264869415883
-51.924698654320125
-51.924698654320125
-53.20795825468378
-53.20795825468378
-51.46803480171146
-51.46803480171146
-53.574863166044636
-53.574863166044636
-52.010749790003295
-52.010749790003295
-52.004106054409334
-52.004106054409334
-51.29239513276543
-51.29239513276543
-53.02945023977099
-53.02945023977099
-53.695675199764395
-53.695675199764395
-52.15722573377533
-52.15722573377533
-54.057380779161406
-54.057380779161406
-53.71657567535408
-53.71657567535408
-51.782579179976544
-51.782579179976544
-53.38468659486094
-53.38468659486094
-51.257412124737485
-51.257412124737485
-53.07544126792049
-53.07544126792049
-51.93774715189549
-51.93774715189549
-51.649006610176556
-51.649006610176556
-51.00451884456624
-51.00451884456624
-53.65313513303557
-53.65313513303557
-51.92494179347484
-51.92494179347484
-51.84437364077714
-51.84437364077714
-53.53234690274357
-53.53234690274357
-53.40390628763262
-53.40390628763262
-52.438916790947836
-52.438916790947836
-51.973867153029815
-51.973867153029815
-53.1765271565097
-53.1765271565097
-50.426245386264306
-50.426245386264306
-50.82612038625132
-50.82612038625132
-51.39103917124354
-51.39103917124354
-52.38543164998223
-52.38543164998223
-50.9575012979004
-50.9575012979004
-51.163174012574075
-51.163174012574075
-51.67628261009224
-51.67628261009224
-51.25831697105474
-51.25831697105474
-49.862600325572195
-49.862600325572195
-51.801619960661434
-51.801619960661434
-53.241566573573614
-53.241566573573614
-50.62013426555969
-50.62013426555969
-53.91497209940625
-53.91497209940625
-54.462195412263725
-54.462195412263725
-51.14655034842296
-51.14655034842296
-52.52795921642854
-52.52795921642854
-52.96053517335223
-52.96053517335223
-50.66479140237127
-50.66479140237127
-52.394315554161054
-52.394315554161054
-52.55443815528128
-52.55443815528128
-51.990721492942214
-51.990721492942214
-51.068366634020876
-51.068366634020876
-49.82963466997882
-49.82963466997882
-52.18400137055093
-52.18400137055093
-53.14802145993288
-53.14802145993288
-53.35577311074267
-53.35577311074267
-54.775627959679774
-54.775627959679774
-51.75142819724357
-51.75142819724357
-51.818963298201794
-51.818963298201794
-50.717505959990994
-50.717505959990994
-53.84732849501482
-53.84732849501482
-52.317729829878886
-52.317729829878886
-51.63066732634526
-51.63066732634526
-53.98055694286266
-53.98055694286266
-51.85301844181164
-51.85301844181164
-52.92282758966192
-52.92282758966192
-50.74100307608939
-50.74100307608939
-53.94092662180186
-53.94092662180186
-51.57497344527516
-51.57497344527516
-53.590465303872506
-53.590465303872506
-53.157517301094686
-53.157517301094686
-52.69674354326211
-52.69674354326211
-51.96181386063337
-51.96181386063337
-55.119040514848
-55.119040514848
-51.74685794580453
-51.74685794580453
-52.283302005914514
-52.283302005914514
-54.16594500311855
-54.16594500311855
-51.141990214322874
-51.141990214322874
-51.67226942455135
-51.67226942455135
-51.994891818491794
-51.994891818491794
-51.922701004548124
-51.922701004548124
-53.515201503632426
-53.515201503632426
-51.51286098761612
-51.51286098761612
-51.98600829077137
-51.98600829077137
-51.28975470463537
-51.28975470463537
-52.591608992503566
-52.591608992503566
-52.84400851583617
-52.84400851583617
-54.01168300292734
-54.01168300292734
-51.33964222590613
-51.33964222590613
-52.009705878918346
-52.009705878918346
-55.3620958436479
-55.3620958436479
-54.379066992866655
-54.379066992866655
-52.29163451074324
-52.29163451074324
-53.931092721689495
-53.931092721689495
-52.7388057152406
-52.7388057152406
-54.8504360874251
-54.8504360874251
-53.49824289756736
-53.49824289756736
-54.96123647908345
-54.96123647908345
-52.01233048803223
-52.01233048803223
-52.26942384445604
-52.26942384445604
-52.391100971279236
-52.391100971279236
-52.288764720362835
-52.288764720362835
-50.874230330926956
-50.874230330926956
-51.56999424991782
-51.56999424991782
-52.58973884906021
-52.58973884906021
-52.84329418460465
-52.84329418460465
-52.77551080590543
-52.77551080590543
-51.06015079171326
-51.06015079171326
-51.641009546734146
-51.641009546734146
-52.60009984123191
-52.60009984123191
-50.993149765207384
-50.993149765207384
-51.61541743189003
-51.61541743189003
-52.596366001996635
-52.596366001996635
-52.22779154302783
-52.22779154302783
-50.85094064958706
-50.85094064958706
-52.17913237198303
-52.17913237198303
-53.914678880851675
-53.914678880851675
-52.931823726478044
-52.931823726478044
-51.11985701449124
-51.11985701449124
-51.66381529449546
-51.66381529449546
-53.64221411541764
-53.64221411541764
-53.24530396403459
-53.24530396403459
-52.880927905131394
-52.880927905131394
-54.635103457982666
-54.635103457982666
-53.63214085516399
-53.63214085516399
-52.19428165371653
-52.19428165371653
-53.916889131269315
-53.916889131269315
-54.786248163917755
-54.786248163917755
-54.91308593740424
-54.91308593740424
-52.65679417613169
-52.65679417613169
-52.059881991758346
-52.059881991758346
-54.51531447360281
-54.51531447360281
-52.3422320256192
-52.3422320256192
-52.0322275546213
-52.0322275546213
-54.51127974560004
-54.51127974560004
-53.77113842992641
-53.77113842992641
-51.33452193729605
-51.33452193729605
-51.97606979612447
-51.97606979612447
-51.911554867611564
-51.911554867611564
-53.87563984908806
-53.87563984908806
-53.8844270750077
-53.8844270750077
-52.71978709333239
-52.71978709333239
-52.67130196616499
-52.67130196616499
-54.13238349066482
-54.13238349066482
-55.435722355987735
-55.435722355987735
-52.204621862168814
-52.204621862168814
-52.69619258525709
-52.69619258525709
-54.269067913583676
-54.269067913583676
-52.866706820207156
-52.866706820207156
