-54.1118850197678
-53.42470228596945
-53.16222183814055
-53.06196322845221
-53.02366784721607
-53.009040313195996
-53.00345309237193
-53.001318963919786
-53.000503799387424
-53.000192434242486
-52.38203951459013
-52.76396009827781
-52.90984078024331
-52.965562242452116
-52.98684594711304
-52.994975598886995
-52.99808084954795
-52.99926694975684
-52.99971999972257
-52.99989304941088
-52.99995914851007
-52.99998439611934
-52.99999403984794
-52.99999772342449
-52.999999130425536
-51.14589770160243
-52.29179594063143
-52.11145613154196
-52.660606442744346
-52.87036319669107
-52.950483147328875
-51.126984279045864
-52.28457165605841
-50.872628722879675
-52.18741647883031
-50.83551874736156
-52.17324172950406
-50.21207048615105
-49.46296972894909
-49.17683870069622
-51.539682328139165
-50.58810631747159
-52.0787385905253
-50.794007487854614
-52.157385839288224
-50.82404806376039
-52.168860318242615
-50.828430924717765
-49.698398467160786
-51.73890043176417
-52.51830282813173
-50.34387209763144
-51.98544941976217
-52.612476161655074
-52.85197906520306
-50.47132507895452
-52.03413212666008
-50.15893534602615
-51.91480986641795
-51.9674602644778
-51.987570927015454
-50.14115055031887
-50.05391471269105
-51.256661565254085
-50.480002005571414
-49.56531046271027
-49.83396337130929
-51.172647628717385
-51.68397951484286
-50.64322293831142
-52.09979126634107
-50.18401490571221
-51.92438940579514
-50.73505134542353
-49.66273064172555
-51.72527653475271
-50.658996996282895
-52.10581642034566
-50.18631630975451
-51.925268463917455
-52.589489081997854
-50.37106282707652
-49.52369939923171
-51.672171325618194
-52.492814577622866
-52.806272407250404
-50.45386668912877
-50.17336164888581
-51.92032022377834
-52.587599022449204
-52.84247684356928
-50.46769555325905
-51.41471178245756
-52.39447378286353
-50.29657361113344
-51.96738300553636
-50.133439450476075
-51.905071300891436
-52.58177445219823
-50.98615008945358
-52.230777782412204
-52.70618325778303
-51.0336700246872
-52.24892878252825
-52.713116322897555
-51.03631821991473
-52.249940303096324
-52.71350268937424
-52.8905677650264
-52.958200605704945
-52.98403405208845
-52.993901550560395
-52.997670599592745
-51.14500828196815
-52.29145621256139
-52.72936035571603
-52.896624854586705
-52.96051420804408
-51.13081580329586
-50.431933201843506
-52.01908576848434
-52.6253241036095
-51.00278457609448
-52.23713159092362
-52.70861019667638
-52.88869899910552
-52.95748680064019
-52.983761402815055
-52.99379740780497
-52.99763082059985
-51.14499308774491
-52.29145040888455
-52.72935813890874
-52.896624007841666
-52.96051388461626
-51.130815679757426
-52.2860351209057
-52.727289682959686
-51.04173196172368
-52.252008168461025
-52.7142925436594
-51.03676749626748
-50.39600994514305
-52.00536430541135
-50.147947016091415
-51.910612697862476
-50.11175512249644
-51.89678862462642
-52.57861075138281
-50.36690767452244
-49.52211227218449
-49.19942914203104
-51.54831110890821
-49.973368229694
-49.371793580173794
-51.61414846582696
-52.470651817307086
-50.325671031094714
-49.50636127597706
-51.665548751836056
-52.4902849795311
-52.80530618675723
-50.45349762574101
-52.02732264546537
-52.6284703106551
-52.85808828649994
-50.47365859384514
-49.56288749503547
-49.21500389126126
-49.082124178748316
-51.503504599983266
-52.428389621201475
-52.78166426362117
-50.444467214662446
-49.55173738036616
-51.68288088143562
-50.02476930894113
-51.86356300038735
-50.093783737221344
-51.88992416627625
-50.103852806607826
-51.893770208546805
-50.10532186403301
-49.42219538355222
-51.63340024162323
-50.00586938631789
-50.00224190608033
-49.3828223431732
-49.14622512343929
-49.05585302714466
-49.02133395799469
-49.00814884683941
-49.003112582523535
-49.0011889007312
-49.00045411967007
-49.00017345827901
-49.61810024391684
-51.09019525097132
-49.18034955399753
-49.06888739977117
-50.88041461156567
-49.71825446867616
-49.274348794462796
-49.72282590346212
-49.894128915923574
-49.341526855558705
-49.13045165075255
-49.049828096698946
-49.637066628094175
-49.243337798833686
-48.47491277965699
-50.65353649513686
-49.6315947395039
-48.62321373462496
-48.23804646437098
-48.70895964723787
-48.888832477342625
-48.957537784790006
-48.98378087702739
-48.99380484629218
-48.99763366184914
-48.99909613925525
-49.617688744666495
-51.09003807224403
-49.79832350581591
-51.15903441145339
-51.67877972854426
-52.49533876292927
-50.953134593993866
-51.60013299655211
-49.99316242941279
-49.37935429168627
-50.999002411895695
-49.76355097775114
-51.763786476357296
-50.05567249632118
-48.78519702385635
-48.91795256399776
-48.96866066813693
-48.988029440413015
-48.995427653102126
-48.99825351889337
-48.99933290357798
-48.99974519184056
-48.99990267194371
-48.99996282399056
-48.99998580002796
-48.99999457609332
-48.999997928252
-48.99999920866268
-48.99999969773604
-48.99999988454544
-48.99999995590028
-48.999999983155405
-48.999999993565936
-48.9999999975424
-48.99999999906128
-48.99999999964144
-48.99999999986304
-48.99999999994769
-48.99999999998002
-48.99999999999237
-48.99999999999709
-48.999999999998884
-48.999999999999574
-48.99999999999984
-48.999999999999936
-48.99999999999998
-48.99999999999999
-49
-49
-49
-49
-49
-49
-49
-49
-49
-49
-49
-49
-49
-49
-49
-49
-49
-49
-49
-49
-49
-49
-49
-49
-49
-49
-49
-49
-49
-49
-49
-49
-49
-49
-49
-49
-49
-49
-49
-49
-49
-49
-49
-49
-49
-49
-49
-49
-49
-49
-49
-49
-49
-49
-49
-50.85410196624969
-49.70820393249937
-49.270509831248425
-49.1033255612459
-49.03946685248928
-49.01507499622193
-49.0057581361765
-49.002199412307576
-49.00084010074622
-49.00032088993108
-49.00012256904703
-49.00004681721
-49.00001788258296
-49.00000683053889
-49.00000260903369
-49.00000099656219
-49.000000380652885
-50.85410211164615
-49.708203988035876
-49.27050985246148
-49.10332556934856
-49.039466855584216
-49.015074997404085
-49.005758136628046
-49.002199412480046
-49.0008401008121
-49.00032088995624
-49.000122569056636
-49.000046817213665
-49.00001788258436
-49.00000683053942
-49.0000026090339
-49.00000099656227
-49.000000380652914
-49.00000014539648
-49.00000005553651
-49.00000002121306
-49.00000000810267
-49.00000000309495
-49.000000001182165
-48.38196601170165
-48.14589803392279
-48.673762078816615
-48.25735421377716
-48.716334551264765
-47.65558146251734
-48.48647781378705
-48.8038519788438
-48.92507812274437
-48.9713823893893
-48.98906904542352
-48.99582474688127
-48.99840519522028
-48.99939083877957
-48.999767321118426
-48.9999111245757
-48.999966052608684
-48.99998703325035
-48.999995047142356
-48.99999810817672
-48.99999927738781
-48.999999723986704
-48.999999894572305
-48.999999959730204
-48.999999984618306
-48.999999994124714
-48.99999999775584
-48.99999999914281
-48.99999999967258
-48.99999999987494
-48.38196601120234
-48.76393202248197
-48.90983005624356
-48.9655581462487
-48.98684438250256
-48.99497500125897
-48.380046632524454
-48.7631988850643
-48.909550022668434
-48.965451182941
-48.368769537404674
-48.758891418022905
-48.28987072791414
-48.72875475446942
-48.89639353549413
-47.724357874513174
-48.51274806554519
-48.1958523333725
-48.69284292332222
-48.882676436594146
-47.10108442021053
-47.65664480153724
-48.48688397315109
-49.422041106665915
-49.16120535809676
-49.06157496762437
-49.023519544776335
-48.39094967795474
-48.14932948908788
-48.67507277805881
-48.87588884508855
-48.95259375720683
-48.36385843778204
-48.7570155448892
-48.28915420813565
-48.728481068267655
-48.89628899666731
-48.34235193298437
-48.7488007910357
-48.904050440122724
-48.96335052933247
-48.3679671591248
-48.75858493679183
-48.90778765125068
-48.346744028210324
-48.750478422130186
-47.05058927193055
-48.25539135991115
-48.097550819053005
-48.03726109724786
-46.77816449519078
-47.53330036582426
-49.0578045797818
-47.78601140727145
-47.918263630782455
-47.968779485075906
-47.98807482444527
-47.995444988259905
-47.99826014033444
-46.76326745524362
-48.145644191646106
-48.673665119694704
-47.02124920118832
-48.244184450119945
-48.71130414917151
-48.88972799739459
-48.95787984301225
-48.983911531642164
-48.37582076316434
-48.76158474660075
-48.908933476637905
-48.96521568331297
-48.986713573300996
-48.37689104784012
-48.76199355896926
-48.90908962906765
-48.9652753282337
-48.98673635563346
-48.994933738666674
-48.99806486036656
-47.14515887618332
-48.29151373443308
-48.72938232711592
-48.89663324691468
-48.34248342487823
-48.74885101646991
-48.286035635781595
-48.109255890874884
-48.65976602559295
-48.87004218590397
-48.332326543369064
-48.74497143295311
-48.902587755490266
-48.9627918335177
-48.98578774506282
-48.994571401670775
-48.997926459949504
-47.14510601192806
-48.29149354208436
-48.729374614325025
-48.27859631214081
-48.72444831084731
-48.89474862040112
-48.95979755035604
-48.36661004191712
-48.75806656414521
-48.90758965051851
-48.96470238741033
-48.98651751171247
-48.994850147727085
-48.998032931468785
-48.99924864667928
-48.381679019819146
-48.76382240152807
-48.90978818476505
-47.11144018651739
-47.66060035228691
-49.106428847843134
-48.422618213742695
-48.16142579338494
-48.06165916641213
-48.64158569460134
-48.8630979173919
-48.94770805757435
-48.980026255331154
-48.99237070841911
-48.99708586992618
-48.99888690135944
-48.999574834152135
-48.99983760109697
-48.99993796913878
-48.99997630631936
-47.14588898356963
-48.29179261063921
-48.72948884834801
-48.89667393440482
-48.960532954866444
-48.98492493019451
-48.99424183571708
-48.99780057695673
-48.99915989515311
-48.999679108502605
-48.3818434416048
-48.76388520506169
-48.90981217358028
-48.34751732692925
-48.132739807207464
-46.81463411719335
-48.16526451062228
-48.68115941467349
-48.26017974464829
-48.71741380802127
-48.89206167941553
-48.95877123022532
-49.60228600001031
-49.23005278105572
-49.087872343156846
-49.03356424841482
-49.01282040208762
-49.00489695784803
-49.00187047145647
-49.000714456521386
-49.00027289810769
-49.00010423780167
-49.61807380404722
-49.85411717433999
-49.94427771897275
-49.978715982578265
-51.22793820626183
-50.46903065870744
-49.5611197811106
-51.068430650874035
-49.79007020526181
-49.919813953661304
-49.3513376669722
-50.98830101350497
-50.37749739604293
-50.14419117462382
-51.291144105328314
-52.34727513011103
-50.89657931875508
-52.1965647924039
-50.83901309220693
-52.17457645046658
-52.68471625919282
-50.40743637211229
-51.391694823393735
-52.38568208681881
-50.29321548206311
-49.49396435937053
-51.04277956229816
-52.25240831627384
-50.24230943152379
-51.328621944547216
-49.88945443586816
-51.19384332930696
-49.83797358580303
-51.17417939435182
-49.83046263100273
-51.789344453655964
-50.065434774965574
-49.40695987124075
-51.00954680500637
-49.767578577528674
-48.67515493882976
-50.730022193960195
-49.66080967680113
-51.106508802692886
-49.18658077627794
-48.45323352614094
-50.645255757144454
-51.48253374529242
-49.94824351248313
-51.21629875840666
-49.84655079648715
-49.32335363105479
-49.123510096677236
-49.047176658976916
-50.872121846503205
-49.71508691428301
-51.127240862595514
-49.81253370725384
-49.31036025916601
-49.11854707024419
-50.89938291781625
-49.72549971695486
-51.13121819929801
-49.81405291468949
-51.165042511020154
-49.82697265212128
-49.315875445343686
-50.974755650159466
-49.75428953888502
-51.142214932745276
-51.67235525935081
-50.02074887905747
-49.3898913778216
-51.00302722065701
-49.76508831789974
-51.1463396992919
-49.819828813726275
-49.31314674188693
-50.9737133781842
-51.607993392665676
-49.996164833563135
-49.380501108023736
-49.145338490508074
-50.909616329750165
-49.729408532492734
-49.278609267728044
-50.96052123694108
-51.60295444309519
-49.99424012609481
-49.37976593518923
-49.1450576794729
-50.90950906947914
-49.72936756271485
-51.13269558491508
-49.81461722578072
-51.16525805867678
-51.6811569502496
-50.02411082582233
-51.24527749346709
-49.85761968832926
-49.32758157152068
-50.97922699248248
-50.37403142842697
-49.524833304048535
-51.05457044996832
-51.638878045856416
-50.00796172135125
-49.38500711819733
-51.001161599490416
-49.76437571402423
-51.14606750883197
-51.67382681247168
-51.875412928583074
-50.09831000702786
-51.27361905875019
-51.722547169222715
-50.039920482668265
-49.39721427878208
-51.00582431992766
-49.766156714751226
-51.146747790575695
-49.81998469072617
-51.16730824785251
-51.681940052831365
-50.02440994439189
-51.245391746593995
-49.857663329140415
-51.181700207076936
-51.687437292090394
-50.02650970294455
-49.39209181674326
-51.003867713534916
-49.7654093576118
-51.14646232555017
-49.81987565278902
-49.3131646328169
-49.11961824566168
-49.04569010416812
-50.87155403309239
-49.714870028859345
-51.12715801973533
-51.66660403034666
-50.018552105054965
-51.24315425106793
-51.71091064814882
-50.03547572712884
-49.3955165332377
-49.15107387258428
-50.91180705076481
-49.73024531346046
-49.27892888961657
-50.96064332163895
-49.74889910905058
-49.28605400551281
-50.963364873737525
-51.60404061569977
-49.99465500711211
-51.234026371886245
-49.85332214229693
-51.18004202125424
-51.68680392146578
-50.02626777689343
-51.24610137546418
-51.71203634949911
-50.035905706783474
-49.39568077085131
-51.005238572020126
-49.765932978959384
-51.14666233110771
-49.81995204811407
-51.16729577948417
-51.681935290338444
-50.02440812528147
-51.24539105175565
-49.857663063735785
-49.3275981394517
-50.97923332086901
-51.61010182315532
-49.99697018234726
-51.23491069013616
-49.85365992181153
-51.18017104154811
-49.83275123658312
-51.17218463445093
-49.829700700519986
-49.316917467109036
-50.97515366705681
-49.75444156781171
-49.288171036378316
-50.964173507572916
-49.75024752009075
-49.28656905269935
-50.963561604256974
-49.75001379382189
-51.14058174345839
-51.67173143655328
-51.874612566201456
-50.0980042958014
-51.27350228745242
-49.868400600306195
-51.18580147971584
-50.45293586134153
-51.40907408180855
-51.77428638408411
-51.913785070443765
-50.11296686099751
-51.27921747879845
-49.87058360914816
-51.18663531489573
-49.83522036928934
-49.31902579297229
-50.97595897587721
-49.75474916840966
-51.760424484351354
-50.054388329644816
-51.87487645958267
-50.098105094103616
-49.41943882272818
-51.6323473290805
-52.477603164513326
-52.800462164459475
-50.451647373865526
-52.026615912136684
-52.01016637379463
-52.00388320924721
-53.237551231446794
-52.47270250759339
-52.79859028008327
-52.30503434390651
-53.35258072913605
-52.51663986600185
-52.81537285761941
-52.311444718106486
-52.11896129670005
-52.04543917199366
-52.01735621928093
-52.00662948584912
-52.002532238266426
-52.00096722895016
-50.764301471084266
-51.52800516180243
-49.96561204807335
-49.36883098241762
-49.758914887929414
-51.1439816588704
-51.6730300886818
-50.63904062967519
-52.098193766593475
-52.03750668135533
-50.16022431122284
-49.44316625231319
-51.64141040071631
-50.008928994836154
-51.857512538791724
-50.09147266653944
-49.416905460826584
-51.63137967093989
-50.00509759699352
-51.85604907504026
-50.09091367312768
-51.88882789934236
-50.72146805864972
-52.12967824285647
-50.81346470367002
-52.16481783440327
-50.20885284454021
-51.31584266546705
-52.35670914061084
-52.75428475636547
-52.288111139735676
-52.11004866284156
-50.187932882539315
-51.307851951026066
-50.4995549930391
-49.57277903934132
-51.69091807998445
-50.027839245612455
-51.24670162310259
-49.85816365744563
-49.9458233379842
-51.21537433400677
-51.70029966403611
-50.649456680601766
-52.102172344018875
-51.420992373955066
-51.77883876659622
-52.533557914583504
-50.967733010904595
-52.22374308437997
-52.70349624223531
-52.26871165357606
-50.866570740993076
-51.567068546902966
-50.59856692221602
-52.08273418599479
-50.17749968076877
-51.9219008113111
-50.116066798164944
-51.89843553818332
-51.96120582763512
-51.98518194472204
-50.14023804028131
-49.43553217612189
-51.638494443083935
-50.00781519813034
-50.00298514005697
-51.85524218829027
-52.56274142481384
-50.36084613115166
-51.99193292364072
-50.142816684770914
-51.908653085671595
-50.11100661724429
-51.896502721060855
-50.106365590938694
-51.8947300067548
-50.10568847432612
-49.42233541622356
-49.16131777434457
-51.53375386180972
-51.821909822334696
-50.07787363894467
-49.41171109449933
-51.62939559955291
-52.476475704159384
-50.32789555792566
-51.36131293586728
-52.37407723842608
-50.28878282441138
-51.96440718980764
-50.132302790011956
-49.43250118022823
-49.16520075067274
-50.91720303803967
-52.204442352196175
-52.078090029798965
-52.02982773720071
-52.01139318180317
-52.0043518082088
-53.23773022032303
-53.708838852760294
-52.65271836045805
-52.24931622861387
-53.33129830288335
-52.508510702536384
-52.19423380472581
-52.07419071164105
-53.26440630769713
-52.48296023395054
-52.8025083829044
-52.30653092601277
-52.1170843951339
-50.80865428188914
-51.544946428033306
-51.82618500221077
-50.07950661234932
-52.502504778586655
-52.191939745910865
-50.21921249289625
-52.55586767652735
-50.358220592936334
-49.518794102281646
-49.1981617139086
-51.54782699444373
-49.97318331442302
-51.225824915075
-49.8501894645523
-51.79687943358149
-50.068312881192576
-49.40805920999624
-51.62800070379571
-50.003806946391315
-49.38342013537824
-51.61858941474298
-51.85431412010081
-52.56238693430934
-50.97874471657752
-50.37384721542323
-49.524762940942274
-51.67257756240318
-51.874935757517356
-50.098127743899205
-51.89158342917984
-50.104486588640725
-49.421876336742336
-51.63327837658586
-50.00582283801565
-49.3841901374611
-51.618883529367224
-52.472460450640575
-52.7984978225545
-52.30499902827304
-50.88043128476482
-52.19039679227111
-50.21862313704892
-51.937608573875245
-51.97616859582692
-50.136795247355835
-51.28831911249027
-51.72816209011497
-50.04206519160496
-51.25213545094961
-49.86023919499418
-49.32858213403293
-49.125507207104604
-49.047939487280885
-49.01831125473805
-50.86109624318296
-49.71087550856115
-49.27153028250049
-49.103715338940326
-50.89371770057017
-51.577437762770195
-49.98449362149073
-49.37604310170198
-51.6157716386148
-49.99913585914285
-49.38163593881374
-50.99987392354806
-49.76388386558075
-51.145879639443876
-51.67375505275088
-50.02128355255907
-51.24419757117601
-51.71130916096896
-50.03562794548118
-51.24967664172427
-49.85930001344195
-51.800359353601166
-51.30571006986175
-51.73480484473398
-50.6626364868404
-49.635070627037315
-48.624541405521654
-50.71068954452722
-49.65342526181032
-48.631552252153845
-48.241231494651224
-50.564278186799406
-51.451603065747
-49.93642904419191
-51.21178603307842
-49.84482708879366
-51.17679719955223
-49.83146254361336
-49.31759043128786
-51.5934447052498
-49.99060772946197
-51.2324804493858
-52.32486760744531
-52.12408838420025
-52.665431533905334
-50.400070262516174
-51.38888121989287
-51.76657339716245
-50.05673700534479
-51.25773958512162
-50.480413772520265
-49.56546774368929
-51.688125413547176
-51.88087450820234
-50.100396144810155
-51.27441589247781
-49.868749566373594
-49.33183280664298
-50.98085081980503
-52.228753641522005
-52.70541010476099
-53.50551066151087
-52.57505390227181
-52.21965104530457
-51.32384272312177
-50.22979726739222
-51.74173090197309
-51.9013499827975
-50.10821708016972
-51.89543721271124
-50.105958602964435
-52.512608539931534
-53.431867016830175
-50.692822566809525
-51.50070264984809
-51.80928538273473
-50.07305153210641
-51.263971179834186
-51.71886200739614
-50.038512876104555
-51.25077858716722
-51.71382288539709
-51.89069006902406
-50.10414535542541
-50.03977998600207
-51.251262580080585
-50.477939776739895
-48.94648877263931
-50.833662496177624
-49.082362760893986
-49.03145977525422
-48.39398257611879
-50.622623908101716
-49.00175319318677
-50.85477162645819
-49.09042573118821
-49.034539555856334
-50.24926091388058
-50.713243185785416
-50.89046864347567
-51.576196733391484
-51.83812155669878
-51.93816793670486
-49.50424629841621
-51.04670691354335
-49.78177247596417
-51.15271248059884
-49.20422901083276
-50.93211050689903
-51.592102509864326
-51.84419702269395
-51.94048855821752
-51.35923466320871
-52.37328340890839
-52.760615563516474
-52.29052929289114
-52.729006303906836
-50.42435366382979
-52.01619064258212
-50.15208230891698
-51.29415825041851
-49.876290476088876
-49.33471317784812
-50.363917034955286
-51.99310590451752
-50.143264723597696
-49.43668826627557
-48.548766086479105
-50.681745948161335
-51.496471758004894
-49.335533370853774
-51.6002982983059
-51.84732753531402
-50.087582341386494
-51.26952145509513
-51.720982023898905
-51.893424616601585
-50.10518985965617
-51.276246928616615
-49.869448959943995
-51.80423590621494
-51.92522476995093
-50.11733643738816
-51.89892049721314
-52.57942505425125
-50.367218710541046
-50.758299054871664
-50.907678454073945
-52.818838273599866
-50.45866642297618
-51.41126296157835
-51.77512246175888
-51.9141044236983
-51.96719080933601
-52.605501993059626
-50.37717921484329
-51.380137617719924
-49.909131672066806
-50.58332537598029
-49.60477647837426
-51.085106025392186
-49.796439631552616
-48.68617888051576
-50.73423296499425
-49.044384059467404
-48.39891921340796
-48.15237358075647
-48.67623551761134
-48.258298983327656
-50.5707973873712
-48.98195722378637
-50.847210238987486
-51.559673493176085
-51.831810240540776
-50.08165526219656
-49.413155546048905
-51.01191334219985
-49.15044852555105
-50.91156818945288
-49.11212008780801
-49.04282606272103
-49.0163581003551
-50.86035020459395
-51.56469251342675
-49.97962536943662
-49.374183594883114
-51.61506137021231
-49.99886456075423
-49.38153231205038
-49.14573237539692
-49.055664814140364
-50.875364033273854
-51.570427285681205
-49.98181585752008
-51.84715624187863
-50.08751691311622
-51.88753045246961
-50.10293848929303
-50.65735299290927
-49.015018523185084
-49.00573656539587
-51.474327128002116
-49.9451088636109
-51.83313541783016
-50.082161434879986
-51.267450853059486
-49.24805516929889
-49.09474864358707
-50.890292727711994
-51.576129539548916
-49.983993924685066
-49.37585223450629
-50.99766474508349
-49.1450060457446
-50.9094893471499
-51.5834619957051
-49.986794673715714
-51.23102399169173
-52.32431129010936
-50.26977392363676
-48.86697649205104
-50.80329150751592
-49.07076207549715
-49.02702870772543
-50.864426013928814
-49.71214736781132
-51.74415204450473
-50.04817281070329
-50.63643436510494
-52.09719826211131
-50.18302446622941
-49.45187513657693
-50.40866892100118
-49.53806364892681
-51.05962399202893
-51.0227743384101
-51.008699023201366
-52.23939070869379
-52.091439114130104
-51.41689264494662
-49.92317084320998
-51.824755839682894
-52.55109667583869
-51.592466210333406
-49.990233977661724
-50.61430370015157
-50.234643134043075
-50.08962570197766
-51.27030194938969
-51.721280146191404
-50.039436522934835
-51.25113138886278
-51.71395764365351
-51.89074154209775
-51.95826698263974
-51.98405940582147
-53.22997921232446
-50.615708287402434
-51.47124761613253
-53.03410253849495
-52.394992021852524
-50.914805549562836
-52.20352659308566
-52.69577422969415
-52.883796095996786
-52.9556140582962
-52.365012090141924
-52.75745620087947
-52.28932252374659
-52.1105113703603
-52.04221158733431
-52.01612339164262
-50.77009061009377
-52.76628439363826
-52.29269459332121
-52.11179938632537
-52.04270356565491
-52.01631131063937
-52.00623036626318
-52.00237978815017
-52.00090899818734
-50.76427922891206
-51.52799666604864
-51.81971076923384
-53.167203619152694
-53.68190008822423
-53.87849664552
-53.95358984833577
-53.364238910737406
-54.37519486137624
-54.14331168464142
-52.818672215048224
-52.31270496050326
-52.737476655211445
-52.28169101638118
-52.107596393932106
-52.04109816541514
-52.015698102313316
-53.242064119024604
-52.474426277260704
-52.7992487015074
-52.9233198272615
-53.588744769027
-52.60684650231971
-53.46786271543193
-53.79674164397607
-52.686294238996496
-52.26214107301342
-52.100128980043756
-52.03824586711786
-52.01460862130981
-52.00557999681157
-52.6201653578748
-52.85491607681283
-52.326548883813786
-52.12473057462853
-52.047642840071795
-53.25426592308664
-52.47908695168834
-52.182994931978364
-52.06989784424676
-52.64473258951181
-52.24626593553878
-51.47603122835463
-51.181827749525105
-51.68748600897058
-51.88063027738664
-51.95440482318934
-51.98258419218139
-52.611381742104726
-52.233527045382885
-51.47116540529403
-51.1799691704992
-49.83267412870378
-50.55412119311193
-50.21165546188212
-49.46281120378452
-50.412846126971225
-49.539659199629355
-50.44219944941664
-49.550871171120775
-49.21041406394568
-50.31643899821604
-50.73890293070246
-50.28223580514143
-49.48977049597194
-50.42314366027418
-49.5435925073508
-50.44370183927802
-52.023580987983046
-50.15490516967154
-50.67720249853135
-49.64063434842273
-49.24470054673684
-50.32953526928758
-48.88980329487622
-48.95790860409097
-47.747854539896885
-50.37582495934917
-49.52551837190094
-50.43679813385344
-51.40291001840928
-49.299795966374816
-50.96861383571474
-49.75194357451973
-51.14131885409413
-51.67201298776266
-51.874720109193866
-50.09804537356925
-49.419416011513874
-51.01430462722207
-49.15136191515275
-50.29388308448586
-49.49421936080505
-51.042876964178966
-52.25244552048174
-49.62428965351679
-49.856491417568414
-48.70911662168866
-48.27085844749757
-50.57559467580362
-51.4559255799133
-49.32004610893669
-49.12224673564666
-50.90079606425299
-51.5801414571123
-49.36749235208433
-49.14036958789057
-48.435582422837484
-48.16637768062189
-50.535686574027764
-48.96854608646183
-48.98798567410762
-50.84951290211071
-51.56055303222452
-49.360010239563266
-50.99161364146486
-49.76072871858163
-49.90860650302992
-48.72902281300835
-48.27846193599513
-48.72439698372694
-50.74883098143537
-49.66799399432947
-48.63711701280316
-50.715492999079586
-51.50936198443559
-51.1945589654773
-49.220212945746624
-51.556249815512054
-51.830502512039644
-49.46312176560729
-51.6490327285317
-50.01184046498824
-50.622556643932796
-51.47386345556005
-49.32689776774778
-49.124863836433185
-50.901795707801455
-49.1083873319716
-49.041400276863236
-48.39777950986821
-50.62407420774096
-51.474443113354674
-49.32711917732348
-50.97905037361535
-52.228065932272465
-50.23301146820246
-49.47096847233493
-51.03399591505201
-51.631019272821106
-50.00495993716163
-51.23796250491347
-49.2367916225792
-48.47241236282412
-50.652581420892744
-52.10336588860401
-49.56734630116982
-51.68884295865492
-49.40901263104546
-51.010330889481025
-51.62198003739763
-51.855609222711855
-49.47271167573837
-51.034661759502825
-49.15913764777052
-49.06078517255863
-50.87731983615505
-49.099038380906954
-50.27389727281549
-51.340687426289406
-49.89406303980304
-49.9595356818696
-48.74847602830599
-48.28589240304836
-50.581337135838666
-49.60401703821796
-51.0848159450649
-49.17829484197716
-49.068102569616485
-50.88011483312198
-51.572241929749445
-49.98250898987667
-51.229387006130246
-49.23351607351449
-48.47116121441322
-48.79800155847507
-48.922843461011986
-50.82463079081057
-49.69694694517004
-51.12031201094923
-51.66398908767765
-50.63558727458393
-49.00670475857436
-50.85666295613873
-49.091148154842244
-50.888917463387585
-49.103468280320925
-50.893623332574776
-49.72329975115372
-51.74841187588596
-51.903901887754266
-50.10919182112715
-51.89580953062676
-49.48806682700365
-51.65856089413366
-50.63351388914764
-51.47804875080906
-51.800632363279526
-50.68778036152973
-51.49877669880946
-49.954447768648954
-49.9826005958873
-51.84745598526263
-49.46959741615111
-50.41543822944038
-50.158683283420146
-49.44257763207017
-51.02315157904005
-49.154741150050384
-50.913207826110686
-51.584882328281665
-49.36930320373474
-48.52302728292255
-50.67191460003249
-49.020580562175326
-50.86196304149308
-51.56530856230391
-49.36182669041907
-50.99230746395288
-49.14295974644
-48.43657177536712
-48.166755579661356
-49.29976294111674
-48.49646526618907
-48.18963285745046
-50.54456926116189
-48.971938971035634
-50.84338360694459
-49.704109883548455
-48.650912054950886
-48.2486262813042
-50.56710274396129
-49.59857998432999
-48.61060322027878
-47.61519568775646
-47.853017831740495
-48.56189179621492
-48.21462356815437
-48.08197890824819
-48.649347145340094
-48.2480285390222
-47.47670448297661
-47.182084909907616
-47.68758423549614
-48.4987017853307
-48.190487131746075
-47.45472562115763
-48.4097577092266
-48.77454750652216
-48.91388481033988
-48.96710692449748
-48.987435963152556
-48.37716697621029
-48.14406496547831
-48.673061908974525
-48.875120761445274
-48.334266386611404
-48.127678398388944
-48.66680279730532
-48.872729993527024
-48.33335319452585
-48.745363578800415
-48.284703553125496
-48.72678106932597
-48.895639654852424
-48.9601378952313
-48.984774030841464
-48.994184197293094
-48.997778561037826
-48.999151485820384
-48.99967589642333
-48.99987620344959
-48.99995271392543
-48.99998193832671
-48.9999931010547
-50.23606534233717
-51.32623691470671
-49.88854343553327
-48.72135940314321
-50.74767072889595
-51.52165278354463
-49.96318565548827
-51.22200614916986
-49.84873082577162
-49.32418632814499
-50.977930124913044
-49.13746809159456
-51.52464409362012
-49.34629424551632
-50.98637459792842
-49.140693593269354
-50.907842136879225
-49.11069686236874
-50.89638440522658
-51.57845635331098
-49.36684869970679
-48.522089745809396
-50.671556492720974
-49.020443777353954
-50.86191079434046
-50.32922062816763
-51.36181906766223
-49.28410061981949
-50.96261874679582
-49.13161966556839
-49.05027423865923
-50.87330501665898
-51.569640811317726
-51.8356174172942
-49.46507548556529
-49.17764302815158
-51.53998955388903
-49.35215568976603
-50.988613470408644
-49.75958275521022
-48.672100806472116
-50.72885561920571
-49.660364084895335
-49.252236635480294
-49.096345821545555
-50.890902795406056
-49.72226059842293
-49.27587899986272
-49.10537640116523
-49.04025020363297
-50.86947617598337
-49.714076358067466
-49.27275289821903
-49.10418233658963
-49.03979411154986
-48.39716600931005
-48.76973790513018
-48.91204770608048
-50.820507179360945
-51.54947383200236
-49.973812350396464
-49.37196321918703
-49.76011129591451
-51.1444386460563
-50.4371366647546
-50.16697134820749
-51.29984535736766
-50.49649674639569
-50.18964488181942
-51.92653986531224
-50.11783875911774
-49.42697641204097
-51.01719244325486
-49.77049895147391
-51.14840637741656
-49.82061821452609
-49.313448266161714
-50.97382855020874
-51.608037384464495
-52.46831759193464
-50.324779436339846
-51.36012268333458
-51.75558861366389
-50.0525411914074
-49.40203496055832
-51.00766565651724
-51.620962008993395
-50.00111840421327
-49.382393203646416
-51.61819716172555
-50.00006232653065
-51.2360917841161
-49.854111059567956
-49.326241394587775
-49.12461312419536
-50.901699944248
-51.58048670854864
-50.603692203898134
-52.08469186939544
-50.178247449288605
-49.45005047847038
-51.026005952372216
-49.77386541239659
-49.29559028481754
-50.967007408305726
-49.75132997384995
-49.28698251324411
-50.96371953213207
-51.60417608315209
-49.994706751074524
-49.37994417007149
-49.14512575913994
-50.90953507359801
-49.72937749540441
-51.1326993788649
-51.66872064119028
-51.87346254470596
-51.9516669929276
-50.127436467827145
-48.81260842180395
-50.78252475258428
-49.680863869699195
-51.114168822763
-51.6616425985898
-50.01665700675671
-49.388328421680335
-51.002430224533974
-49.764860285671894
-51.146252598731394
-49.8197955442726
-49.31313403408642
-49.11960655798664
-49.04568563987351
-49.01745036163389
-49.00666544502817
-49.002545973450616
-50.855074441573365
-49.70857538501979
-49.27065171348602
-49.10337975543826
-49.03948755282877
-49.01508290304803
-50.85986312256502
-51.56450646464701
-49.361520316376435
-50.99219043948187
-49.76094903581948
-51.76279262297616
-50.05529287810942
-51.25718797760178
-51.71627105469593
-49.41948923148642
-51.63236658351282
-51.85957653030214
-50.09226104114393
-51.889342548129214
-50.10363064824413
-49.421549396603176
-49.16101754156541
-50.91560519434272
-49.11366208646317
-49.0434150537967
-50.87068504117662
-49.71453810348347
-51.12703123552348
-49.81245363683729
-51.16443164123807
-49.826739320627226
-49.3157863206436
-49.120619641303584
-49.04607260326715
-50.87170013474755
-49.09689184597591
-50.891111358179764
-49.1043062735638
-48.42180746251163
-50.63325206897068
-49.623846778150714
-48.620254276731565
-50.70905200704355
-49.034765789399515
-50.86738131615458
-49.09524220406464
-49.654413273539134
-48.63192963905297
-50.71351159861936
-49.03646920180553
-48.39589600679724
-48.15121881858619
-50.5298964039609
-51.438470393296505
-50.54944679842884
-48.97380202449021
-48.3719592750418
-48.76010978938509
-50.76247205936316
-51.52730638870439
-49.34731115175043
-50.98676302154648
-49.758875946639314
-49.28986481837147
-50.96482047472477
-49.75049463955316
-51.14076541018439
-49.19966563600043
-48.458231497816904
-50.647164812449866
-49.01112698453311
-50.858352096149034
-49.09179334891442
-48.41702795059424
-50.63142645786787
-51.47725142300936
-49.328191856160636
-50.97946010047213
-51.61018844525576
-51.85110523529514
-49.47099130563008
-48.56186868159511
-48.21461473915524
-48.700009524620505
-50.73951580095596
-49.046401923247785
-50.87182592378697
-49.09693989311356
-50.89112971055328
-49.10431328354671
-49.03984412883674
-50.86932106921319
-48.47794913505336
-48.182560324696766
-48.06973183903695
-48.026635192414076
-48.01017373820528
-48.62192001095167
-48.855586294649726
-47.708770895497715
-47.270726391843425
-48.339476257532354
-48.747702380753644
-48.28559689597868
-48.10908830718239
-48.041668025568484
-48.01591576952306
-48.0060792830007
-48.002322079479036
-48.000886955436414
-48.000338786830206
-48.618163393804096
-48.236117405832175
-48.70822281244234
-48.88855103149483
-48.95743028204214
-48.3657058258817
-48.75772118435285
-48.90745772717686
-48.964651997177725
-48.98649826435632
-48.99484279589123
-48.99803012331737
-48.99924757406088
-48.99971259886527
-48.99989022253494
-48.999958068739545
-48.9999839836837
-48.99999388231155
-48.999997663250944
-48.99999910744128
-48.999999659072905
-48.99999986977744
-48.99999995025941
-48.999999981000784
-48.99999999274294
-48.99999999722805
-48.99999999894121
-48.99999999959558
-48.99999999984553
-48.999999999941
-48.99999999997746
-48.99999999999139
-48.99999999999671
-48.99999999999874
-48.99999999999952
-48.999999999999815
-48.99999999999993
-48.99999999999997
-48.999999999999986
-48.99999999999999
-49
-49
-49
-49
-49
-49
-49
-49
-49
-49
-49
-49
-49
-49
-49
-49
-49.61803398874989
-49.236067977499786
-50.326237921249266
-50.742645786248005
-49.665631459994955
-49.254248593736854
-49.097114321215614
-49.03709436990999
-50.25023676601414
-51.331649916882334
-49.89061101838318
-51.1942851045169
-52.31027828391742
-50.26441379223578
-49.482963092789916
-51.656611441133556
-50.01473527561118
-51.24169635194966
-52.3283877689877
-50.271331000013866
-49.4856052310539
-51.65762064814742
-51.869222724638476
-50.09594555951832
-49.41861395391648
-49.15989630223111
-50.91517691902654
-49.73153248859884
-51.75155650176954
-51.287069039209996
-49.25554864961076
-48.479576909622274
-50.03728404550576
-49.396207249395204
-51.00543966892955
-49.76600979114375
-51.14669167075139
-49.81996325486073
-50.5492660713306
-51.44586894788095
-49.93423880606258
-49.97488145905668
-48.754337593607666
-50.14223328801601
-49.436294292940566
-49.16664959080569
-49.06365447947651
-49.024313847623844
-50.86338902964471
-49.71175127506059
-49.27186479553707
-48.485809122800724
-50.03966453911479
-51.25121848329354
-49.85988894451614
-51.18255031650458
-52.30579599374749
-50.26270170973831
-50.71837711296722
-51.510463617913246
-49.95891177452283
-49.366271705655244
-51.612039297442486
-50.61574422042253
-48.99912538632531
-50.85376789355298
-52.18021228308352
-52.06883496694768
-52.64432660650944
-52.24611086383073
-50.23990401873306
-50.70966916986823
-49.65303551337185
-49.86747135899721
-49.331344574869874
-49.12656236561241
-50.284410499467135
-50.726669132789006
-49.659528921400096
-50.48798560891107
-50.80442790533311
-49.689230129588466
-50.499330460932086
-49.57269327570801
-49.21874936619194
-50.93765678911751
-49.740119034910904
-50.51876829311499
-51.434219833183946
-49.92978924018717
-51.20924985362724
-49.843858354444876
-49.32232520970739
-49.123117274677284
-50.90112858057415
-49.726166500795486
-51.131472888061985
-49.814150197140776
-51.78311365835993
-52.53519077793901
-50.96835670920741
-50.36987934968323
-50.75931532859218
-49.67199865859352
-51.72881660218797
-49.42428120422091
-48.54402701047476
-50.67993578220294
-50.259712358634275
-49.48116730495
-51.0378915224654
-52.25054125119609
-50.241596276123296
-49.4742475771738
-51.035248421647786
-51.63149768776956
-51.8592446416609
-49.474100282213556
-51.65322614872924
-49.39540822022469
-51.623168455694305
-52.474097146858234
-52.1810889961305
-52.06916984153325
-50.790352550969466
-51.53795578887494
-51.46045270309156
-50.58744683815557
-51.79391127111911
-51.92128111026576
-51.96993205967818
-51.98851506876877
-51.99561314662812
-51.99832437111561
-51.3813259779688
-52.38172154029058
-52.14580465415304
-52.05569242216854
-50.16717064610289
-51.29992148238981
-49.87849183481686
-51.80768997706036
-50.07244214136465
-50.64570442453336
-52.10073910973524
-50.18437694967277
-49.45239173928307
-51.02690023442614
-51.62830896399534
-50.003924691310196
-51.23756707618493
-49.854674570994916
-51.180558603049505
-51.687001238153606
-50.026343145161626
-48.77399420858138
-50.76777543558209
-51.52933209816489
-51.82022085891259
-50.07722851232319
-51.88360063305655
-50.10143743184689
-48.80267767373422
-50.77873154435535
-49.679414993082155
-49.25951343489111
-50.33519328909096
-50.746066432381774
-49.66693803055457
-49.25474765928193
-50.95140691354091
-50.98143909259089
-50.99291036423176
-50.99729200010439
-49.762897658581615
-49.291400975640464
-50.34737324583957
-49.514650784378446
-51.050681073545455
-52.25542642500782
-50.24346224647843
-49.47496031442746
-51.03552066305364
-52.249635663483346
-52.7133863273964
-50.41838736370628
-52.01391171872202
-50.1512118374602
-51.91185974865816
-50.11223145351469
-51.2789365781356
-52.342612269642
-50.27676427579081
-51.34178252398013
-51.748583296149576
-52.5220013532185
-52.81742076350592
-52.930260937299266
-52.355328059641984
-52.135723241626685
-52.05184166523808
-52.637835742837446
-52.861665563274265
-52.94716094698534
-52.97981727768176
-52.99229088605993
-52.37902139174815
-52.144773289184506
-52.67333246455526
-52.87522410448127
-52.95233984888855
-52.363761453434485
-52.13894451141491
-52.053072080810246
-52.02027173101583
-52.62577710098715
-51.62099159444582
-53.0912996486
-52.41683937385438
-52.77725246171305
-52.296884022534854
-53.349467583391316
-52.5154507501393
-52.81491865577648
-52.929305217190134
-51.736929018294134
-51.89951582644216
-53.19768643853214
-53.69354348915425
-52.64687605143084
-52.24708466513825
-52.09437794398393
-52.03604916681353
-52.01376955645665
-52.00525950255643
-52.62004293996253
-51.61880133983138
-51.23636107953161
-51.70831588751335
-51.88858658300845
-51.95744386151199
-50.129643035277844
-50.66755322182133
-50.87301663018614
-49.715428691237314
-51.127371409775485
-51.66668553808914
-50.01858323824225
-49.38906417663761
-51.00271125792026
-52.237103585873065
-49.618429555949454
-49.854253059475084
-51.18039759997558
-49.83283777420198
-50.55418370013013
-50.829713326188426
-49.08085431218546
-49.03088359911785
-49.01179648516809
-49.00450585638643
-48.38368709524129
