-51.86420484474358
-51.86420484474358
-54.194969495102846
-54.19496949510285
-52.49334372251897
-52.49334372251897
-51.854382696124325
-51.854382696124325
-53.339434496682415
-53.339434496682415
-54.792168611901
-54.79216861190099
-52.31057947388597
-52.31057947388597
-53.4923561193537
-53.4923561193537
-53.602670291121726
-53.602670291121726
-51.52233822859913
-51.52233822859913
-49.98603817675576
-49.98603817675576
-52.83077872743858
-52.83077872743857
-50.79497106156561
-50.79497106156561
-50.49795072602093
-50.49795072602093
-53.52349975057837
-53.52349975057837
-50.99804513686042
-50.99804513686041
-52.36039456430958
-52.36039456430958
-54.05747207951526
-54.05747207951526
-51.54981642597111
-51.549816425971116
-51.03451002950236
-51.03451002950236
-49.77711368081735
-49.77711368081735
-49.91486500169959
-49.91486500169959
-52.20236071239221
-52.20236071239221
-50.84122693664639
-50.84122693664639
-50.321320097546966
-50.321320097546966
-52.26166171168414
-52.26166171168415
-50.86387790280908
-50.86387790280908
-49.7119380079932
-49.7119380079932
-49.889970109920405
-49.889970109920405
-53.29068931062413
-53.29068931062413
-53.312920830100715
-53.312920830100715
-53.316164365079636
-53.316164365079636
-52.698603601705564
-52.698603601705564
-51.03077485368864
-51.03077485368864
-49.775686970610465
-49.775686970610465
-49.914320046892655
-49.914320046892655
-52.67441715955698
-52.67441715955698
-50.40350246610492
-50.403502466104925
-50.15412422750768
-50.15412422750768
-53.23726816299424
-53.23726816299424
-52.687092800950936
-52.687092800950936
-53.523581941946325
-53.52358194194633
-50.127626267655984
-50.127626267655984
-52.23340216275348
-52.23340216275348
-52.540630725367016
-52.540630725367016
-51.588468572977796
-51.588468572977796
-52.446536182719214
-52.446536182719214
-50.93449366709232
-50.93449366709232
-49.73891082980784
-49.73891082980784
-50.518306799830995
-50.518306799830995
-52.29040168422234
-52.290401684222346
-50.87485559548293
-50.874855595482934
-52.342421452444
-52.342421452444
-50.89472537885671
-50.89472537885671
-52.34532041476928
-52.34532041476928
-52.55695937827689
-52.55695937827689
-50.976671574648975
-50.976671574648975
-53.593344181108485
-53.59334418110848
-52.282289532922505
-52.282289532922505
-50.714947566552425
-50.714947566552425
-52.319091185442154
-52.319091185442154
-52.55313258529128
-52.55313258529128
-50.97520986979638
-50.97520986979638
-49.75446303534796
-49.75446303534796
-52.17895838089183
-52.17895838089183
-50.83228804142924
-50.83228804142924
-50.31790574339589
-50.31790574339589
-52.87919755287687
-52.87919755287687
-50.481721616123544
-50.481721616123544
-50.184001284243664
-50.184001284243664
-53.30707510636987
-53.30707510636987
-50.64515629853472
-50.64515629853472
-50.24642777798419
-50.24642777798419
-52.250735069516935
-52.250735069516935
-53.161193551132875
-53.161193551132875
-51.825502480265676
-51.825502480265676
-53.717186941224455
-53.717186941224455
-53.51432836106944
-53.51432836106943
-50.77990513624579
-50.77990513624579
-49.87771864839024
-49.87771864839024
-52.19694113248339
-52.19694113248339
-51.45719083007587
-51.45719083007587
-49.93856338024441
-49.93856338024441
-50.594567288157165
-50.594567288157165
-49.60907050672729
-49.60907050672729
-52.157745896844084
-52.157745896844084
-50.824185593508815
-50.824185593508815
-52.33502879878586
-52.33502879878586
-53.791525829240584
-53.79152582924059
-53.50811555889371
-53.50811555889371
-51.65950591584318
-51.65950591584318
-50.00605067261875
-50.00605067261875
-52.215664522485525
-52.215664522485525
-52.538042838528554
-52.538042838528554
-50.351412110664754
-50.351412110664754
-50.75226147096549
-50.75226147096549
-52.94256919947746
-52.94256919947746
-52.64409680162558
-52.64409680162558
-51.00995510867608
-51.00995510867608
-53.598200183279296
-53.598200183279296
-50.28890235428068
-50.28890235428069
-52.87496601543286
-52.87496601543286
-52.634233629998214
-52.634233629998214
-51.006187712351306
-51.006187712351306
-53.35289398563293
-53.352893985632925
-54.55806434737437
-54.55806434737437
-51.006456787175196
-51.006456787175196
-53.17737170818105
-53.17737170818105
-51.21364799763285
-51.21364799763285
-50.97926461287484
-50.97926461287484
-49.75601180938829
-49.75601180938829
-49.906804804039915
-49.906804804039915
-52.20118474540203
-52.20118474540203
-51.45881174597569
-51.45881174597569
-51.17525049252503
-51.17525049252503
-53.00428246602097
-53.00428246602097
-52.65310064587059
-52.653100645870595
-51.63142825989816
-51.631428259898165
-53.07083790532132
-53.07083790532132
-51.17295570589121
-51.17295570589121
-49.829995223602424
-49.829995223602424
-52.18997837864301
-52.18997837864301
-51.45453129476414
-51.45453129476414
-49.937547528149615
-49.937547528149615
-49.9761452784346
-49.9761452784346
-52.21130138427553
-52.21130138427553
-52.53740626524273
-52.53740626524273
-50.969202950055795
-50.969202950055795
-50.98823657367454
-50.98823657367454
-49.75943879346804
-49.75943879346804
-50.52614778422937
-50.52614778422937
-50.200970570470176
-50.200970570470176
-52.24410295232086
-52.24410295232086
-50.85717105353258
-50.85717105353258
-53.43475951560813
-53.43475951560813
-50.69392740303029
-50.69392740303029
-50.88309067098252
-50.88309067098252
-52.96165692251707
-52.96165692251707
-53.26491565163573
-53.264915651635725
-51.865120797273235
-51.86512079727323
-53.400760685894156
-53.400760685894156
-53.32898002732481
-53.3289800273248
-51.88959121131842
-51.88959121131842
-52.84794909533716
-52.84794909533715
-51.00468211099666
-51.00468211099667
-50.977565590917635
-50.977565590917635
-49.75536284074827
-49.75536284074827
-52.17908966073049
-52.17908966073049
-50.21430419711567
-50.21430419711567
-50.69989090811632
-50.69989090811632
-53.33582464975955
-53.33582464975955
-53.93753997608312
-53.93753997608312
-52.277993369049994
-52.27799336905
-51.48815002958011
-51.48815002958011
-50.9289031062771
-50.9289031062771
-49.7367754255926
-49.7367754255926
-49.899457159250595
-49.899457159250595
-52.20011273847457
-52.20011273847457
-52.53577386382005
-52.53577386382004
-52.58474616201437
-52.58474616201436
-51.605319170348544
-51.60531917034854
-50.61317736028136
-50.613177360281355
-53.54031108995263
-53.54031108995263
-53.49411584129313
-53.49411584129313
-51.334633490744544
-51.334633490744544
-50.89007835604484
-50.89007835604484
-53.34642343297474
-53.34642343297474
-52.51428798814703
-52.51428798814703
-53.19964540375017
-53.19964540375017
-54.12332789497004
-54.12332789497003
-51.075756535527766
-51.075756535527766
-51.48154268057541
-51.48154268057541
-53.048969894010604
-53.0489698940106
-51.63391860490707
-51.63391860490707
-50.62410137222369
-50.62410137222369
-52.305836904315896
-52.30583690431589
-49.628213137989235
-49.628213137989235
-53.276102094534004
-53.276102094534004
-51.86939363824716
-51.86939363824716
-52.01538664237361
-52.01538664237361
-51.38784318566409
-51.38784318566409
-52.41726533318975
-52.41726533318975
-52.56745600041277
-52.56745600041277
-50.98068092753781
-50.98068092753781
-52.357861160311785
-52.357861160311785
-52.55878904839331
-52.55878904839331
-50.97737044644524
-50.97737044644524
-50.99135627969232
-50.99135627969232
-53.59548665070051
-53.59548665070051
-53.97542415146008
-53.97542415146008
-51.06751414239799
-51.06751414239798
-52.98856394437399
-52.98856394437399
-54.50490931071852
-54.50490931071852
-53.4900731406548
-53.4900731406548
-51.951123305256935
-51.951123305256935
-53.73551477258877
-53.73551477258877
-51.0541444509402
-51.0541444509402
-51.02068133995696
-51.02068133995696
-52.09791168703478
-52.09791168703478
-50.166162821289454
-50.166162821289454
-52.85705855890601
-52.85705855890601
-51.7093332504032
-51.7093332504032
-50.65290720355369
-50.65290720355369
-50.24938836025786
-50.24938836025786
-50.0952578772199
-50.0952578772199
-50.03638527140184
-50.03638527140184
-52.60205629205269
-52.60205629205269
-50.9938970629236
-50.9938970629236
-50.37963489671812
-50.37963489671812
-52.88820371497165
-52.88820371497165
-52.957297618935144
-52.957297618935144
-53.2642796378146
-53.2642796378146
-53.54513568826561
-53.54513568826561
-51.35412133818721
-51.35412133818721
-50.51722832629603
-50.51722832629602
-53.14434630330383
-53.14434630330382
-51.20103341546198
-51.20103341546197
-50.4587539430821
-50.4587539430821
-50.175228413784325
-50.175228413784325
-52.2403472222759
-52.2403472222759
-52.777711973395405
-52.777711973395405
-50.44295757412961
-50.44295757412961
-51.15724631204844
-51.15724631204844
-50.44202875784704
-50.44202875784704
-54.91820223713922
-54.91820223713922
-51.87858609104141
-51.87858609104141
-50.71755603598501
-50.71755603598501
-50.27408201691363
-50.27408201691363
-54.05474091979545
-54.05474091979545
-51.54877321578685
-51.54877321578685
-52.676812685655825
-52.676812685655825
-51.085314949505
-51.085314949505
-52.60919503587998
-52.60919503587997
-50.99662382042865
-50.996623820428646
-49.76264243665608
-49.76264243665607
-49.90933747828948
-49.90933747828947
-49.51463656134801
-49.51463656134801
-52.14396816989397
-52.14396816989397
-50.20088898135169
-50.20088898135169
-50.076732762911
-50.076732762911
-52.46204487798031
-52.46204487798032
-52.81005722544973
-52.81005722544974
-53.09689952016614
-53.09689952016615
-53.138749246961694
-53.138749246961694
-53.24715204550621
-53.24715204550622
-50.237685121227884
-50.237685121227884
-49.47275364893902
-49.47275364893902
-53.22802747907523
-53.22802747907523
-50.614962791638206
-50.614962791638206
-50.23489488458927
-50.23489488458927
-52.867086431797055
-52.867086431797055
-53.48718598048867
-53.48718598048866
-52.95962329662233
-52.95962329662233
-51.74850949416361
-51.74850949416361
-50.019036119692444
-50.019036119692444
-51.945332756590645
-51.945332756590645
-50.7430509935891
-50.7430509935891
-49.665786235426765
-49.665786235426765
-50.49037569019097
-50.49037569019097
-52.286326590245395
-52.286326590245395
-52.54835229527545
-52.54835229527545
-50.35534997273652
-50.35534997273652
-49.51769762293411
-49.51769762293411
-49.8157768848157
-49.8157768848157
-50.54766702026288
-50.54766702026288
-49.59115619847315
-49.59115619847315
-49.84383556390646
-49.84383556390646
-52.19199765707981
-52.19199765707981
-52.53458988940082
-52.53458988940082
-54.94464672846124
-54.94464672846124
-54.26243389776927
-54.26243389776927
-52.86417285164796
-52.86417285164796
-51.09401667967481
-51.09401667967481
-51.65394516487626
-51.65394516487626
-54.01839498748292
-54.01839498748292
-54.599431545002304
-54.599431545002304
-52.992894498762226
-52.992894498762226
-54.41963219062795
-54.41963219062796
-52.30618326779662
-52.30618326779662
-51.74605765560765
-51.74605765560765
-52.42105238574285
-52.42105238574285
-50.117158805186605
-50.117158805186605
-50.814023363751495
-50.814023363751495
-49.69289526856666
-49.69289526856666
-53.18953676237879
-53.1895367623788
-53.91619686095279
-53.91619686095278
-54.022215140539544
-54.02221514053954
-52.77241745112146
-52.772417451121456
-53.61927199610126
-53.61927199610126
-54.00053877928609
-54.00053877928609
-52.14610382912517
-52.14610382912517
-53.14592805889086
-53.14592805889086
-51.20163759233433
-51.20163759233433
-53.23686723550151
-53.23686723550151
-51.10050245700448
-51.10050245700448
-50.48515059108426
-50.48515059108426
-50.54824107258142
-50.54824107258142
-54.21591731407456
-54.21591731407457
-54.92004573157445
-54.92004573157445
-53.550640728195816
-53.55064072819582
-51.97425806508102
-51.974258065081024
-55.20521657362583
-55.20521657362584
-51.31829152333819
-51.31829152333819
-50.50354255483431
-50.50354255483431
-53.1423495761572
-53.1423495761572
-51.20027073355823
-51.20027073355823
-54.61603586977005
-54.61603586977005
-50.43740257962059
-50.43740257962059
-53.51466589507133
-53.51466589507133
-53.96363256212757
-53.96363256212757
-49.6733900995525
-49.6733900995525
-53.690015398225206
-53.69001539822521
-51.40946046311155
-51.40946046311155
-50.92451788703481
-50.92451788703481
-49.19061343188622
-49.19061343188622
-52.096693832415866
-52.096693832415866
-50.01854418009182
-50.01854418009182
-51.9814193231607
-51.9814193231607
-49.53998419686567
-49.53998419686567
-49.20625560981487
-49.20625560981487
-49.07878263257894
-49.07878263257894
-49.03009228792196
-49.03009228792196
-51.60113815813655
-51.60113815813655
-52.523434810138355
-52.523434810138355
-52.257107380952974
-52.25710738095297
-50.86213830326578
-50.86213830326577
-49.71127354009447
-49.71127354009447
-49.88971630576752
-49.88971630576752
-51.72655561210476
-51.72655561210476
-50.65948556035714
-50.65948556035714
-49.63386708021676
-49.63386708021676
-51.92529569066016
-51.92529569066016
-50.73539751543848
-50.73539751543848
-52.086006815275134
-52.086006815275134
-49.596140360239026
-49.596140360239026
-51.919791436395556
-51.919791436395556
-52.2588075595286
-52.25880755952859
-50.86278771369472
-50.86278771369472
-52.10459279471978
-52.10459279471978
-53.13987168059217
-53.13987168059217
-53.4718001178484
-53.4718001178484
-50.8884948220183
-50.8884948220183
-53.580479366277174
-53.580479366277174
-53.973234618170785
-53.973234618170785
-54.030536837167176
-54.030536837167176
-53.39363004513905
-53.39363004513905
-51.914285320750174
-51.914285320750174
-50.862480868386484
-50.86248086838648
-50.6495485777738
-50.64954857777381
-50.76802701305981
-50.76802701305981
-50.29336021471079
-50.29336021471079
-53.02151444225466
-53.02151444225466
-52.41954677982093
-52.41954677982093
-50.30615064377134
-50.30615064377134
-53.023380540705425
-53.023380540705425
-52.18375106241589
-52.18375106241589
-51.45215267162407
-51.45215267162407
-53.19057998324301
-53.19057998324301
-51.4614703772059
-51.4614703772059
-51.17626599929142
-51.17626599929142
-52.150328660211756
-52.150328660211756
-51.43938644996776
-51.43938644996776
-53.28686538012159
-53.2868653801216
-51.64717606596786
-51.64717606596786
-50.38359004355212
-50.38359004355212
-52.27074677436803
-52.270746774368035
-50.8673480879644
-50.8673480879644
-53.34515671854941
-53.34515671854941
-51.27773616879081
-51.27773616879081
-53.019234924675715
-53.019234924675715
-50.20443246144068
-50.20443246144068
-50.07808625186654
-50.07808625186654
-49.41179230540904
-49.41179230540904
-51.01139263061026
-51.01139263061026
-50.38631760892195
-50.38631760892195
-50.147560196155595
-50.147560196155595
-53.56254840497576
-53.56254840497576
-54.82472049242334
-54.82472049242334
-51.84287924188759
-51.84287924188759
-54.990232007826464
-54.990232007826464
-54.26908470039662
-54.26908470039662
-52.86671323219914
-52.86671323219914
-51.7130210074509
-51.7130210074509
-51.27234979015355
-51.27234979015355
-51.72206235175965
-51.72206235175965
-50.657769287625605
-50.657769287625605
-50.251245511117176
-50.251245511117176
-50.714001234475816
-50.714001234475816
-53.645191038702166
-53.645191038702166
-52.01037307004759
-52.01037307004759
-54.06133116012268
-54.061331160122684
-51.14409792329917
-51.14409792329917
-51.05504050899201
-51.05504050899201
-53.65054182776123
-53.65054182776123
-52.05833943826759
-52.05833943826759
-51.40424969378375
-51.40424969378375
-52.77832946706242
-52.77832946706242
-51.06122742447246
-51.06122742447246
-52.605680713339815
-52.605680713339815
-52.13707899055068
-52.13707899055068
-51.437202632817794
-51.437202632817794
-52.896602734476055
-52.896602734476055
-51.72443778141386
-51.72443778141386
-54.62898866762454
-54.62898866762455
-50.43929236735912
-50.43929236735912
-53.13297560013648
-53.13297560013648
-51.19669019332804
-51.19669019332804
-52.94535308390769
-52.94535308390769
-53.26253695364004
-53.26253695364004
-51.24617822673795
-51.24617822673795
-51.44042881999439
-51.44042881999439
-54.497736287512076
-54.49773628751208
-51.71798238939584
-51.71798238939584
-50.65621088067545
-50.65621088067545
-50.846783989834805
-50.846783989834805
-50.32344270298765
-50.32344270298765
-52.27428908902313
-52.27428908902313
-54.400698013765535
-54.400698013765535
-54.09290290608468
-54.09290290608468
-54.0079660360266
-54.0079660360266
-53.99887852751228
-53.99887852751229
-54.7557389062247
-54.7557389062247
-54.79791728952765
-54.79791728952765
-54.60057679093587
-54.60057679093587
-54.12206482666225
-54.12206482666225
-51.96505082697464
-51.96505082697464
-50.86220128573025
-50.86220128573025
-51.106043929886134
-51.106043929886134
-53.97649277066075
-53.97649277066075
-52.754953059873955
-52.754953059873955
-52.99868998700771
-52.99868998700771
-54.888352691678556
-54.888352691678556
-51.88232192875183
-51.88232192875183
-52.19214172076726
-52.19214172076726
-53.48082065230353
-53.48082065230353
-53.576728596505845
-53.57672859650584
-50.96168371278786
-50.96168371278786
-52.69377860549455
-52.69377860549455
-51.028931869131625
-51.028931869131625
-53.79588410683525
-53.79588410683525
-53.108610350202724
-53.108610350202724
-51.18738349599773
-51.18738349599773
-50.912141961824375
-50.912141961824375
-52.729827471229015
-52.72982747122902
-50.99809941849732
-50.99809941849732
-52.124334506393886
-52.12433450639388
-50.96435645205811
-50.96435645205811
-52.35547945143729
-52.35547945143729
-50.89971309064709
-50.89971309064709
-52.34604811211241
-52.34604811211241
-52.55706554788842
-52.55706554788842
-50.976712127832
-50.976712127832
-52.593350097738146
-52.593350097738146
-52.82921439883356
-52.82921439883356
-51.08066373889382
-51.08066373889382
-50.4127768178479
-50.4127768178479
-50.20069039338352
-50.20069039338352
-53.33423201878429
-53.334232018784284
-50.88588369577008
-50.88588369577008
-53.19813239684159
-53.19813239684159
-52.88642974254516
-52.88642974254516
-49.846309980252705
-49.846309980252705
-49.94129563618817
-49.94129563618817
-53.61978750542059
-53.61978750542059
-50.76460180626857
-50.76460180626857
-50.74268311201813
-50.74268311201813
-52.55920572449038
-52.55920572449038
-50.35949561380213
-50.35949561380213
-53.31685507016215
-53.31685507016215
-50.64889191229463
-50.64889191229463
-52.30945379536785
-52.30945379536785
-53.35100564408367
-53.35100564408368
-50.999723965979115
-50.999723965979115
-52.978673490926894
-52.978673490926894
-54.08085083937666
-54.080850839376666
-49.559857646084964
-49.559857646084964
-52.150565837241146
-52.15056583724114
-49.22359338335461
-49.22359338335461
-53.25355340843161
-53.25355340843161
-50.79121768716173
-50.79121768716173
-49.025267161075895
-49.025267161075895
-50.08344741562019
-50.08344741562019
-50.03187407649357
-50.03187407649357
-50.01217481386053
-50.01217481386053
-49.386616376338125
-49.386616376338125
-52.12529027662067
-52.12529027662067
-52.5248574137552
-52.5248574137552
-50.96440971530733
-50.96440971530733
-49.7503377434169
-49.7503377434169
-48.4012688689138
-48.4012688689138
-49.38933904679764
-49.38933904679764
-51.50765352013737
-51.50765352013737
-51.816711436662466
-51.81671143666247
-49.45785404355462
-49.457854043554626
-49.792918671501184
-49.792918671501184
-51.566534993843305
-51.566534993843305
-49.98032913433214
-49.98032913433214
-52.21191180062448
-52.21191180062447
-49.60880715022178
-49.60880715022178
-51.53967348489786
-51.53967348489786
-50.588102939653986
-50.588102939653986
-51.68255081503599
-51.68255081503598
-50.64267722354491
-50.64267722354491
-50.24548085559874
-50.24548085559874
-51.65459558597106
-51.65459558597105
-50.6319992762054
-50.63199927620539
-49.00533426514534
-49.005334265145336
-49.62007149673041
-49.62007149673041
-52.15935091965485
-52.15935091965485
-52.52982679460216
-52.52982679460216
-50.966307849887826
-50.966307849887826
-50.36909675506132
-50.36909675506132
-51.65059824332475
-51.65059824332476
-50.701888057453345
-50.701888057453345
-49.032029404149746
-49.032029404149746
-49.630268132495694
-49.630268132495694
-51.54280460001398
-51.54280460001397
-50.58929891920565
-50.58929891920565
-48.98902418010319
-48.98902418010319
-49.61384159860371
-49.61384159860371
-49.852500615707946
-49.852500615707946
-51.57522788235009
-51.57522788235009
-50.60168351103121
-50.60168351103121
-50.22982265074355
-50.22982265074355
-52.866346402852244
-52.866346402852244
-51.09484690235856
-51.09484690235856
-50.418194304223434
-50.418194304223434
-51.65776147920947
-51.65776147920947
-50.633208539817716
-50.633208539817716
-50.24186414024368
-50.24186414024368
-53.546367670316535
-53.546367670316535
-51.354591913457135
-51.354591913457135
-53.34506666137619
-53.34506666137619
-50.659667781261675
-50.659667781261675
-50.25197067115873
-50.25197067115873
-53.105645732982076
-53.105645732982076
-53.164657075171704
-53.164657075171704
-50.876433608050554
-50.876433608050554
-49.65573398512769
-49.65573398512769
-52.78258799534055
-52.78258799534055
-52.620755858505
-52.620755858505
-50.50663574711086
-50.50663574711086
-50.19351763548065
-50.19351763548065
-50.002653749451035
-50.002653749451035
-50.001013642092666
-50.001013642092666
-51.41332382160866
-51.41332382160866
-52.184914930372976
-52.184914930372976
-50.83456324087537
-50.83456324087537
-50.03837799664311
-50.03837799664311
-50.01465909029754
-50.01465909029754
-51.98085249619877
-51.98085249619877
-50.75661832684786
-50.75661832684786
-49.67096849559491
-49.670968495594906
-49.87432114868677
-49.87432114868677
-51.96037746645719
-51.960377466457196
-50.74879756140724
-50.748797561407244
-49.667981229014636
-49.667981229014636
-49.87318011438656
-49.87318011438656
-52.81431295804604
-52.81431295804603
-52.007350479434635
-52.007350479434635
-50.76673965581063
-50.76673965581063
-51.27066629529023
-51.27066629529023
-52.400169455283226
-52.400169455283226
-50.916783153158875
-50.916783153158875
-50.35018000419339
-50.35018000419339
-50.629418232784296
-50.629418232784296
-49.14755897257067
-49.14755897257067
-49.56239845969712
-49.56239845969712
-49.21481709638371
-49.21481709638371
-48.46401884070412
-48.46401884070412
-51.84478707647847
-51.84478707647847
-49.468577983708435
-49.468577983708435
-49.17898086339673
-49.17898086339673
-53.18516660729526
-53.18516660729526
-49.98055740665581
-49.98055740665581
-49.992573590171965
-49.992573590171965
-52.213698242655845
-52.213698242655845
-49.60948951035883
-49.60948951035883
-49.232804277170544
-49.232804277170544
-51.48481540503522
-51.484815405035214
-52.4314133893244
-52.4314133893244
-50.31068328527044
-50.31068328527044
-51.642075832937735
-51.642075832937735
-50.00918316732753
-50.00918316732753
-51.83415553605416
-51.83415553605416
-50.08255108536901
-50.08255108536901
-49.413497720052874
-49.413497720052874
-52.36528018931301
-52.365280189313005
-49.977783894761146
-49.97778389476114
-48.75544622539661
-48.75544622539661
-48.90658877017859
-48.90658877017859
-51.67328918148602
-51.67328918148602
-52.07694533147196
-52.07694533147196
-52.135837970066135
-52.135837970066135
-50.19778352135279
-50.19778352135279
-52.77997911911948
-52.77997911911948
-48.84328758859741
-48.84328758859741
-51.427985686059465
-51.427985686059465
-49.92740800787649
-49.92740800787649
-48.80748408067487
-48.80748408067487
-48.308431473443335
-48.308431473443335
-48.73584432840504
-48.73584432840504
-52.03034391440757
-52.03034391440757
-52.51100492619656
-52.51100492619656
-52.58113242271701
-52.58113242271702
-50.36787086726364
-50.36787086726365
-52.26845337745537
-52.26845337745537
-50.11828595522576
-50.11828595522576
-52.2320394295353
-52.2320394295353
-52.30436392777017
-52.30436392777017
-50.2621547092091
-50.2621547092091
-52.01696162035979
-52.01696162035979
-52.27298449830813
-52.27298449830813
-50.25016883370218
-50.25016883370218
-49.477522002798416
-49.477522002798416
-49.18239717469307
-49.18239717469307
-52.095495096646594
-52.0954950966466
-50.18237391491036
-50.18237391491036
-49.45162664808448
-49.45162664808448
-49.17250602934308
-49.17250602934308
-52.958910340268716
-52.958910340268716
-50.512169191569235
-50.512169191569235
-51.67147223049513
-51.67147223049513
-50.020411592047644
-50.020411592047644
-49.389762545647805
-49.389762545647805
-52.743783285286696
-52.743783285286696
-51.04803195721567
-51.04803195721567
-50.40031258636031
-50.40031258636031
-50.15290580186526
-50.15290580186526
-52.47315837458853
-52.47315837458853
-52.575610685253174
-52.575610685253174
-53.53052487406566
-53.53052487406566
-50.730506515016245
-50.730506515016245
-49.66099467098307
-49.66099467098307
-49.25247749793298
-49.25247749793298
-53.25516306496843
-53.25516306496843
-51.24336165189466
-51.24336165189466
-52.160117783999766
-52.160117783999766
-52.529938678602235
-52.529938678602235
-50.348316597023164
-50.348316597023164
-49.515011112467256
-49.515011112467256
-51.907954838666015
-51.907954838666015
-50.1107399106207
-50.1107399106207
-51.612904487714935
-51.61290448771493
-49.99804070494997
-49.99804070494997
-49.38121762713499
-49.38121762713499
-52.12450260972722
-52.12450260972722
-53.14277648345409
-53.14277648345409
-53.29134063945016
-53.291340639450155
-53.31301585769576
-53.31301585769576
-53.64186523760554
-53.64186523760554
-51.074780002750316
-51.074780002750316
-49.15034479889424
-49.15034479889423
-54.31835511222163
-54.31835511222163
-51.258342903760436
-51.258342903760436
-50.48064421973425
-50.48064421973425
-53.937382630338796
-53.93738263033879
-51.503946338075956
-51.503946338075956
-49.95642239513918
-49.95642239513918
-49.98335483609148
-49.98335483609148
-55.017253013044694
-55.017253013044694
-54.43865557871469
-54.43865557871469
-51.308110886314836
-51.30811088631483
-51.27954964369543
-51.27954964369543
-50.488744473598835
-50.488744473598835
-52.76988258226013
-52.76988258226013
-50.43996701282715
-50.43996701282715
-50.16805244497121
-50.16805244497121
-52.94750419503518
-52.94750419503519
-51.12584642052054
-51.125846420520546
-50.430035066526436
-50.43003506652644
-50.16425877905878
-50.16425877905878
-50.062741270649894
-50.062741270649894
-52.31410551301987
-52.31410551301987
-50.88390965242008
-50.88390965242008
-53.05194635404796
-53.05194635404796
-53.368258645914
-53.36825864591399
-51.28656031983845
-51.28656031983844
-53.11069229471256
-53.11069229471256
-53.522727596898086
-53.522727596898086
-51.47638605380308
-51.47638605380308
-51.16968556345094
-51.16968556345094
-53.71167448631047
-53.711674486310464
-51.32332570856926
-51.32332570856926
-51.66127760864305
-51.66127760864305
-50.00630915911466
-50.00630915911466
-53.54194015640629
-53.54194015640629
-51.352900753629086
-51.352900753629086
-53.35643921106055
-53.35643921106054
-51.28204569745225
-51.28204569745225
-50.95185915925534
-50.95185915925535
-53.06186005348953
-53.06186005348953
-51.05104481387338
-51.05104481387338
-49.78342940645043
-49.78342940645043
-52.89138844997993
-52.89138844997993
-51.104412113213456
-51.104412113213456
-49.80381390091055
-49.80381390091055
-49.92506357826809
-49.92506357826809
-52.91205259715998
-52.912052597159985
-53.34784842185009
-53.347848421850095
-51.27876430796404
-51.27876430796404
-50.48844450204202
-50.48844450204202
-52.994248766191035
-52.994248766191035
-51.14370125791254
-51.14370125791254
-53.249176833906745
-53.24917683390674
-51.24107511509361
-51.2410751150936
-53.340124070275344
-53.340124070275344
-51.15672187979429
-51.15672187979429
-53.55440567893732
-53.55440567893732
-51.35766215954841
-51.35766215954841
-49.96201226207553
-49.96201226207553
-53.77154530372683
-53.77154530372683
-51.82352251391061
-51.82352251391061
-51.397525515039156
-51.397525515039156
-50.53380724659976
-50.53380724659976
-50.382297214523724
-50.382297214523724
-50.14602454214365
-50.14602454214365
-50.360686825069024
-50.360686825069024
-50.137770107882076
-50.137770107882076
-52.56112005034641
-52.56112005034641
-50.97826080996349
-50.97826080996349
-49.75562839079416
-49.75562839079416
-49.90665835116887
-49.90665835116887
-53.14543528821527
-53.14543528821527
-51.20144937068491
-51.20144937068491
-50.45891282383946
-50.45891282383946
-53.46207610740751
-53.46207610740751
-50.70436141264084
-50.70436141264084
-50.26904211926491
-50.26904211926491
-49.484730956404
-49.484730956404
-53.31994488843347
-53.31994488843347
-51.26810610660511
-51.26810610660511
-54.198169805036876
-54.198169805036876
-54.00762634865136
-54.00762634865136
-51.53077705097518
-51.53077705097518
-51.39514531328754
-51.39514531328754
-49.91486410168083
-49.91486410168083
-49.96748098050483
-49.96748098050483
-49.52311958399659
-49.52311958399659
-49.81784788965589
-49.81784788965589
-53.13247801650406
-53.132478016504066
-51.196500133292695
-51.1965001332927
-50.45702238337403
-50.45702238337403
-50.17456701682939
-50.17456701682939
-53.184522635759805
-53.184522635759805
-51.58943930614542
-51.58943930614542
-53.77291573202893
-53.77291573202893
-53.709514638055396
-53.70951463805539
-51.4169085099719
-50.541210891860295
-51.4169085099719
-50.541210891860295
-53.238015256213416
-53.238015256213416
-50.236352081635275
-50.236352081635275
-53.19353695523012
-53.19353695523012
-54.24301840247368
-54.24301840247368
-51.44310643390008
-51.44310643390008
-51.14117465397066
-51.14117465397066
-49.930427160680225
-49.930427160680225
-53.14890311078756
-53.14890311078756
-49.16724823678229
-49.16724823678229
-49.68191713064224
-49.68191713064224
-53.11264598603778
-53.11264598603778
-53.61318258037046
-53.61318258037046
-51.38011293814247
-51.38011293814247
-49.909122245307046
-49.909122245307046
-49.96528778652857
-49.96528778652857
-53.15398920755414
-53.15398920755414
-50.58668268838544
-50.58668268838544
-50.22409284635207
-50.22409284635207
-53.19174835690702
-53.19174835690702
-50.60110540005196
-50.60110540005196
-50.22960183199874
-50.22960183199874
-50.08770009594428
-50.08770009594428
-52.935780945304934
-52.935780945304934
-51.121368537582185
-51.121368537582185
-54.81603235183533
-54.81603235183533
-51.839560667482004
-51.839560667482004
-52.9553059805972
-52.9553059805972
-51.74686042618219
-51.74686042618219
-53.559815186413275
-53.559815186413275
-51.22469293608765
-51.22469293608765
-51.094561033158534
-51.09456103315854
-49.80005112315546
-49.80005112315547
-49.923626325057754
-49.923626325057754
-52.6757749272428
-52.6757749272428
-53.31337597439007
-53.31337597439007
-51.265597004709704
-51.265597004709704
-53.10763378825438
-53.10763378825438
-51.18701048252558
-51.18701048252558
-50.453397659322356
-50.453397659322356
-50.173182495441495
-50.173182495441495
-48.84492709806594
-48.84492709806594
-49.558801410945165
-49.558801410945165
-52.858615667110435
-52.85861566711044
-50.473860035313336
-50.473860035313336
-50.18099842757947
-50.18099842757947
-53.95938360540196
-53.95938360540196
-50.89431597401455
-50.89431597401455
-50.34159830539159
-50.34159830539159
-49.51244495341032
-49.51244495341032
-49.813770543589285
-49.813770543589285
-52.65974718473045
-52.65974718473045
-50.61222796673394
-50.61222796673394
-53.1582065640507
-53.1582065640507
-53.1476938241195
-53.1476938241195
-53.14616003603421
-53.14616003603421
-51.20172619971847
-51.20172619971847
-49.84098457437132
-49.84098457437132
-49.93926151214537
-49.93926151214537
-53.257980698675425
-53.257980698675425
-51.24443789220288
-51.24443789220288
-50.47533297793322
-50.47533297793322
-52.99233582060409
-52.99233582060409
-51.14297057771695
-51.14297057771695
-49.81854192379688
-49.81854192379688
-49.93068918242358
-49.93068918242358
-52.676805384245135
-52.676805384245135
-50.404414686763026
-50.404414686763026
-50.154472664793836
-50.154472664793836
-53.56355692055844
-53.56355692055844
-54.06093561036365
-54.06093561036365
-51.55113937703411
-51.55113937703411
-53.29229151171715
-53.292291511717146
-50.244270880592595
-50.244270880592595
-52.72255633742808
-52.722556337428074
-51.0399239846111
-51.0399239846111
-52.838640560851715
-52.838640560851715
-53.04918773484246
-53.04918773484246
-51.00350554673461
-51.00350554673461
-51.00133899970347
-51.00133899970347
-53.4510450761713
-53.451045076171305
-51.31818192238946
-51.31818192238947
-53.370280827049676
-53.370280827049676
-51.28733272430087
-51.28733272430087
-51.104475512793606
-51.104475512793606
-52.61199052438933
-52.61199052438933
-51.287455069091166
-51.287455069091166
-49.87373008865459
-49.87373008865459
-49.95176918562249
-49.95176918562249
-52.9159488927631
-52.9159488927631
-48.6270573337217
-48.6270573337217
-48.8575485773367
-48.8575485773367
-52.52023628002534
-52.52023628002534
-50.344610610539185
-50.344610610539185
-52.50112772923453
-52.50112772923453
-49.98535441869228
-49.98535441869228
-52.44871295723144
-52.44871295723145
-48.55888852943014
-48.55888852943015
-48.831510411069765
-48.831510411069765
-48.935642703779145
-48.935642703779145
-52.53163005952074
-52.53163005952074
-54.41661773779487
-54.41661773779487
-51.06896387177208
-51.06896387177208
-52.84287742328883
-52.84287742328883
-50.467848561096716
-50.467848561096716
-50.178702248751215
-50.178702248751215
-53.33102399171662
-53.33102399171662
-53.17290754701374
-53.17290754701374
-50.5939088510483
-50.5939088510483
-50.22685299488105
-50.22685299488105
-53.33804909090057
-53.33804909090057
-50.65698730785844
-50.65698730785844
-50.250946821424634
-50.250946821424634
-50.09585315641546
-50.09585315641546
-53.08286849454704
-53.08286849454704
-53.136702147912374
-53.136702147912374
-51.198113607917726
-51.198113607917726
-50.457638675840805
-50.457638675840805
-52.75368627922043
-52.75368627922043
-51.051814564307975
-51.051814564307975
-50.401757413703486
-50.401757413703486
-52.74553331295111
-52.74553331295111
-50.430666419552324
-50.430666419552324
-52.74975108006213
-52.74975108006213
-53.08810097213103
-53.08810097213103
-51.17954961066246
-51.17954961066246
-53.24097767640387
-53.24097767640387
-54.421706471881784
-54.421706471881784
-51.688941583983464
-51.68894158398346
-53.46240907205287
-53.46240907205287
-51.32252258256821
-51.32252258256821
-53.26183715188436
-53.26183715188436
-51.0277473018622
-51.0277473018622
-50.993415685379674
-50.993415685379674
-49.761417038107865
-49.761417038107865
-49.90886941769382
-49.90886941769382
-53.05558793472427
-53.05558793472427
-53.79334106692234
-53.79334106692233
-51.448927356643544
-51.448927356643544
-50.553441003008295
-50.553441003008295
-49.59336166363144
-49.84467797663592
-49.59336166363144
-49.84467797663592
-49.94067226627633
-49.94067226627633
-49.97733882219306
-49.97733882219306
-49.991344200302855
-49.991344200302855
-52.21351887709123
-52.21351887709123
-50.227454987559454
-50.227454987559454
-50.086880074337024
-50.086880074337024
-50.033185235451626
-50.033185235451626
-53.0737253680992
-53.0737253680992
-52.66323222874172
-52.66323222874172
-50.14028622658068
-50.14028622658068
-49.43555058165045
-49.43555058165045
-49.16636551837069
-49.16636551837069
-54.13890802881955
-54.13890802881955
-50.96288820194934
-50.96288820194935
-53.06346916913274
-53.06346916913274
-53.36993980197813
-53.36993980197813
-53.1785852872127
-53.1785852872127
-50.13717417477526
-50.13717417477526
-53.92249950974883
-53.92249950974883
-51.44903335051811
-51.449033350518114
-53.95474985578324
-53.95474985578324
-50.85982235737322
-50.85982235737322
-50.85953055764907
-50.859530557649066
-53.34472106251641
-53.34472106251641
-49.34691455839945
-49.34691455839945
-52.1194978594471
-52.11949785944711
-52.52401231147891
-52.52401231147892
-50.96408691496176
-50.96408691496176
-52.35544012650491
-52.35544012650491
-49.88706558310589
-49.88706558310589
-49.3388289024962
-49.3388289024962
-53.25997526381363
-53.25997526381363
-50.627165759543004
-50.627165759543004
-52.30628399240043
-52.30628399240043
-50.26288810863726
-50.26288810863726
-52.2531365993941
-52.2531365993941
-52.54350994087005
-52.54350994087005
-50.971534346689126
-50.971534346689126
-49.753059110447424
-49.753059110447424
-52.17875355100931
-52.17875355100931
-50.21417581462613
-50.21417581462613
-49.46377389286909
-49.46377389286909
-52.136547406571594
-52.136547406571594
-52.526499806880715
-52.526499806880715
-50.34700306490849
-50.34700306490849
-52.26540880612306
-52.26540880612306
-50.247275176775794
-50.247275176775794
-49.47641672420432
-49.47641672420432
-52.13839197080444
-52.13839197080444
-52.52676892517541
-52.52676892517541
-50.34710585895007
-50.34710585895007
-49.51454865167481
-49.51454865167481
-49.196540096074344
-49.196540096074344
-52.09755852106761
-52.09755852106761
-52.52081140514757
-52.52081140514757
-50.344830288788096
-50.344830288788096
-49.51367946121672
-49.51367946121672
-49.19620809486205
-49.19620809486205
-52.09751008274353
-52.09751008274353
-51.90277034934143
-51.90277034934143
-50.10875961191302
-50.10875961191302
-49.42350848639763
-49.42350848639763
-49.161765847279874
-49.161765847279874
-49.061789055441984
-49.061789055441984
-51.36969467669417
-51.36969467669417
-49.90514282353748
-49.90514282353748
-52.200942265714595
-52.200942265714595
-50.22265114947688
-50.222651149476874
-52.24726610616851
-52.2472661061685
-50.24034528204085
-50.24034528204084
-49.47376973995403
-49.47376973995403
-49.18096393782124
-49.18096393782124
-52.0952859902051
-52.0952859902051
-52.52047984736309
-52.52047984736309
-50.34470364498366
-50.34470364498366
-49.51363108758789
-49.51363108758789
-52.143821473249375
-52.143821473249375
-52.527561078906366
-52.52756107890637
-50.34740843475098
-50.34740843475098
-52.265467948786025
-50.24729776726286
-52.265467948786025
-50.247297767262864
-49.476425353002554
-49.47642535300256
-52.13839322972914
-52.13839322972914
-50.198759543693974
-50.198759543693974
-49.45788540135278
-49.45788540135278
-52.13568828723761
-52.13568828723761
-50.197726347599826
-50.197726347599826
-52.24362962658303
-52.24362962658303
-50.238956270438585
-50.238956270438585
-52.69210365403664
-52.69210365403664
-52.60755437102357
-52.60755437102357
-52.595218796876956
-52.59521879687696
-52.59341906086379
-52.593419060863795
-52.5931564829182
-52.593156482918204
-53.453036690959436
-53.453036690959436
-49.69910779097934
-49.69910779097934
-49.88506940310415
-49.88506940310415
-48.89306190814567
-48.89306190814567
-51.817213672662916
-51.817213672662916
-52.47990964299329
-52.47990964299329
-49.27164399704169
-49.27164399704169
-52.10851603254572
-52.10851603254573
-52.75847806202681
-52.75847806202681
-50.435610873723405
-50.435610873723405
-49.548354559143405
-49.548354559143405
-49.20945280370682
-49.20945280370682
-49.08000385197705
-49.08000385197705
-52.080556112193165
-52.080556112193165
-50.17666773060655
-50.17666773060655
-53.094659182019896
-53.094659182019896
-52.666286431031644
-52.666286431031644
-50.40039680416154
-50.40039680416154
-49.53490398145298
-49.53490398145298
-52.14692514663647
-52.14692514663647
-52.72951203211913
-52.72951203211913
-50.42454683481782
-50.42454683481782
-49.54412847233432
-49.54412847233432
-49.207838582185154
-49.207838582185154
-52.95330891422522
-52.95330891422522
-50.51002963720609
-50.51002963720609
-49.576779997393054
-49.576779997393054
-49.22031035497307
-49.22031035497307
-52.10102655510267
-52.10102655510267
-50.18448674403322
-50.18448674403322
-49.452433676996996
-49.452433676996996
-52.13489289137355
-52.13489289137355
-50.19742253341427
-50.19742253341427
-49.457374708869246
-49.457374708869246
-52.989715744458096
-52.989715744458096
-50.5239358089324
-50.5239358089324
-49.58209168233911
-49.58209168233911
-52.625945694412536
-52.625945694412536
-50.38498801390425
-50.38498801390425
-49.52901834730021
-49.52901834730021
-53.00016841043589
-53.00016841043589
-50.52792837206287
-50.527928372062874
-49.58361670575272
-49.583616705752725
-52.39010021483021
-52.39010021483021
-50.29490305679682
-50.29490305679682
-52.729943472380775
-52.729943472380775
-53.08521108111702
-53.08521108111702
-53.37311190418661
-53.37311190418661
-50.67038011079251
-50.67038011079251
-49.63802842819092
-49.63802842819092
-52.92409992566763
-52.92409992566763
-50.4988727963541
-50.4988727963541
-49.572518463394665
-49.572518463394665
-49.2186825938299
-49.2186825938299
-48.46549532934514
-48.46549532934514
-52.226968504518155
-52.22696850451815
-53.39379403353035
-53.39379403353034
-50.6782799812421
-50.6782799812421
-52.54980943434279
-52.5498094343428
-50.84216932338563
-50.84216932338563
-52.573720567114165
-52.573720567114165
-50.36503979034306
-50.36503979034306
-49.52139880391502
-49.52139880391502
-49.199156621402
-49.199156621402
-52.57007622196775
-52.57007622196775
-53.06188676362069
-53.06188676362069
-50.551502685249794
-50.551502685249794
-49.59262129212869
-49.59262129212869
-52.391413966277206
-52.391413966277206
-50.2954048651968
-50.2954048651968
-49.494800629313204
-49.494800629313204
-49.188997022742804
-49.188997022742804
-49.072190438915214
-49.072190438915214
-49.02757429400284
-49.02757429400284
-49.010532443093304
-49.010532443093304
-49.004023035277065
-49.004023035277065
-49.0015366627379
-49.0015366627379
-52.06910790356926
-52.06910790356926
-50.17229490402252
-50.17229490402252
-52.71205518396925
-52.71205518396925
-49.0694455975142
-49.0694455975142
-52.079015683627205
-52.079015683627205
-50.1760793392516
-49.44922233412759
-50.1760793392516
-49.44922233412759
-52.13442436276321
-52.134424362763205
-52.52619005896351
-52.5261900589635
-53.84401633590614
-53.84401633590613
-50.85024959825642
-50.85024959825642
-49.706732458863115
-49.706732458863115
-49.26994777833292
-49.26994777833292
-53.67254451532563
-53.67254451532563
-52.986666742393886
-52.986666742393886
-52.74738697011723
-52.747386970117226
-50.431374453586294
-50.431374453586294
-49.546736390641655
-49.546736390641655
-53.50762952852463
-53.50762952852463
-50.721761271203746
-49.65765428508661
-50.721761271203746
-49.65765428508661
-52.40090215207866
-52.400902152078665
-50.299029029681385
-50.299029029681385
-49.49618493696549
-49.49618493696549
-53.83105031381376
-53.831050313813755
-53.48192838173091
-53.4819283817309
-50.7119443066784
-50.71194430667839
-54.37093821638807
-54.37093821638806
-53.16566080403113
-53.16566080403113
-53.125523060772984
-53.125523060772984
-54.21477726973363
-54.21477726973363
-50.11641505789415
-50.11641505789415
-50.95286929445443
-50.95286929445443
-51.07936112326364
-51.07936112326364
-52.60832638433807
-50.37825803631413
-50.37825803631412
-52.60832638433806
-49.52644772460431
-49.52644772460431
-49.2010851374988
-49.2010851374988
-48.4587736991422
-48.4587736991422
-49.41130393742759
-49.41130393742759
-49.15710412439068
-49.15710412439068
-52.32787286783972
-52.32787286783972
-50.271134325276186
-50.271134325276186
-52.49040768368739
-52.49040768368739
-50.33321710057479
-50.33321710057479
-52.73553341603301
-52.73553341603301
-50.42684679881361
-50.42684679881361
-52.513125827406895
-52.513125827406895
-50.959928648064235
-50.959928648064235
-49.74862612803591
-49.74862612803591
-49.285949736043484
-49.285949736043484
-52.34667118923722
-52.34667118923722
-53.41125841986549
-53.41125841986549
-50.68495078322946
-50.68495078322946
-53.40488465748597
-53.40488465748597
-50.6825162226367
-50.6825162226367
-50.26069799917403
-50.26069799917403
-50.09957777488539
-50.09957777488539
-52.70144589780817
-52.70144589780817
-53.69908732977012
-53.69908732977012
-50.7948916438682
-50.794891643868205
-53.42092481288198
-53.420924812881985
-53.18602390005431
-53.18602390005431
-53.76978630749649
-53.76978630749649
-51.4399302391397
-51.4399302391397
-53.27896669812537
-53.278966698125366
-53.25013674729837
-53.25013674729836
-53.24952306615393
-53.24952306615393
-53.54298273347542
-53.54298273347542
-53.472244918666306
-53.472244918666306
-53.83123515342956
-53.83123515342956
-53.38946376351606
-53.389463763516055
-54.55263671045445
-54.55263671045445
