-55.62839479914698
-55.85805944367038
-55.94578353186415
-55.979291151922084
-55.99208992390209
-55.996978619784194
-55.9988459354505
-55.9995591865673
-55.22330220226284
-55.99983162425141
-55.703327840251596
-55.999935686186916
-55.886681318491945
-57.854077400559035
-57.81081808147393
-56.708194549240496
-56.69167095968017
-58.124608213412145
-58.11829676381625
-58.04759610224604
-58.04518534301869
-58.018180093325974
-58.017259265239815
-56.152842211482195
-56.15249048645108
-57.29444850737029
-57.29431416036309
-55.87640134437899
-55.87635002838852
-57.18885749201636
-57.18883789105217
-55.8360691654204
-55.83606167851829
-55.937383992994725
-55.93738113325259
-57.83018477981347
-57.830183687489175
-56.699068380196
-56.69906796296525
-56.88505434952443
-56.88505419015647
-56.9560946683773
-56.956094607504156
-56.98322965560746
-56.98322963235599
-56.99359429844509
-56.99359428956382
-56.379519250977914
-56.37951924758558
-56.14496345448866
-56.1449634531929
-56.05537111248807
-56.05537111199313
-56.02114988297555
-56.0211498827865
-55.39004454768868
-55.390044547616476
-55.148983760090495
-55.14898376006292
-55.05690673258281
-55.05690673257227
-55.021736437657935
-55.02173643765391
-55.00830258039099
-55.00830258038945
-55.00317130351503
-55.00317130351444
-55.0012113301541
-55.00121133015387
-55.000462686947266
-55.00046268694718
-55.000176730687706
-55.00017673068767
-55.00006750511585
-55.00006750511584
-55.00002578465984
-55.00002578465983
-55.00000984886367
-55.00000984886367
-55.00000376193117
-55.00000376193117
-53.763933459430056
-53.763933459430056
-54.52786459385878
-54.52786459385878
-54.81966032214629
-54.81966032214629
-54.93111637258009
-54.93111637258009
-54.97368879559398
-54.97368879559398
-54.989950014201845
-54.989950014201845
-54.99616124701156
-54.99616124701156
-54.99853372683283
-54.99853372683283
-54.99943993348693
-54.99943993348693
-54.999786073627966
-54.999786073627966
-54.99991828739697
-54.99991828739697
-54.99996878856295
-54.99996878856295
-54.38195408954199
-54.38195408954199
-54.14589348006302
-54.14589348006302
-54.05572635064707
-54.05572635064707
-54.63931956062808
-54.63931956062808
-54.24419834248728
-54.24419834248728
-54.711309455583645
-54.711309455583645
-54.88973002426366
-54.88973002426366
-54.957880617207344
-54.957880617207344
-54.98391182735838
-54.98391182735838
-54.99385486486778
-54.99385486486778
-54.99765276724495
-54.99765276724495
-54.99910343686708
-54.99910343686708
-54.999657543356285
-54.999657543356285
-53.76380121570198
-53.76380121570198
-53.29174610374967
-53.29174610374967
-53.72947108429691
-53.72947108429691
-53.896667149141074
-53.896667149141074
-53.96053036312632
-53.96053036312632
-53.98492394023787
-53.98492394023787
-53.99424145758729
-53.99424145758729
-53.997800432524
-53.997800432524
-53.99915983998472
-53.99915983998472
-53.99967908743015
-53.99967908743015
-53.99987742230574
-53.99987742230574
-53.99995317948705
-53.99995317948705
-53.99998211615542
-53.99998211615542
-53.99999316897922
-53.99999316897922
-53.99999739078224
-53.99999739078224
-53.9999990033675
-53.9999990033675
-53.999999619320256
-53.999999619320256
-53.99999985459328
-53.99999985459328
-52.76393196695978
-52.76393196695978
-53.52786402378587
-53.52786402378587
-53.20162611564792
-53.20162611564792
-53.69504831190778
-53.69504831190778
-53.88351882007543
-53.88351882007543
-53.95550814831851
-53.95550814831851
-53.983005624880086
-53.983005624880086
-53.99350872632176
-53.99350872632176
-53.99752055408519
-53.99752055408519
-53.99905293593381
-53.99905293593381
-53.99963825371624
-53.99963825371624
-53.99986182521491
-53.99986182521491
-53.99994722192848
-53.99994722192848
-52.14587787432085
-52.14587787432085
-53.29178836728377
-53.29178836728377
-53.729487227530456
-53.729487227530456
-53.8966733153076
-53.8966733153076
-53.96053271839235
-53.96053271839235
-53.98492483986944
-53.98492483986944
-53.99424180121598
-53.99424180121598
-53.99780056377848
-53.99780056377848
-53.999159890119465
-53.999159890119465
-53.99967910657992
-53.99967910657992
-53.9998774296203
-53.9998774296203
-53.99995318228097
-53.99995318228097
-52.14588015097292
-52.14588015097292
-53.29178923688748
-53.29178923688748
-54.34752154843941
-54.34752154843941
-54.750775408430755
-54.750775408430755
-53.66873669935307
-53.66873669935307
-54.491502667128245
-54.491502667128245
-54.80577130203166
-54.80577130203166
-54.92581123896673
-54.92581123896673
-54.97166241486853
-54.97166241486853
-54.989176005638875
-54.989176005638875
-54.995865602048084
-54.995865602048084
-54.998420800505386
-54.998420800505386
-54.99939679946807
-54.99939679946807
-54.99976959789883
-54.99976959789883
-54.999911994228434
-54.999911994228434
-54.381932396036575
-54.381932396036575
-54.145885193881284
-54.145885193881284
-54.055723185607285
-54.055723185607285
-54.02128436294056
-54.02128436294056
-54.0081299032144
-54.0081299032144
-54.003105346702654
-54.003105346702654
-54.00118613689356
-54.00118613689356
-54.00045306397803
-54.00045306397803
-54.00017305504053
-54.00017305504053
-54.00006610114356
-54.00006610114356
-54.000025248390145
-54.000025248390145
-54.000009644026875
-54.000009644026875
-54.00000368369048
-54.00000368369048
-54.00000140704456
-54.00000140704456
-54.0000005374432
-54.0000005374432
-54.00000020528503
-54.00000020528503
-54.00000007841191
-54.00000007841191
-54.000000029950684
-54.000000029950684
-54.00000001144014
-54.00000001144014
-54.000000004369745
-54.000000004369745
-54.00000000166909
-54.00000000166909
-54.000000000637534
-54.000000000637534
-53.381966011493624
-53.381966011493624
-53.763932022593224
-53.763932022593224
-53.909830056286054
-53.909830056286054
-53.96555814626494
-53.96555814626494
-53.98684438250876
-53.98684438250876
-52.14087303501165
-52.14087303501165
-53.289876688775884
-53.289876688775884
-53.72875703131601
-53.72875703131601
-53.89639440517214
-53.89639440517214
-53.96042618420041
-53.96042618420041
-53.984884147429085
-52.14012429183716
-53.984884147429085
-52.14012429183716
-53.28959069433208
-53.28959069433208
-53.72864779115907
-53.72864779115907
-53.896352679145124
-53.896352679145124
-53.960410246276304
-53.960410246276304
-53.98487805968379
-53.98487805968379
-53.99422393277506
-53.99422393277506
-53.99779373864138
-53.99779373864138
-53.999157283149074
-53.999157283149074
-53.99967811080584
-53.99967811080584
-54.617911038018335
-54.617911038018335
-54.85405500324917
-54.85405500324917
-54.32621998297928
-54.32621998297928
-54.124604945688674
-54.124604945688674
-54.04759485408674
-54.04759485408674
-54.63621360532144
-54.63621360532144
-54.86104596187757
-54.86104596187757
-54.328890291561386
-54.328890291561386
-54.74365890155648
-54.74365890155648
-54.90208641310806
-54.90208641310806
-53.10849837151801
-53.10849837151801
-52.42340870144597
-52.42340870144597
-54.633863687819485
-54.633863687819485
-53.0060464070129
-53.0060464070129
-52.38427553321922
-52.38427553321922
-54.61891614764433
-54.61891614764433
-55.47247290971377
-55.47247290971377
-53.32636662649742
-53.32636662649742
-54.97876292477805
-54.97876292477805
-56.22795613658664
-56.22795613658664
-53.614935541232406
-53.614935541232406
-55.70702043086005
-55.70702043086005
-56.50612575134773
-56.50612575134773
-56.811356823183154
-56.811356823183154
-57.545978706951615
-57.545978706951615
-56.590511320171906
-56.590511320171906
-57.46162323106389
-57.46162323106389
-56.55829039551996
-56.55829039551996
-57.449315932995795
-57.449315932995795
-56.55358942596763
-56.55358942596763
-58.065554311156774
-58.065554311156774
-56.78897154125301
-56.78897154125301
-58.15546227885194
-58.15546227885194
-56.823313329053136
-56.823313329053136
-58.16857967455716
-56.82832372836865
-58.16857967455716
-56.82832372836865
-55.6983575217989
-55.6983575217989
-55.26674883702803
-55.26674883702803
-54.48385500053531
-54.48385500053531
-54.18481616457789
-54.18481616457789
-54.07059349319836
-54.07059349319836
-54.64499830376708
-54.64499830376708
-54.864401418102894
-54.864401418102894
-54.94820595054159
-54.94820595054159
-54.98021643352188
-54.98021643352188
-54.992443350024054
-54.992443350024054
-54.99711361655027
-54.99711361655027
-54.38086351087687
-54.38086351087687
-54.14547691608035
-54.14547691608035
-54.05556723736418
-54.05556723736418
-54.021224796012184
-54.021224796012184
-54.00810715067237
-54.00810715067237
-54.00309665600493
-54.00309665600493
-52.765114839842624
-52.765114839842624
-54.14634982977263
-54.14634982977263
-52.81983268322559
-52.81983268322559
-54.16725018615384
-54.16725018615384
-52.82781590898623
-52.82781590898623
-51.69816355205496
-51.69816355205496
-51.266674747178634
-51.26667474717864
-53.57399664448053
-53.57399664448054
-53.837281197513065
-53.83728119751307
-52.08374498180899
-52.08374498180899
-53.26805571416358
-53.26805571416358
-51.86632019443207
-51.86632019443207
-51.33090486913263
-51.33090486913263
-53.59853036796541
-53.59853036796541
-54.4646862347636
-54.4646862347636
-52.94142637007569
-52.94142637007569
-52.35959287546348
-52.35959287546348
-52.13735225631474
-52.13735225631474
-51.43442990473085
-51.43442990473085
-51.1659374578778
-51.1659374578778
-51.06338246890257
-51.06338246890257
-51.0242099488299
-51.0242099488299
-51.00924737758712
-51.00924737758712
-51.003532183931476
-51.003532183931476
-51.619383162957206
-51.619383162957206
-51.854617304940135
-51.854617304940135
-51.94446875186319
-51.94446875186319
-51.978788950649445
-51.978788950649445
-51.99189810008514
-51.99189810008514
-51.996905349605974
-51.996905349605974
-51.380783959982885
-51.380783959982885
-51.14544653034268
-51.14544653034268
-50.437521642295266
-50.437521642295266
-52.6392543515427
-52.6392543515427
-52.24417343483304
-52.24417343483304
-53.3293339304562
-53.3293339304562
-53.12579436778567
-53.12579436778567
-52.430015184150925
-52.430015184150925
-54.018353150916795
-54.018353150916795
-52.15290831359987
-52.15290831359987
-51.44037178988283
-51.44037178988283
-51.168207056048615
-51.168207056048615
-51.064249378263014
-51.064249378263014
-51.02454107874042
-51.02454107874042
-51.00937385795825
-51.00937385795825
-51.00358049513434
-51.00358049513434
-51.001367627444765
-51.001367627444765
-51.00052238719995
-51.00052238719995
-51.000199534155094
-51.000199534155094
-50.38204222651544
-50.38204222651544
-49.52789315664132
-49.52789315664132
-50.4377052209083
-50.4377052209083
-50.785222506083585
-50.785222506083585
-49.68189431984266
-49.68189431984266
-49.8784944421943
-49.8784944421943
-49.95358900674024
-49.95358900674024
-50.60030656677631
-50.60030656677631
-50.84733069358869
-50.84733069358869
-51.55971950273965
-51.55971950273965
-51.83182781463025
-51.83182781463025
-51.9357639411511
-51.9357639411511
-51.97546400882306
-51.97546400882306
-51.99062808531808
-51.99062808531808
-51.99642024713117
-51.99642024713117
-51.99863265607543
-51.99863265607543
-51.999477721095126
-51.999477721095126
-51.38176651846005
-51.38176651846005
-51.14582183428502
-51.14582183428502
-51.05569898439502
-51.05569898439502
-51.63930910764994
-51.63930910764994
-51.244194349804914
-51.244194349804914
-51.71130793051469
-51.71130793051469
-51.27169545298926
-51.27169545298926
-51.721812417203
-51.721812417203
-51.27570780986983
-51.27570780986983
-51.723345001156375
-51.723345001156375
-51.894327193599295
-51.894327193599295
-51.95963657964152
-51.95963657964152
-51.98458254532526
-51.98458254532526
-51.99411105633426
-51.99411105633426
-51.99775062367752
-51.99775062367752
-51.9991408146983
-51.9991408146983
-50.7636038429176
-50.7636038429176
-51.527738691554276
-51.527738691554276
-51.81961223174523
-51.81961223174523
-51.93109800368142
-51.93109800368142
-51.97368177929902
-51.97368177929902
-51.98994733421565
-51.98994733421565
-51.99616022334792
-51.99616022334792
-51.998533335828114
-51.998533335828114
-51.99943978413642
-51.99943978413642
-51.99978601658115
-51.99978601658115
-51.99991826560703
-51.99991826560703
-51.99996878023993
-51.99996878023993
-51.999988075112775
-51.999988075112775
-51.99999544509839
-51.99999544509839
-51.9999982601824
-51.9999982601824
-51.99999933544881
-51.99999933544881
-51.999999746164036
-51.999999746164036
-51.99999990304329
-51.99999990304329
-51.99999996296583
-51.99999996296583
-51.9999999858542
-51.9999999858542
-51.999999994596784
-51.999999994596784
-51.99999999793616
-51.99999999793616
-51.99999999921168
-51.99999999921168
-51.999999999698886
-51.999999999698886
-51.999999999884984
-51.999999999884984
-51.99999999995607
-51.99999999995607
-51.99999999998322
-51.99999999998322
-51.99999999999359
-51.99999999999359
-51.99999999999755
-51.99999999999755
-51.99999999999906
-51.99999999999906
-51.999999999999645
-51.999999999999645
-51.999999999999865
-51.999999999999865
-51.99999999999995
-51.99999999999995
-51.99999999999998
-51.99999999999998
-51.99999999999999
-51.99999999999999
-52
-52
-52
-52
-52
-52
-52
-52
-52
-52
-52
-52
-52
-52
-52
-52
-52
-52
-52
-52
-52
-52
-52
-52
-52
-52
-52
-52
-52
-52
-52
-52
-52
-52
-52
-52
-52
-52
-52
-52
-52
-52
-52
-52
-52
-52
-52
-52
-52
-52
-52
-52
-52
-52
-52
-52
-52
-52
-52
-52
-52
-52
-52
-52
-52
-52
-52
-52
-52
-52
-52
-52
-52
-52
-52
-52
-52
-52
-52
-52
-52
-52
-52
-52
-52
-52
-52
-52
-52
-52
-52
-52
-52
-52
-52
-52
-52
-52
-52
-52
-52
-52
-52
-52
-52
-52
-52
-52
-52
-52
-51.38196601125011
-51.38196601125011
-51.763932022500214
-51.763932022500214
-51.90983005625053
-51.90983005625053
-51.96555814625137
-51.96555814625137
-51.98684438250358
-51.98684438250358
-51.99497500125936
-51.99497500125936
-51.998080621274504
-51.998080621274504
-51.99926686256414
-51.99926686256414
-51.99971996641793
-51.99971996641793
-51.99989303668964
-51.99989303668964
-51.99995914365099
-51.99995914365099
-51.999984394263336
-51.999984394263336
-51.99999403913901
-51.99999403913901
-51.999997723153704
-51.999997723153704
-51.9999991303221
-51.9999991303221
-51.9999996678126
-51.9999996678126
-51.999999873115705
-51.999999873115705
-51.99999995153451
-51.99999995153451
-51.99999998148783
-51.99999998148783
-51.999999992928984
-51.999999992928984
-51.99999999729911
-51.99999999729911
-51.999999998968356
-51.999999998968356
-51.99999999960595
-51.99999999960595
-51.999999999849486
-51.999999999849486
-51.99999999994251
-51.99999999994251
-51.999999999978044
-51.999999999978044
-51.999999999991616
-51.999999999991616
-51.999999999996795
-51.999999999996795
-51.99999999999878
-51.99999999999878
-51.99999999999953
-51.99999999999953
-51.99999999999982
-51.99999999999982
-51.99999999999993
-51.99999999999993
-51.99999999999997
-51.99999999999997
-51.999999999999986
-51.999999999999986
-51.99999999999999
-51.99999999999999
-52
-52
-52
-52
-52
-52
-52
-52
-52
-52
-52
-52
-52
-52
-52
-52
-52
-52
-52
-52
-52
-52
-52
-52
-52
-52
-52
-52
-52
-52
-52
-52
-50.763932022500214
-50.763932022500214
-51.52786404500042
-51.52786404500042
-51.819660112501055
-51.819660112501055
-51.931116292502736
-51.931116292502736
-51.973688765007154
-51.973688765007154
-51.98995000251872
-51.98995000251872
-51.996161242549
-51.996161242549
-51.99853372512828
-51.99853372512828
-51.999439932835855
-51.999439932835855
-51.999786073379276
-51.999786073379276
-51.99991828730198
-51.99991828730198
-51.99996878852667
-51.99996878852667
-51.99998807827803
-51.99998807827803
-51.99999544630741
-51.99999544630741
-51.999998260644205
-51.999998260644205
-51.38196534687531
-51.38196534687531
-51.14589777998172
-51.14589777998172
-51.67376198181976
-51.67376198181976
-51.87538816547755
-51.87538816547755
-51.9524025146129
-51.9524025146129
-51.98181937836115
-51.98181937836115
-51.375021631720664
-51.375021631720664
-51.143245516800846
-51.143245516800846
-51.05471491868188
-51.05471491868188
-51.638933227994684
-51.638933227994684
-51.244050776552285
-51.244050776552285
-51.711253090412065
-51.711253090412065
-51.27167450593401
-51.27167450593401
-51.721804416139854
-51.721804416139854
-51.27570475373565
-51.27570475373565
-51.1053098450671
-51.1053098450671
-51.040224781465646
-51.040224781465646
-51.01536449932984
-51.01536449932984
-51.00586871652387
-51.00586871652387
-51.00224165024178
-51.00224165024178
-51.00085623420147
-51.00085623420147
-52.854429018612315
-52.854429018612315
-51.708328855385794
-51.708328855385794
-53.12465951379475
-53.12465951379475
-53.04761569724856
-53.04761569724856
-53.63622156670082
-53.63622156670082
-53.861049002853896
-53.861049002853896
-52.09282347561119
-52.09282347561119
-51.41742142397968
-51.41742142397968
-53.01354276257754
-53.01354276257754
-53.62320686375295
-53.62320686375295
-53.85607782868129
-53.85607782868129
-52.09092465604125
-52.09092465604125
-53.27079810569215
-53.27079810569216
-53.72146966103521
-53.721469661035215
-52.03950891116379
-52.03950891116379
-53.25115903870586
-53.25115903870586
-51.8598662387041
-51.8598662387041
-51.328439677406436
-51.328439677406436
-50.507418804765315
-50.507418804765315
-52.66595269188908
-52.66595269188908
-53.49043927090193
-53.49043927090193
-53.80536512081672
-53.80536512081672
-52.07155412529853
-52.07155412529853
-50.79126326632898
-50.79126326632898
-52.77437162868799
-52.77437162868799
-51.05971566473541
-51.05971566473541
-51.022809354268134
-51.022809354268134
-52.86281436431867
-52.86281436431867
-53.565633738687886
-53.565633738687886
-51.979984885495305
-51.979984885495305
-53.22842288404772
-53.22842288404772
-51.85118180039816
-51.85118180039816
-53.17922448339645
-53.17922448339645
-53.6864916497912
-53.6864916497912
-53.88025046597714
-53.88025046597714
-53.95425974814023
-53.95425974814023
-53.98252877844355
-53.98252877844355
-53.99332658719042
-53.99332658719042
-53.9974509831277
-53.9974509831277
-53.99902636219268
-53.99902636219268
-53.999628103450334
-53.999628103450334
-53.99985794815833
-53.99985794815833
-53.999945741024646
-53.999945741024646
-52.14587730866592
-52.14587730866592
-53.29178815122281
-53.29178815122281
-53.729487145002516
-53.729487145002516
-52.04257131753505
-52.04257131753505
-51.39822680760263
-51.39822680760263
-53.00621107152253
-53.00621107152253
-53.620406406964946
-53.620406406964946
-52.00090618312262
-52.00090618312262
-53.2364141086526
-53.2364141086526
-53.70833614283518
-53.70833614283518
-52.65252634235314
-52.65252634235314
-53.48531086172404
-53.48531086172404
-51.94930427656929
-51.94930427656929
-53.21670393423352
-53.21670393423352
-52.464739548631485
-52.46473954863149
-53.413582689160734
-53.413582689160734
-51.92190655260103
-51.92190655260103
-50.734102979892455
-50.734102979892455
-50.280402387076336
-50.280402387076336
-52.57924013633613
-52.57924013633614
-51.60321605568238
-51.60321605568239
-51.23040803071102
-51.230408030711025
-51.706042025200574
-51.706042025200574
-53.12378602239049
-53.1237860223905
-53.665316041970904
-53.66531604197091
-52.01806013727254
-52.01806013727255
-53.242966336096416
-53.242966336096416
-51.85673690476701
-51.85673690476701
-53.1813463444543
-53.1813463444543
-52.4512341510961
-52.4512341510961
-53.408424086333795
-53.408424086333795
-53.774038107905284
-53.774038107905284
-52.67762225988226
-52.67762225988226
-53.4948966492413
-53.4948966492413
-51.95296572159195
-51.95296572159195
-53.21810248178424
-53.21810248178424
-53.70134172376077
-53.70134172376077
-53.88592268949807
-53.88592268949807
-53.95642634473344
-53.95642634473344
-53.983356344702244
-53.983356344702244
-53.993642689373296
-53.993642689373296
-52.76150374591785
-52.76150374591785
-53.526936525880046
-53.526936525880046
-51.9652038654726
-51.9652038654726
-53.840811025537334
-53.840811025537334
-53.9391952223895
-53.9391952223895
-52.12267267538148
-52.12267267538148
-53.282924770004634
-53.282924770004634
-53.10806764588252
-53.10806764588252
-53.65931215639283
-53.65931215639283
-53.86986882329597
-53.86986882329597
-52.09619234724539
-52.09619234724539
-53.272810184689895
-53.272810184689895
-51.868136240574614
-51.868136240574614
-53.185700503283634
-53.185700503283634
-53.07093128052639
-53.07093128052639
-53.64512732704542
-53.64512732704542
-53.86445070060988
-53.86445070060988
-53.94822477478421
-53.94822477478421
-53.980223623742745
-53.980223623742745
-53.37441210769414
-53.37441210769414
-53.76104668808957
-53.76104668808957
-53.90872795657457
-53.90872795657457
-53.96513718163414
-53.96513718163414
-53.98668358832786
-53.98668358832786
-53.99491358334943
-53.99491358334943
-53.998057161720425
-53.998057161720425
-53.999257901811845
-53.999257901811845
-53.99971654371512
-53.99971654371512
-53.381857740583605
-53.381857740583605
-53.76389066678559
-53.76389066678559
-53.90981425977317
-53.90981425977317
-53.96555211253392
-53.96555211253392
-53.98684207782859
-53.98684207782859
-53.994974120951845
-53.994974120951845
-53.99808028502695
-53.99808028502695
-53.99926673412901
-53.99926673412901
-53.999719917360075
-53.999719917360075
-53.99989301795121
-53.99989301795121
-53.99995913649355
-53.99995913649355
-53.99998439152944
-53.99998439152944
-53.999994038094755
-53.999994038094755
-53.999997722754834
-53.999997722754834
-53.99999913016975
-53.99999913016975
-53.99999966775441
-53.99999966775441
-53.99999987309348
-53.99999987309348
-52.763931974026235
-52.763931974026235
-53.52786402648501
-53.52786402648501
-53.819660105428795
-53.819660105428795
-53.93111628980137
-53.93111628980137
-53.973688763975325
-53.973688763975325
-53.989950002124594
-53.989950002124594
-53.99616124239846
-53.99616124239846
-53.998533725070786
-53.998533725070786
-53.99943993281389
-53.99943993281389
-53.99978607337089
-53.99978607337089
-53.999918287298776
-53.999918287298776
-53.99996878852544
-53.99996878852544
-53.99998807827756
-53.99998807827756
-53.99999544630723
-53.99999544630723
-53.99999826064413
-53.99999826064413
-53.999999335625176
-53.999999335625176
-53.999999746231396
-53.999999746231396
-53.99999990306902
-53.99999990306902
-53.381965974225764
-53.381965974225764
-53.76393200835817
-53.76393200835817
-53.90983005084875
-53.90983005084875
-53.96555814418807
-53.96555814418807
-53.36881039296557
-53.36881039296557
-53.14087303470864
-53.14087303470864
-53.05380871116036
-53.05380871116036
-53.02055309877243
-53.02055309877243
-53.00785058515694
-53.00785058515694
-53.002998656698374
-53.002998656698374
-53.001145384938184
-53.001145384938184
-53.000437498116185
-53.000437498116185
-53.00016710941037
-53.00016710941037
-53.00006383011492
-53.00006383011492
-53.00002438093439
-53.00002438093439
-53.00000931268826
-53.00000931268826
-53.00000355713039
-53.00000355713039
-53.00000135870291
-53.00000135870291
-53.00000051897833
-53.00000051897833
-53.00000019823209
-53.00000019823209
-53.00000007571792
-53.00000007571792
-53.000000028921676
-53.000000028921676
-53.0000000110471
-53.0000000110471
-53.000000004219615
-53.000000004219615
-53.00000000161175
-53.00000000161175
-53.000000000615636
-53.000000000615636
-53.000000000235154
-53.000000000235154
-53.00000000008982
-53.00000000008982
-53.000000000034305
-53.000000000034305
-53.0000000000131
-53.0000000000131
-53.000000000005
-53.000000000005
-53.00000000000191
-53.00000000000191
-53.00000000000073
-53.00000000000073
-53.00000000000028
-53.00000000000028
-53.00000000000011
-53.00000000000011
-53.00000000000004
-53.00000000000004
-53.000000000000014
-53.000000000000014
-53.00000000000001
-53.00000000000001
-53
-53
-53
-53
-53
-53
-52.38196601125011
-52.38196601125011
-52.14589803375031
-52.14589803375031
-52.05572809000084
-52.05572809000084
-52.02128623625221
-52.02128623625221
-52.008130618755786
-52.008130618755786
-52.00310562001514
-52.00310562001514
-52.001186241289645
-52.001186241289645
-52.000453103853786
-52.000453103853786
-52.000173070271714
-52.000173070271714
-52.000066106961356
-52.000066106961356
-52.000025250612346
-52.000025250612346
-52.00000964487568
-52.00000964487568
-51.3819696952648
-51.3819696952648
-50.52786545216882
-50.52786545216882
-49.58359267249176
-49.58359267249176
-49.222912565306466
-49.222912565306466
-49.703179012177536
-49.703179012177536
-49.886624471226135
-49.886624471226135
-48.72062642400108
-48.72062642400108
-48.89328878952701
-48.89328878952701
-48.95923994457996
-48.95923994457996
-48.984431044212876
-48.984431044212876
-48.994053188058665
-48.994053188058665
-48.37969453121322
-48.37969453121322
-48.76306439433089
-48.76306439433089
-48.909498651779444
-48.909498651779444
-48.965431561007435
-48.965431561007435
-48.98679603124287
-48.98679603124287
-47.758888555221375
-47.758888555221375
-49.14397160067095
-49.14397160067095
-49.67302624679147
-49.67302624679147
-48.63903916220367
-48.63903916220367
-48.86212522856944
-48.86212522856944
-48.947336523504646
-48.947336523504646
-48.36185035319461
-48.36185035319461
-48.75624852482908
-48.75624852482908
-48.906895221292636
-48.906895221292636
-48.34640315029893
-48.34640315029893
-48.75034821835405
-48.75034821835405
-48.90464150476321
-48.90464150476321
-49.58161028468549
-49.58161028468549
-49.84018934929325
-49.84018934929325
-49.32092377444436
-49.32092377444436
-49.74061596278973
-49.74061596278973
-49.28289012517495
-49.28289012517495
-49.10805441273512
-49.10805441273512
-48.423239124280514
-48.423239124280514
-48.77969694885631
-48.77969694885631
-48.915851722288416
-48.915851722288416
-48.96785821800894
-48.96785821800894
-48.9877229317384
-48.9877229317384
-48.995310577206276
-48.995310577206276
-48.38017481113052
-48.38017481113052
-49.38128183368508
-49.38128183368508
-49.145636701174816
-49.145636701174816
-48.437594281089474
-48.437594281089474
-48.7851801308435
-48.7851801308435
-48.91794611144102
-48.91794611144102
-47.73259022597978
-47.73259022597978
-48.5158925439981
-48.5158925439981
-48.81508740601452
-48.81508740601452
-48.929369674045454
-48.929369674045454
-48.97302161612185
-48.97302161612185
-48.98969517432009
-48.98969517432009
-48.37802991808852
-48.37802991808852
-48.76242856869537
-48.76242856869537
-48.909255787997594
-48.909255787997594
-48.34730480654751
-48.34730480654751
-48.75069262039484
-48.75069262039484
-48.904773054637
-48.904773054637
-48.34559255476627
-48.34559255476627
-48.132004609661806
-48.132004609661806
-48.66845526296904
-48.66845526296904
-48.25532719049542
-48.25532719049542
-48.715560297267125
-48.715560297267125
-48.27331971255607
-48.27331971255607
-48.72243282915096
-48.72243282915096
-48.893978774896816
-48.893978774896816
-49.57753748428938
-49.57753748428938
-48.60256570047154
-48.60256570047154
-48.84819360587513
-48.84819360587513
-48.323981128403965
-48.323981128403965
-48.74178376808666
-48.74178376808666
-48.90137017585603
-48.90137017585603
-48.344292770731535
-48.344292770731535
-48.74954212508847
-48.74954212508847
-48.28629961578397
-48.28629961578397
-48.727390711013335
-48.727390711013335
-48.89587251725604
-48.89587251725604
-48.96022684075477
-48.96022684075477
-48.98480800500828
-48.98480800500828
-48.376163185520184
-48.376163185520184
-48.76171554030217
-48.76171554030217
-48.90898343538633
-48.90898343538633
-48.96523476585683
-48.96523476585683
-48.98672086218416
-48.98672086218416
-48.994927820695644
-48.994927820695644
-48.99806259990277
-48.99806259990277
-48.38122599026277
-48.38122599026277
-48.145615370885544
-48.145615370885544
-48.67365411114375
-48.67365411114375
-48.875346962545706
-48.875346962545706
-48.95238677649337
-48.95238677649337
-48.98181336693441
-48.98181336693441
-49.61108731305976
-49.61108731305976
-49.233414583494984
-49.233414583494984
-49.70719042617508
-49.70719042617508
-49.27012270628036
-49.27012270628036
-48.4851437039161
-48.4851437039161
-48.80334239421783
-48.80334239421783
-48.30684948998749
-48.30684948998749
-48.117206075744654
-48.117206075744654
-48.66280272599636
-48.66280272599636
-48.87120210224442
-48.87120210224442
-48.9508035807369
-48.9508035807369
-48.98120863996629
-48.98120863996629
-48.99282233916196
-48.99282233916196
-48.997258377519586
-48.997258377519586
-48.38091880464691
-48.38091880464691
-48.76353202517103
-48.76353202517103
-48.2916432821163
-48.2916432821163
-48.729431809927746
-48.729431809927746
-48.89665214766694
-48.89665214766694
-48.342490644323185
-48.342490644323185
-49.36688776280239
-49.36688776280239
-49.140138655334106
-49.140138655334106
-49.053528203199924
-49.053528203199924
-48.40241196551577
-48.40241196551577
-48.15370769334737
-48.15370769334737
-48.67674510327625
-48.67674510327625
-48.25849362773147
-48.25849362773147
-48.71676976866805
-48.71676976866805
-48.89181567827269
-48.89181567827269
-48.340643277400126
-48.340643277400126
-48.13011415392769
-48.13011415392769
-48.66773317313284
-48.66773317313284
-48.25505137672093
-48.25505137672093
-48.09742095702994
-48.09742095702994
-47.419177505619
-47.419177505619
-48.396179537326844
-48.396179537326844
-48.76936110636154
-48.76936110636154
-48.91190378175778
-48.91190378175778
-48.9663502389118
-48.9663502389118
-48.98714693497762
-48.98714693497762
-48.99509056602106
-48.99509056602106
-48.99812476308557
-48.99812476308557
-48.99928372323565
-48.99928372323565
-48.99972640662137
-48.99972640662137
-48.99989549662846
-48.99989549662846
-48.999960083264014
-48.999960083264014
-48.999984753163574
-48.999984753163574
-48.99999417622671
-48.99999417622671
-48.99999777551655
-48.99999777551655
-48.99999915032293
-48.99999915032293
-48.99999967545224
-48.99999967545224
-48.99999987603378
-48.99999987603378
-48.99999995264912
-48.99999995264912
-48.999999981913575
-48.999999981913575
-48.9999999930916
-48.9999999930916
-48.99999999736123
-48.99999999736123
-48.99999999899208
-48.99999999899208
-48.38196601086511
-48.38196601086511
-48.14589803360326
-48.14589803360326
-48.673762078694566
-48.673762078694566
-48.87538820248044
-48.87538820248044
-48.33436853999685
-48.33436853999685
-48.12771741751012
-48.12771741751012
-46.81271573503371
-46.81271573503371
-48.164531753840706
-48.16453175384071
-48.68087952648841
-48.68087952648842
-48.878106825624535
-48.878106825624535
-48.95344095038519
-48.95344095038519
-48.98221602553104
-48.98221602553104
-48.99320712620791
-48.99320712620791
-49.6154393418426
-49.61543934184261
-49.23507691057001
-49.23507691057001
-49.08979138986742
-49.08979138986742
-49.034297259032265
-49.034297259032265
-49.013100387229365
-49.013100387229365
-49.00500390265583
-49.00500390265583
-49.00191132073813
-49.00191132073813
-49.00073005955856
-49.00073005955856
-49.00027885793756
-49.00027885793756
-49.000106514254114
-49.000106514254114
-49.00004068482478
-49.00004068482478
-49.00001554022024
-49.00001554022024
-47.14590396958626
-47.14590396958626
-48.29179833478821
-48.29179833478821
-48.11145704602848
-48.11145704602848
-48.66060679204711
-48.66060679204711
-48.87036333011286
-48.87036333011286
-48.950483198291465
-48.950483198291465
-48.98108626476153
-48.98108626476153
-47.75670761849333
-47.75670761849333
-47.90707057946836
-47.90707057946836
-48.58253810866164
-48.58253810866164
-48.84054374651656
-48.84054374651656
-48.93909313088805
-48.93909313088805
-48.976735646147574
-48.976735646147574
-48.991113807554676
-48.991113807554676
-48.99660577651646
-48.99660577651646
-48.380669533244806
-48.380669533244806
-48.76343681196785
-48.76343681196785
-48.29160691390886
-48.29160691390886
-48.111383929758716
-48.111383929758716
-48.0425448753673
-48.0425448753673
-48.63428468509307
-48.63428468509307
-48.24227519116203
-48.24227519116203
-48.71057487714291
-48.71057487714291
-48.88944944026671
-48.88944944026671
-48.95777344365721
-48.95777344365721
-47.129768924455234
-47.129768924455234
-48.28563529595817
-48.28563529595817
-48.727136963419284
-48.727136963419284
-48.89577559429967
-48.89577559429967
-48.34215583072984
-48.34215583072984
-48.74872588663974
-48.74872588663974
-48.904021829189375
-48.904021829189375
-48.963339600928386
-48.963339600928386
-47.131895007346095
-47.131895007346095
-48.28644738735958
-48.28644738735958
-48.727447154732644
-48.727447154732644
-48.89589407683836
-48.89589407683836
-48.960235075782435
-48.960235075782435
-48.98481115050895
-48.98481115050895
-47.140096409494745
-47.140096409494745
-48.28958004422496
-48.28958004422496
-48.728643723180134
-48.728643723180134
-48.27831713656554
-48.27831713656554
-48.72434167526639
-48.72434167526639
-48.894707889233615
-48.894707889233615
-48.95978199243446
-48.95978199243446
-49.60267207681966
-49.60267207681966
-49.230200249274624
-49.230200249274624
-49.08792867100421
-49.08792867100421
-47.17948379748832
-47.17948379748832
-47.68659069896053
-47.68659069896053
-48.498322288143164
-48.498322288143164
-48.19034217671907
-48.19034217671907
-48.69073823076394
-48.69073823076394
-48.26383852682286
-48.26383852682286
-48.10077734970463
-48.10077734970463
-48.65652751104093
-48.65652751104093
-48.25077119466826
-48.25077119466826
-48.713820061713754
-48.713820061713754
-48.890688990473
-48.890688990473
-48.95824690970525
-48.95824690970525
-48.98405173864275
-48.98405173864275
-48.993908306223
-48.993908306223
-48.99767318002624
-48.99767318002624
-48.99911123385573
-48.99911123385573
-48.381626532791046
-48.381626532791046
-48.763802353267295
-48.763802353267295
-48.909780527010845
-48.909780527010845
-48.96553922776525
-48.96553922776525
-48.98683715628489
-48.98683715628489
-48.376938252339535
-48.376938252339535
-48.76201158948361
-48.76201158948361
-48.909096516111305
-48.909096516111305
-48.965277958850294
-48.965277958850294
-48.986737360439584
-48.986737360439584
-48.99493412246846
-48.99493412246846
-48.998065006965795
-48.998065006965795
-48.381226909679036
-48.381226909679036
-48.7636497108212
-48.7636497108212
-48.909722222784566
-48.909722222784566
-48.3474829687826
-48.3474829687826
-48.75076067231313
-48.75076067231313
-49.52283303690668
-49.52283303690668
-49.19970444965703
-49.19970444965703
-49.07628031206439
-49.07628031206439
-49.029136486536146
-49.029136486536146
-49.011129147544054
-49.011129147544054
-49.004250956096016
-49.004250956096016
-49.00162372074399
-49.00162372074399
-49.00062020613597
-49.00062020613597
-49.618270886413804
-49.618270886413804
-49.23615846435555
-49.23615846435555
-48.472170517902946
-48.472170517902946
-48.79838707810318
-48.79838707810318
-49.54102470515649
-49.54102470515649
-48.588619059866495
-48.588619059866495
-49.460900451942784
-49.460900451942784
-49.79408229596185
-49.79408229596185
-48.68527845844298
-48.68527845844298
-49.497821056866876
-49.497821056866876
-49.190150723407754
-49.190150723407754
-49.07263111335638
-49.07263111335638
-49.645776605411285
-49.645776605411285
-49.24666471412758
-49.24666471412758
-49.712251525721356
-49.712251525721356
-49.272055874286586
-49.272055874286586
-48.485882108388516
-48.48588210838851
-49.42165842837874
-49.42165842837874
-49.161059187997814
-49.161059187997814
-49.06151913561471
-49.06151913561471
-49.6415322075962
-49.6415322075962
-49.245043498423996
-49.245043498423996
-49.09359828767578
-49.09359828767578
-49.65378535335325
-49.65378535335325
-49.24972378363408
-49.24972378363408
-49.095385997548995
-49.095385997548995
-48.41840022026301
-48.41840022026301
-48.15981466324003
-48.15981466324003
-48.679077758206965
-48.679077758206965
-48.877418611380875
-48.877418611380875
-48.33514408718576
-48.33514408718576
-48.7460476389263
-48.7460476389263
-48.90299882959313
-48.90299882959313
-48.3449148611032
-48.3449148611032
-49.36781373121626
-49.36781373121626
-49.758526332545586
-49.758526332545586
-49.28973127767061
-49.28973127767061
-49.11066750046624
-49.11066750046624
-49.04227122372811
-49.04227122372811
-49.01614617071809
-49.01614617071809
-49.00616728842615
-49.00616728842615
-49.62038968331026
-49.62038968331026
-49.85500176150463
-49.85500176150463
-48.09051363495395
-48.09051363495395
-48.652607120857006
-48.652607120857006
-49.48534171636695
-49.48534171636695
-49.18538403949397
-49.18538403949397
-49.070810402114944
-49.070810402114944
-49.64508115560076
-49.64508115560076
-49.864433064687326
-49.864433064687326
-49.33018404971132
-49.33018404971132
-49.12611908444664
-49.12611908444664
-49.0481732036286
-49.0481732036286
-49.63643451518905
-49.63643451518905
-49.243096353188655
-49.243096353188655
-49.71088853312681
-49.71088853312681
-50.507603234941676
-50.507603234941676
-50.19388718294832
-50.19388718294832
-49.45602432515339
-49.45602432515339
-49.174185792511864
-49.174185792511864
-49.68456704113209
-49.68456704113209
-49.87951533088441
-49.87951533088441
-49.33594496277124
-49.33594496277124
-49.12831955742929
-49.12831955742929
-50.90311567576633
-50.90311567576633
-50.34495949236991
-50.34495949236991
-49.5137288125935
-49.5137288125935
-49.81426093416049
-49.81426093416049
-49.31102000113807
-49.31102000113807
-49.11879906925371
-49.11879906925371
-49.045377206623066
-49.045377206623066
-49.017332550615485
-49.017332550615485
-49.00662044522339
-49.00662044522339
-49.00252878505468
-49.00252878505468
-49.000965909940646
-49.000965909940646
-49.00036894476725
-49.00036894476725
-49.61817491311101
-49.61817491311101
-48.618087817066
-48.618087817066
-49.472156515586775
-49.472156515586775
-48.562313752194534
-48.562313752194534
-48.83281872974672
-48.83281872974672
-48.93614243704563
-48.93614243704563
-48.357574592640276
-48.357574592640276
-48.75461532962508
-48.75461532962508
-48.90627139623497
-48.90627139623497
-48.96419885907983
-48.96419885907983
-48.98632518100452
-48.98632518100452
-48.99477668393373
-48.99477668393373
-48.99800487079667
-48.99800487079667
-48.38120393970638
-48.38120393970638
-49.38167492582226
-49.38167492582226
-48.52775286026061
-48.52775286026061
-48.81961764370948
-48.81961764370948
-49.54913405961771
-49.54913405961771
-49.82778453514365
-49.82778453514365
-48.69815156831345
-48.69815156831345
-50.12077213604638
-50.12077213604638
-50.66416483982569
-50.66416483982569
-49.01762041718099
-49.01762041718099
-49.624764389217084
-49.624764389217084
-49.85667275047025
-49.85667275047025
-49.945253862193674
-49.945253862193674
-49.97908883611077
-49.97908883611077
-48.75594466863885
-48.75594466863885
-48.288745169805765
-48.288745169805765
-49.964392807028126
-49.964392807028126
-48.75033128502893
-48.75033128502893
-49.52266902555846
-49.52266902555846
-48.58160781414665
-48.58160781414665
-48.22215441688149
-48.22215441688149
-49.320923413997605
-49.320923413997605
-49.74061582511133
-49.74061582511133
-48.66485608383658
-48.66485608383658
-49.490020403898214
-49.490020403898214
-48.56913715035827
-48.56913715035827
-48.2173910471766
-48.2173910471766
-49.31910396867132
-49.31910396867132
-48.503852881337565
-48.503852881337565
-49.428522652841174
-49.428522652841174
-49.78171507718595
-49.78171507718595
-48.68055460121689
-48.68055460121689
-49.496016703964514
-49.496016703964514
-48.57142753317685
-48.57142753317685
-48.83629988431594
-48.83629988431594
-49.55550610852087
-49.55550610852087
-48.59415046374689
-48.59415046374689
-49.46301326021959
-49.46301326021959
-47.94078735066219
-47.94078735066219
-49.21345075801668
-49.21345075801668
-49.69956492338784
-49.69956492338784
-49.885244012146835
-49.885244012146835
-48.72009913555287
-48.72009913555287
-49.511121372011566
-49.511121372011566
-49.81326498048183
-49.81326498048183
-48.69260559193415
-48.69260559193415
-48.8825857840705
-48.8825857840705
-49.573185749027246
-49.573185749027246
-48.600903485511445
-48.600903485511445
-49.46559268500688
-49.46559268500688
-48.55980659200941
-48.55980659200941
-48.21382709102135
-48.21382709102135
-49.31774265855443
-49.31774265855443
-48.503332907142145
-48.503332907142145
-48.8102900516219
-48.8102900516219
-49.54557123647345
-49.54557123647345
-49.82642365779844
-49.82642365779844
-48.6976317594221
-48.6976317594221
-49.50253959796764
-49.50253959796764
-49.80998703448083
-49.80998703448083
-48.691353527975046
-48.691353527975046
-49.500141526944105
-49.500141526944105
-48.573003075357484
-48.573003075357484
-48.21886769912834
-48.21886769912834
-49.31966799952733
-49.319667999527326
-49.74013629945365
-49.740136299453646
-48.66467292133383
-48.664672921333825
-49.48995044204763
-49.48995044204763
-49.805178404809055
-49.805178404809055
-49.92558477237953
-49.92558477237953
-49.97157591232954
-49.97157591232954
-49.989142964609094
-49.989142964609094
-49.995852981497734
-49.995852981497734
-48.76234800238432
-48.76234800238432
-49.52725900315502
-49.52725900315502
-48.583361029580935
-48.583361029580935
-49.458892063087575
-49.458892063087575
-48.557247182181996
-48.557247182181996
-48.21284948345842
-48.21284948345842
-49.935403234442944
-49.935403234442944
-49.97532623112051
-49.97532623112051
-49.3725414701687
-49.3725414701687
-49.760332168135484
-49.760332168135484
-49.90845503423775
-49.90845503423775
-49.96503293457776
-49.96503293457776
-49.986643769495544
-49.986643769495544
-49.994898373908875
-49.994898373908875
-49.99805135223108
-49.99805135223108
-48.76318770528459
-48.76318770528459
-48.29151176362267
-48.29151176362267
-49.347415563083224
-49.347415563083224
-48.514666948127214
-48.514666948127214
-48.19658528129842
-48.19658528129842
-48.07508889576803
-48.07508889576803
-49.26474938350548
-49.26474938350548
-50.337193243498305
-50.337193243498305
-48.89272838073974
-48.89272838073974
-48.34099189872092
-48.34099189872092
-49.36631529292282
-49.36631529292282
-49.75795398004754
-49.75795398004754
-48.67147866972
-48.67147866972
-49.49255000661226
-49.49255000661226
-48.570103372617005
-48.570103372617005
-48.83579409998865
-48.83579409998865
-48.319244938599034
-48.319244938599034
-49.35800869330825
-49.35800869330825
-49.136747152575815
-49.136747152575815
-49.67026675316909
-49.67026675316909
-48.63798512943166
-48.63798512943166
-49.479756612625685
-49.479756612625685
-49.80128470844539
-49.80128470844539
-48.688029535210696
-48.688029535210696
-49.498871874686486
-49.498871874686486
-49.808586088848756
-49.808586088848756
-49.30885240310988
-49.30885240310988
-49.73600510923079
-49.73600510923079
-49.89916292458248
-49.89916292458248
-49.96148366451664
-49.96148366451664
-48.74922009146766
-48.74922009146766
-49.52224458738613
-49.52224458738613
-49.81751367069074
-49.81751367069073
-49.93029642468607
-49.93029642468606
-48.73730762586768
-48.73730762586767
-48.28162645291696
-48.28162645291696
-49.343639710382995
-49.343639710382995
-50.367326666981924
-50.367326666981924
-49.522272313062984
-49.522272313062984
-50.43555824970682
-50.43555824970682
-48.930300469807804
-48.930300469807804
-48.35534315971658
-48.35534315971658
-49.98983097559164
-49.98983097559164
-49.996115778308436
-49.996115778308436
-49.38048237058377
-49.38048237058377
-49.76336532219276
-49.76336532219276
-49.909613595994514
-49.909613595994514
-48.729407488290995
-48.729407488290995
-48.27860886887847
-48.27860886887847
-48.724453107094305
-48.724453107094305
-48.27671646365456
-48.27671646365456
-49.34176426136916
-49.34176426136916
-49.74857632045291
-49.74857632045291
-48.667896722489786
-48.667896722489786
-49.49118182451623
-49.49118182451623
-48.56958077355912
-48.56958077355912
-49.45362847366091
-49.45362847366091
-50.40933863617352
-50.40933863617352
-51.39242142360955
-51.39242142360955
-50.531857657155335
-50.531857657155335
-48.96708357035666
-48.96708357035666
-49.605461031414436
-49.605461031414436
-48.61323154638685
-48.61323154638685
-48.23423360774612
-48.23423360774612
-49.325537254351296
-49.325537254351296
-49.74237815530777
-49.74237815530777
-49.90159721157202
-49.90159721157202
-49.34437949065838
-49.34437949065838
-49.131541260403125
-49.131541260403125
-48.4322103018011
-48.4322103018011
-49.40115762249996
-49.40115762249996
-48.53519458819899
-48.53519458819899
-48.20442614209701
-48.20442614209701
-49.93218580434173
-49.93218580434173
-49.97409728217828
-49.97409728217828
-48.75403806469331
-48.75403806469331
-48.90605090065155
-48.90605090065155
-49.582148626011225
-49.582148626011225
-49.22236098863224
-49.22236098863224
-49.70296832863538
-49.70296832863538
-49.886543997273904
-49.886543997273904
-49.33862967443644
-49.33862967443644
-49.7473790147853
-49.7473790147853
-48.66743939241968
-48.66743939241968
-49.491007139973526
-49.491007139973526
-49.805582027500904
-49.805582027500904
-49.925738942529186
-49.925738942529186
-49.97163480008666
-49.97163480008666
-49.98916545773079
-49.98916545773079
-49.37782758435581
-49.37782758435581
-49.76235128408655
-49.76235128408655
-49.29119227915393
-49.29119227915393
-49.72925954212515
-49.72925954212515
-48.66051836972173
-48.66051836972173
-48.25229556704003
-48.25229556704003
-49.950470297648046
-49.950470297648046
-49.98108133715422
-49.98108133715422
-49.992773713814614
-49.992773713814614
-48.76117182678983
-48.76117182678983
-48.290741766554866
-48.290741766554866
-49.34712145037456
-49.34712145037456
-49.750622584568816
-49.750622584568816
-49.286712314582
-49.286712314582
-49.72754834792707
-49.72754834792707
-49.27789874044931
-49.27789874044931
-49.724181862170745
-49.724181862170745
-48.65857886856314
-48.65857886856314
-49.48762272101846
-49.48762272101846
-48.56822131699245
-48.56822131699245
-49.453109207458674
-49.45310920745868
-48.55503832788379
-48.55503832788379
-48.2120057761927
-48.2120057761927
-49.93508096694399
-49.93508096694399
-49.35716914713949
-49.35716914713949
-49.75446046322437
-49.75446046322437
-49.28817825378372
-49.28817825378372
-50.346142275626576
-50.346142275626576
-50.132214584346116
-50.132214584346116
-50.05050147741178
-50.05050147741178
-50.01928984788921
-50.01928984788921
-49.38933407750597
-49.38933407750597
-49.148712384628695
-49.148712384628695
-49.674837065130006
-49.674837065130006
-49.25776482201144
-49.25776482201144
-49.716491389654195
-49.716491389654195
-49.27367535820126
-49.27367535820126
-50.34060266244937
-50.34060266244937
-50.748132629146845
-50.748132629146845
-49.66772724749138
-49.66772724749138
-49.87308310207719
-49.87308310207719
-49.95152205874019
-49.95152205874019
-48.74541509664358
-48.74541509664358
-49.52079120869035
-49.52079120869035
-48.58089055192768
-48.58089055192768
-47.603846458342794
-47.603846458342794
-47.848682811850594
-47.848682811850594
-49.796303943458675
-49.796303943458675
-49.30416104102564
-49.30416104102564
-49.734213168368136
-49.734213168368136
-49.89847846407877
-49.89847846407877
-49.34318823511829
-49.34318823511829
-50.36715421877589
-50.36715421877589
-48.904172454959685
-48.904172454959685
-48.34536314610317
-48.34536314610317
-49.367984960849604
-49.367984960849604
-48.52252375894585
-48.52252375894585
-48.19958631598796
-48.19958631598796
-48.07623518901802
-48.07623518901802
-49.2651872285659
-49.2651872285659
-47.86522453043
-47.86522453043
-47.94852035147399
-47.94852035147399
-47.98033652399196
-47.98033652399196
-49.22855719800169
-49.22855719800169
-49.7053350700131
-49.7053350700131
-48.65138003453782
-48.65138003453782
-47.012737056100576
-47.012737056100576
-48.85896708876349
-48.85896708876349
-49.564164210189894
-49.564164210189894
-48.5974575643064
-48.5974575643064
-48.22820848272932
-48.22820848272932
-49.32323586138135
-49.32323586138135
-48.50543112391493
-48.50543112391493
-48.81109149911334
-48.81109149911334
-48.30980938467519
-48.30980938467519
-49.35440463241202
-49.35440463241202
-49.13537052381098
-49.13537052381098
-49.66974092777081
-49.66974092777081
-50.49188624825135
-50.49188624825135
-48.95181585073355
-48.95181585073356
-49.59962928144911
-49.59962928144911
-48.61100401611399
-48.61100401611399
-48.85141675564275
-48.85141675564275
-49.561280239564155
-49.561280239564155
-49.21438997429983
-49.21438997429983
-48.46385569458542
-48.463855694585426
-48.79521109820634
-48.79521109820634
-48.921777600033586
-48.921777600033586
-47.73405372439463
-47.73405372439463
-48.51645155065009
-48.51645155065009
-46.96119896130595
-46.96119896130595
-46.98517932201767
-46.98517932201767
-48.230406982246855
-48.230406982246855
-47.46997364722311
-47.469973647223114
-47.17951395942247
-47.17951395942248
-47.06856823104432
-47.06856823104432
-47.02619073371047
-47.02619073371047
-48.24607194758689
-48.24607194758689
-48.7120251090502
-48.7120251090502
-47.65393540206393
-47.65393540206393
-48.48584907464138
-48.48584907464138
-48.803611821860216
-48.803611821860216
-47.07088442468959
-47.07088442468959
-47.645109429708334
-47.645109429708334
-48.482477853185316
-48.482477853185316
-48.18429014109771
-48.18429014109771
-48.07039257010781
-48.64492155797562
-48.07039257010781
-48.64492155797562
-48.86437210381904
-48.86437210381904
-47.71212677598173
-47.71212677598173
-47.27200822412614
-47.27200822412614
-48.339965873896475
-48.339965873896475
-48.12985540881339
-48.12985540881339
-47.431566363793806
-47.431566363793806
-48.40091166006782
-48.40091166006782
-48.77116861640966
-48.77116861640966
-48.29456020041126
-48.29456020041126
-48.112511984824124
-48.112511984824124
-48.0429757540611
-48.0429757540611
-48.01641527735919
-48.01641527735919
-47.388236089266556
-47.388236089266556
-48.384360967940275
-48.384360967940275
-48.146812825804375
-48.146812825804375
-48.67411149822275
-48.67411149822275
-48.257487680113975
-48.257487680113975
-48.716385530869076
-48.716385530869076
-48.891668912493245
-48.891668912493245
-48.95862120661066
-48.95862120661066
-48.98419470733873
-48.98419470733873
-48.99396291540553
-48.99396291540553
-48.997694038877874
-48.997694038877874
-48.38108521247819
-48.38108521247819
-48.1455615985567
-48.1455615985567
-48.05559958319189
-48.05559958319189
-47.40320316226908
-47.40320316226908
-47.154009903615346
-47.154009903615346
-47.05882654857697
-47.05882654857697
-47.022469742115554
-47.022469742115554
-47.62661666651959
-47.62661666651959
-47.239346268693325
-47.091422139560386
-47.239346268693325
-47.091422139560386
-47.03492014998783
-47.03492014998783
-46.395304321653214
-46.395304321653214
-47.387060792471594
-47.387060792471594
-48.38391204451147
-48.38391204451147
-48.14664135231292
-48.14664135231292
-48.05601201242729
-48.05601201242729
-48.63942867371884
-48.63942867371884
-48.86227400872922
-48.86227400872922
-47.71132537496904
-47.71132537496904
-47.27170211617791
-47.27170211617791
-47.72181496231458
-47.72181496231458
-47.89374277076584
-47.89374277076584
-47.95941334998294
-47.95941334998294
-48.602531267932875
-48.602531267932875
-48.230146465065786
-48.230146465065786
-48.08790812726449
-48.08790812726449
-48.03357791672769
-48.03357791672769
-48.01282562291856
-48.01282562291856
-48.004898952028
-48.004898952028
-48.61990522191534
-48.61990522191534
-48.236782724968116
-48.236782724968116
-48.708476941738894
-48.708476941738894
-49.50668208899847
-49.50668208899847
-49.81156932525651
-49.81156932525651
-49.92802588677106
-49.92802588677106
-49.97250833505668
-49.97250833505668
-49.989499118398975
-49.989499118398975
-49.37795503139035
-49.37795503139035
-49.14436597577208
-49.14436597577208
-49.05514289592589
-49.05514289592589
-49.63909670075549
-49.63909670075549
-49.24411321759067
-49.24411321759067
-49.71127694076643
-49.71127694076643
-48.03561563845894
-48.03561563845894
-47.395569974610396
-47.395569974610396
-49.62323024037182
-49.62323024037182
-48.00198479150548
-48.00075812289451
-48.00198479150548
-48.00075812289451
-47.38225558842816
-47.38225558842816
-49.00011060863965
-49.00011060863965
-47.14594028249121
-47.14594028249121
-47.67377821633377
-47.67377821633377
-47.25736037776022
-47.25736037776022
-47.716336905696785
-47.716336905696785
-47.89165033933014
-47.89165033933014
-47.95861411229363
-47.95861411229363
-47.98419199755075
-47.98419199755075
-47.993961880358626
-47.993961880358626
-48.615727632275025
-48.615727632275025
-49.47125500521635
-49.47125500521635
-49.18000339462414
-49.18000339462414
-50.30482315615585
-50.30482315615585
-50.116432085093514
-50.116432085093514
-50.662507087874594
-50.662507087874594
-50.871089178530276
-50.871089178530276
-51.56879443646613
-51.56879443646613
-52.45332811961801
-52.45332811961801
-52.79118992238789
-52.79118992238789
-52.92024164754568
-52.92024164754568
-52.35150103149925
-52.35150103149925
-51.51622745820217
-51.51622745820217
-49.961113365607474
-49.961113365607474
-49.98514662737015
-49.98514662737015
-49.37629252775307
-49.37629252775307
-48.52569696713917
-48.52569696713917
-49.43686635116421
-49.43686635116421
-50.40293607510337
-50.40293607510337
-48.917839907896216
-48.917839907896216
-50.82271960358486
-50.82271960358486
-49.078182947858785
-49.078182947858785
-48.4118292399915
-48.4118292399915
-48.77533876086561
-48.77533876086561
-48.91418704260533
-48.91418704260533
-48.96722236695038
-48.96722236695038
-50.22354803574561
-50.22354803574561
-49.46735376278665
-49.46735376278665
-51.03261521886403
-51.03261521886403
-51.01245790505554
-51.01245790505554
-52.240826473802386
-52.240826473802386
-50.85591955010194
-50.85591955010194
-51.56300015400321
-51.56300015400321
-51.2150469231578
-51.2150469231578
-49.8460726379704
-49.8460726379704
-49.32317099075341
-49.32317099075341
-49.123440334289825
-49.123440334289825
-48.42911602336617
-48.42911602336617
-48.78194172455858
-48.78194172455858
-48.916709150309565
-48.916709150309565
-48.96818572637011
-48.96818572637011
-48.369814040050876
-48.369814040050876
-48.14125639378252
-48.14125639378252
-49.29002311879647
-49.290023118796476
-48.49274498510711
-48.49274498510711
-48.18821183652486
-48.18821183652486
-49.30795850196725
-49.30795850196725
-49.73566366937688
-49.73566366937688
-50.517066494913294
-50.517066494913294
-51.43356980411289
-51.43356980411289
-51.16560892867549
-51.16560892867549
-52.29932495941337
-52.29932495941337
-52.114331960814724
-52.114331960814724
-50.189568956781116
-50.189568956781116
-48.83634092077874
-48.83634092077874
-49.555521783054886
-49.555521783054886
-51.066292405885704
-51.066292405885704
-51.64335543460223
-51.64335543460223
-50.62770592042119
-50.6277059204212
-50.85779631541126
-50.85779631541126
-51.563717014562464
-51.563717014562464
-51.833354728276134
-51.833354728276134
-51.318313181516054
-51.318313181516054
-49.885516838772226
-49.885516838772226
-49.33823733480063
-49.33823733480063
-48.51116117687977
-48.51116117687977
-51.28541613958815
-51.28541613958815
-49.254917298135204
-49.254917298135204
-50.95147170981704
-50.95147170981704
-50.363429853816136
-50.363429853816136
-51.374885829131145
-51.374885829131145
-49.289091678577726
-49.289091678577726
-50.34649117285172
-50.34649117285172
-48.89627987372775
-48.89627987372775
-48.96038243708143
-48.96038243708143
-50.83896940376623
-50.83896940376623
-50.93849178546736
-50.93849178546736
-49.12240398638617
-49.12240398638617
-50.282822139940826
-50.282822139940826
-50.72606243343631
-50.72606243343631
-50.89536516036811
-50.89536516036811
-50.96003304766801
-50.96003304766801
-49.130632016386244
-49.130632016386244
-50.2859649677404
-50.285964967740405
-48.87316092058528
-48.87316092058528
-48.33351779401543
-48.33351779401543
-50.599528416460586
-50.599528416460586
-49.610965489116644
-49.610965489116644
-48.61533406213946
-48.61533406213946
-49.47110467480152
-49.47110467480152
-50.416013951015
-50.416013951015
-49.5408692007437
-49.5408692007437
-50.442661628715896
-50.442661628715896
-51.405149674153876
-51.405149674153876
-49.918685427496044
-49.918685427496044
-48.73287261958437
-48.73287261958437
-50.134034397506746
-50.13403439750674
-48.19709461793628
-48.19709461793627
-49.929385411301666
-49.929385411301666
-48.73695964971904
-48.73695964971904
-48.281493537855454
-48.281493537855454
-50.57965691884691
-50.57965691884691
-48.98534126368569
-48.98534126368569
-48.37636687221016
-48.37636687221016
-49.99786131919448
-49.99786131919448
-49.38114910787348
-49.38114910787348
-50.99968797067565
-50.99968797067565
-51.61791480415348
-51.61791480415348
-49.999954475535105
-49.999954475535105
-51.23605058870152
-51.23605058870152
-49.23606133556987
-49.23606133556987
-48.4721334180081
-48.4721334180081
-50.03444088470412
-50.03444088470412
-48.77708726985457
-48.77708726985457
-50.15092289110927
-50.15092289110927
-48.82157943722355
-48.82157943722355
-50.78595137556096
-50.78595137556096
-49.68217272320966
-49.68217272320966
-51.1146687603177
-51.1146687603177
-49.807731591493756
-49.807731591493756
-48.690492025413675
-48.690492025413675
-48.881778473497164
-48.881778473497164
-50.1909113725776
-50.1909113725776
-48.83685367798596
-48.83685367798596
-48.319649661380275
-48.319649661380275
-49.976197272404555
-49.976197272404555
-50.60894215583339
-50.60894215583339
-48.99652722884593
-48.99652722884593
-50.234741496954086
-50.234741496954086
-49.47162928451654
-49.47162928451654
-47.944078379095735
-47.944078379095735
-50.450775796520134
-50.450775796520134
-51.40824901046467
-51.40824901046467
-49.919869268624204
-49.919869268624204
-51.205460761657626
-51.205460761657626
-51.69651301634867
-51.69651301634867
-52.50211227613827
-52.50211227613827
-49.71965386831667
-49.71965386831667
-51.12898528381131
-51.12898528381131
-49.19516602811768
-49.19516602811768
-49.07454678929164
-49.07454678929164
-48.41044035100733
-48.41044035100733
-48.15677426373036
-48.15677426373036
-47.44184845143386
-47.44184845143386
-47.78680507932113
-47.78680507932113
-47.91856678652951
-47.91856678652951
-48.5869292690173
-48.5869292690173
-48.22418703177248
-48.22418703177247
-48.08563182630014
-48.08563182630013
-48.03270844712792
-48.03270844712792
-46.77642553758385
-46.77642553758385
-48.150670131873305
-48.150670131873305
-48.057550869286175
-48.057550869286175
-48.02198247598522
-48.02198247598522
-48.62643054741937
-48.62643054741937
-48.239275177523
-48.239275177523
-48.70942897389951
-48.70942897389951
-48.270977755425655
-48.270977755425655
-49.33957226987723
-49.33957226987723
-49.74773905420604
-49.74773905420604
-48.66757691524111
-48.66757691524111
-48.87302568026719
-48.87302568026719
