-59.86047233636619
-59.94670517486275
-59.361609199472156
-59.75615641230362
-61.14292801493849
-61.67262763251185
-60.020852916347366
-61.24403308277992
-59.85714436574273
-61.18150198069794
-60.451293598851294
-60.172378815855936
-61.3019108262163
-59.26121770779338
-59.71781027466363
-61.12828109369729
-59.81293104017856
-61.16461399308809
-59.82680897283602
-59.31581292541997
-59.73866379217379
-61.13624642860118
-59.81597352738007
-59.92970814228894
-61.20921887698653
-61.69794848867067
-60.030524622775786
-61.24772734590637
-59.85855544869364
-61.18204096642424
-59.833465484329395
-59.93638947531383
-59.357668952862205
-59.75465137202267
-61.1423531407056
-61.67240805009414
-61.874871009576815
-59.48006902363672
-61.037472016332934
-59.7782450591124
-59.91529714975416
-61.20371436764987
-59.84174398694577
-58.703483604437544
-59.504774803866646
-59.81084080716239
-58.69167964012074
-59.50026609069962
-58.57305065447832
-59.454953850235135
-61.02787887372688
-59.77458080469581
-58.67782955161066
-59.49497582763596
-58.571029953797435
-59.45418201125613
-61.02758405747074
-59.156434206156504
-59.67778653849857
-61.112993386839
-59.18905766701885
-59.69024759171734
-59.881685108133155
-61.19087571018192
-59.83684005616293
-59.93767844705676
-61.21226326250715
-60.463043362964896
-61.412934803887325
-60.53969307119729
-60.82417839845444
-61.55087611291593
-59.974347974043674
-59.99020179796498
-59.37822343110137
-59.76250248408901
-60.52731800991557
-60.20141755690779
-58.84086668330802
-59.55725047051606
-60.44891871699005
-60.171471691704205
-59.447462369372666
-59.1709154164138
-60.301351857368516
-59.49707217819197
-60.425932654707175
-59.544657808429776
-60.44410874808194
-59.551600458316244
-60.446760604366574
-60.788681354783485
-60.91928345998387
-60.96916902516813
-60.98822361552052
-61.61353581014332
-59.99828184865976
-59.99934372458584
-60.61778331384767
-60.85400621695716
-59.708167359524026
-59.888529850364804
-59.957422191570394
-59.36570273559648
-59.757720003968934
-58.67138929881053
-58.87448188121256
-59.57009033357704
-59.217755130768666
-58.465141069979055
-59.4137360566683
-58.53999912252604
-59.44232928840962
-59.16895475395292
-59.06453497344914
-59.0246501663945
-59.627449514484255
-59.85769837705826
-58.70957763919074
-58.27103454051395
-59.33959395985091
-58.51167936153899
-58.81347811351594
-58.31072099025894
-59.35475283476068
-59.13550352527321
-59.66979172980883
-59.873871664153285
-58.715755285151225
-60.12749615755008
-60.66673318749901
-61.490737393696854
-59.33334303859198
-60.363393688328756
-59.520770048894505
-59.19891645835476
-60.31204730366955
-59.501157475154116
-59.19142512179279
-60.30918586772405
-59.500064503879564
-59.80904163266453
-59.30902640536414
-59.1180375834279
-59.663120333669454
-59.25328942883056
-59.71478194157212
-59.27302240713591
-59.10428527983561
-59.039833432370905
-59.63324900602701
-59.24187959696023
-59.09238978485368
-59.035289757600815
-59.013479487948764
-59.005148706245485
-59.62000061953758
-59.23681916361736
-58.472422882564615
-58.798483472826376
-58.92302753591452
-59.58863312366707
-60.46090582383659
-59.55801637034291
-59.83117727594204
-59.317481468733305
-59.121267130257884
-60.28238789954014
-59.48982859086275
-60.423165850547896
-59.543600983281145
-59.20763709929553
-60.315378292105244
-60.73849777702021
-60.28208105020548
-60.107745373596224
-59.42312108183331
-59.1616178719037
-59.06173253387779
-59.641613718479555
-59.863108621560876
-60.565746134952974
-59.59806180579826
-59.2284392824418
-60.32332401902692
-59.50546479713917
-59.81110436114049
-59.92784828628229
-58.7363725202066
-58.8993032630874
-58.96153726905559
-60.22137652157917
-60.70259229568191
-59.65033238796678
-60.484472845718216
-59.567018171688076
-59.21658166934602
-59.08272683634999
-60.26766681720373
-59.48420563776143
-59.18495009608055
-60.30671262798
-59.499119810359666
-59.19064680309899
-59.6908545876872
-60.4999509487125
-59.57293028095052
-59.21883989413907
-59.083589401466696
-60.26799628776081
-59.48433148431594
-59.184998165187004
-60.30673098874486
-60.73519480104757
-60.89885341439785
-59.72529746464619
-59.89507296829061
-59.341887451475756
-59.130589386136656
-59.04988070693422
-59.019052734666
-60.24334547456357
-59.474915711524915
-59.181401660011176
-59.06928926850862
-59.026466145514675
-59.6281431567853
-59.23992933609133
-59.09164485148869
-59.653039207124635
-59.249438781135325
-58.47724314753145
-60.03639262770872
-60.631934735594704
-59.623343601575606
-58.62006208038221
-59.47291061707082
-59.180635782080365
-59.68703071792017
-59.26242238293027
-59.10023643087062
-59.656320898431495
-59.25069227567396
-60.331823906090186
-60.744779442596595
-59.666446444199806
-59.25455989000282
-60.33330120330843
-60.12730973117258
-60.66666197895921
-59.636608228205255
-59.24316270565656
-59.09287988876442
-59.0354769606367
-60.249618970645464
-59.47731197379991
-59.30570685596268
-59.80035093950416
-59.73480361713377
-60.516737984188524
-60.197376346681914
-59.45735706710732
-60.41076283213982
-60.77493142931214
-60.2959974670467
-59.49502698307807
-60.42515145968729
-59.54435941848402
-60.443994773264556
-59.55155692380986
-59.21067599816503
-59.69850505943513
-60.50287316889024
-59.57404646973581
-59.83730022906709
-59.31982022871556
-59.740194445829474
-60.51879709752276
-60.81619684673879
-59.693725465193836
-60.501047526342504
-59.57334913633388
-59.83703387140904
-59.93775247789324
-59.35818957352078
-59.754850231419006
-59.288327131986335
-59.7281651532899
-60.51420231663325
-59.57837381911007
-60.45698711819675
-59.5565195579804
-57.97650357824465
-58.60905915425335
-59.4687078732653
-61.033132443042355
-61.01265546711186
-61.004833958293226
-59.76577843026802
-59.91053532126074
-59.965827533514194
-60.604981268031736
-59.61304829308122
-59.23416361121192
-59.70747652930443
-59.888265976701376
-59.339287412049806
-59.129596259448036
-60.28556934379409
-59.49104379443444
-60.42363001700903
-60.161812267842755
-60.061806786519234
-59.40557410296504
-59.77294951112579
-59.295240441662436
-60.34883979136131
-59.515210954921706
-59.8148270621537
-60.54730422028928
-58.35494964371456
-59.98968066585398
-60.61409235384738
-59.61652841818838
-59.23549290071775
-59.707984272714775
-59.888459917426566
-58.72132750206513
-59.51159056626861
-59.195410207990804
-59.692674046453696
-59.26457794262039
-58.48302579265758
-58.80253342410223
-58.306540490899216
-59.35315602609521
-58.51685960988663
-59.43349078106447
-59.16557874455689
-60.29931343010598
-60.11432755701117
-58.807601263427735
-59.544544210771825
-58.589963391387954
-58.225345963392044
-58.704108487538065
-59.50501348797205
-59.192897987628186
-59.07368047491251
-59.02814343710934
-58.39271584766563
-59.38607208338733
-59.14746641374648
-59.674361146601996
-59.257583037309615
-58.48035397657694
-59.419546869921014
-59.77828663318609
-59.29727904088737
-58.49551650072611
-59.42533843879075
-58.544430838146354
-57.58992008689842
-58.461397400048696
-58.17623812449777
-59.303384950944405
-58.49784875083565
-59.42622927906233
-60.398873075101235
-58.916287979991694
-58.96802485362374
-58.98778658087952
-59.61336887776472
-59.23428606366474
-58.471455324479614
-58.798113898523994
-59.54092035984227
-59.206613192252924
-60.31498719441629
-60.738348390995945
-60.900057978571546
-59.72575756721891
-59.89524871183508
-59.959988568286334
-60.60275098177382
-60.230230388285236
-59.469906194331976
-59.1794881947107
-59.686592378550024
-59.88028894093937
-59.95427444426809
-59.364500403114995
-59.13922676507689
-59.05317989211568
-59.63834690002003
-59.243826819194524
-59.09313355756353
-60.27164183099586
-60.103757946674165
-59.42159802027674
-59.77907010290594
-59.29757829969119
-59.731698784917526
-59.2794840663115
-59.106753414016964
-59.65881016448929
-59.869677079450895
-59.950221073863396
-60.59902013088918
-60.22880533005426
-60.08739585927359
-59.41534825901662
-59.77668290652615
-59.914700460561825
-59.96741847515933
-59.369520976166264
-59.759178442089365
-59.289980361351944
-59.72879663071636
-59.896409530797136
-59.960431961675056
-60.602920342977924
-60.230295078508824
-59.46993090379865
-60.41556561038691
-59.54069794986231
-59.82456222794991
-59.31495474523753
-59.73833599651257
-60.51808723305007
-59.57985772513784
-59.83951993111336
-60.55673605695212
-59.59462026224322
-59.227124729777536
-59.704787915839276
-59.8872390177403
-59.33889514863172
-59.747480416904764
-59.90354610208257
-59.96315788934295
-59.98592756594629
-59.99462480849593
-59.997946859541486
-59.99921577012852
-59.381666462094195
-59.14578361615406
-59.055684386367986
-59.63930353169978
-60.48026019748126
-60.801477060744
-60.306136996000845
-59.498899938508636
-60.426630797024856
-58.926890486316246
-60.20814262817357
-60.079503409454574
-60.03036760019015
-60.011599391115865
-60.62246456190735
-60.85579429460619
-60.94491832191122
-60.36092668237757
-60.13786172522149
-60.05265849328691
-59.40207976588935
-59.15358080438113
-59.058662647254046
-59.640441126130895
-60.48069471988853
-60.18360904478481
-60.68816640321579
-60.26285617611266
-59.482368136372315
-59.802282221754176
-59.92447852889021
-59.35311937616656
-59.13487959960947
-59.669553411411734
-59.87378063462574
-59.951788492465475
-59.98158484277068
-60.611000024596464
-59.615347253518934
-59.23504173596034
-59.70781194311196
-60.50642808212545
-60.1934383145145
-60.073886861418046
-60.64625625848954
-59.62881393655077
-58.62215156241288
-58.85567473943777
-58.94487265590041
-60.21501120576326
-60.700160961389365
-60.885471678404826
-59.720186096325335
-59.893120599321065
-60.57720969038776
-60.220474483092325
-60.7022477476391
-60.88626875982497
-60.338524543085924
-59.5112708806829
-60.43135607646256
-59.546729371205004
-59.82686602590235
-59.93386870650204
-59.97474009360377
-59.99035157430928
-59.996314629324075
-59.99859231366294
-59.38142832291485
-59.7637266438315
-59.29171761982975
-59.111426215657744
-59.66059501589338
-60.48839282077228
-60.18654945767358
-59.45322156349855
-59.17311523282208
-59.06612413496768
-59.02525717208097
-59.00964738127522
-59.003684971744704
-59.0014075339589
-59.61857161888187
-59.23627333393683
-60.32631636042841
-59.50660776984859
-59.81154093786727
-59.309981055003334
-59.73643621589262
-60.51736158142442
-59.579580550880834
-59.839414059967986
-59.93866162902312
-59.97657082710138
-59.373016863531134
-59.760513752241906
-60.52655838194448
-60.20112740484164
-60.076823832580445
-59.411310104149806
-59.157106479868965
-59.67804332420699
-59.877023492752
-59.33499316529912
-59.12795600314535
-59.66690883288683
-60.490804484265034
-60.187470631158384
-60.07160740921011
-59.409317607722045
-59.77437940270592
-59.91382060039572
-59.967082398481224
-59.98742659504795
-59.37716339791274
-59.76209758744016
-59.90912936440774
-59.96529050578306
-59.36870816419155
-59.1408339867916
-59.67182778493313
-59.2566153792579
-59.71605234159047
-59.891541645513506
-59.34053860620015
-59.74810816183684
-59.28575189056046
-59.109147509844554
-59.6597246277231
-59.87002637332475
-59.33232050350125
-59.7449691259289
-59.28455288553554
-59.726723519427615
-59.277583683997406
-59.106027532564596
-59.65853290244628
-59.86957117477426
-59.950180621876484
-59.36293670210531
-59.138629484439434
-59.67098573996289
-59.25629374669933
-59.71592948888498
-59.273460731205724
-59.72248669348208
-59.27596536049063
-59.723443376739695
-59.27633078097857
-59.10554896619601
-59.65835010635936
-59.86950135288206
-59.950153952286826
-59.980960503978416
-59.37469357089853
-59.14312020871717
-59.67270104400288
-59.874982923291455
-59.95224772587149
-59.36372626557311
-59.75696505959775
-59.90716891322015
-59.346507691312794
-59.13235416071823
-59.66858877959179
-60.491446166807044
-59.56968174332955
-59.217599063181595
-59.70114943496513
-59.88584924171379
-59.338364301426346
-59.12924366256525
-59.6674006750193
-60.49099235124254
-60.18754238995842
-60.07163481863273
-59.409328077189876
-59.774383401686784
-59.91382212787048
-59.34904899317477
-59.751358840403725
-60.523061516786306
-60.199791721205294
-59.45827965807968
-59.79308124178365
-60.53899805602117
-60.20587893752997
-59.460604767818836
-59.793969354676435
-59.921303296210475
-59.96994053395498
-59.37048431690458
-59.141512416758765
-59.6720869221216
-59.25671436085615
-59.098056160446845
-59.037454120484384
-59.63234018975619
-59.8595664487842
-59.32832516784652
-59.12540905475536
-59.66593598516945
-59.87239890075298
-59.95126071708948
-59.363349261765585
-59.756821056957165
-59.90711390910591
-59.96452067036057
-59.9864481019758
-59.37678964681693
-59.143920838475
-59.05497286860807
-59.639031756099094
-59.24408841093932
-59.093233476718865
-59.65364600796718
-59.867704547182676
-59.94946763358084
-59.36266436480995
-59.7565594495989
-59.288979995236865
-59.72841452486159
-59.89626357934792
-59.342342224432265
-60.36683107144867
-60.14011700116385
-59.43548594329299
-59.78437481746501
-59.917638509102034
-59.3505067210912
-59.75191564292145
-60.52327419642305
-60.19987295759782
-60.0763446763704
-60.02916107151338
-60.011138538169746
-60.00425454299585
-60.00162509081782
-59.38258674070771
-59.76416912005519
-59.90992061945788
-59.96559273831844
-59.986857595497455
-59.376946059424036
-59.76201457152454
-60.52713164389947
-59.583312382674094
-59.84083949287271
-59.939206095944044
-59.35874480620953
-59.75506231143444
-59.90644212809379
-59.96426407284694
-59.368316101697125
-57.90461625474465
-59.199634628786505
-59.69428763161487
-59.26519427730821
-59.10129520030977
-59.0386913236211
-59.01477877055354
-59.623678976789414
-59.2382241710648
-59.70902752515488
-59.88885840439984
-59.33951369929474
-59.12968269348438
-59.0495343811584
-59.63695443874071
-59.86132893506373
-59.947032366450486
-59.979768164287734
-59.992272126412715
-59.379014226200525
-59.14477055218886
-59.67333141911595
-58.0211217389093
-58.62610177511175
-59.47521757517583
-59.18151696166586
-60.92343527607143
-60.97075487779854
-59.7527613798244
-59.28752926167465
-60.34589438269934
-58.8960519201737
-60.19636334407143
-58.8389361457909
-58.32044509330129
-59.97650110036265
-59.99102421903675
-58.760503579247825
-58.29048651870672
-59.96505794312202
-59.98665332190944
-58.758834045106525
-59.52591679090991
-58.58284835012342
-58.22262825946035
-59.32110440575741
-58.5046169803121
-58.810780523928784
-58.927724591474245
-58.35435926174405
-59.371421171257694
-58.52383627452925
-59.43615562982984
-58.548562637460485
-57.59149829380172
-58.46200022144448
-58.17646838178181
-58.06740492390096
-58.02574638992107
-58.00983424586224
-59.23982432516544
-59.09160474088419
-59.65302388623703
-59.867466917826896
-60.56741085599355
-60.834765650153756
-60.31885210571783
-59.50375667824984
-60.428485906531485
-58.927599075094925
-59.59037929625308
-60.461572802414224
-58.9402371447399
-58.977172620555386
-58.99128071692625
-58.99666953022336
-58.998727873743825
-59.617548079758016
-59.853916365530225
-59.326167028082764
-59.124584718718076
-59.665621116821356
-59.25424464299609
-59.71514680091682
-59.27316177100447
-58.486304523346696
-58.803785787785515
-58.307018851259954
-59.35333874349414
-58.516929401722685
-58.81548345042381
-58.31148696079886
-58.73701142072265
-59.517581290119
-59.19769846088444
-59.693548081284206
-58.6468778054684
-58.86511932387088
-58.33044617739435
-58.126219208312165
-59.28427942504193
-59.10858507806374
-59.04147580914929
-58.39780836063423
-58.76998326150329
-58.91214142387565
-58.96644101012367
-58.36914761774546
-58.759035831862604
-58.289925889092466
-59.34680981291458
-59.75050354965127
-59.90470083603923
-60.58163294721633
-58.98609603936007
-60.23075713711358
-59.47010739448087
-61.033667012578725
-61.012859654505405
-60.38687796218759
-60.76580822080726
-60.292512711484285
-58.87566193614582
-58.952507085703054
-58.98185932096335
-58.37503688843711
-58.76128533309787
-58.2907851221066
-58.72910402197183
-59.51456093255878
-59.814578775704504
-58.69310741705495
-58.26474347546034
-58.719156998075974
-60.128795496267365
-60.667229490726115
-59.01879100966131
-60.243245504507485
-58.856843537611454
-59.56335308582666
-60.45124970861844
-58.93629407377897
-59.593700490218254
-60.46284138562569
-60.176789677908914
-60.067527648101056
-61.26186124389405
-61.1000220948312
-59.18410307434987
-59.688355105718195
-60.498996231554614
-59.57256561144585
-59.21870060278295
-60.31960417440279
-60.74011192042541
-61.51876557562334
-60.58011682894482
-58.985516933711324
-61.46660391593862
-59.32412487035507
-60.35987266137627
-59.51942513627396
-59.8164367361955
-59.31185108356265
-60.35518449199224
-61.37173638116396
-62.378058640249535
-59.672269595835175
-58.63875014725599
-58.24398084593279
-58.71122637929227
-58.889698291944015
-59.575902485289674
-59.838009163925015
-59.93812500648537
-59.97636585553109
-60.6090065488578
-61.4686877797922
-61.79705679051879
-60.68641461426438
-62.11628901852403
-62.66245244130771
-60.39893235039951
-60.770412587390624
-59.67623743427257
-60.494367692926886
-60.1888316557582
-60.072127274347714
-61.26361814478473
-61.71872716000647
-60.6564953577349
-59.01469093569842
-61.47774739310984
-61.1824832661313
-61.68773639403396
-59.408589960971
-60.39213545512872
-62.00388438191494
-61.38344971311633
-60.528430768684146
-62.0559445591858
-61.40333493137345
-61.77209422368445
-61.29491375092999
-62.348715006605325
-60.8971293026363
-59.72463891255368
-59.89482142377464
-59.95982535877023
-59.98465465253606
-59.376104610088056
-59.761693166478004
-59.90897488934596
-59.96523150155988
-59.368685626583776
-57.904757400691665
-59.19968854174089
-59.694308224531014
-59.88323613185215
-59.95540017102543
-60.60099836997404
-60.2295609501468
-60.08768448046636
-59.415458502502375
-58.54065703829088
-59.442580589870055
-59.16905074256938
-57.828503660338306
-58.55252821594532
-58.82908098749767
-57.08061278029799
-57.6488253308961
-57.247829223640416
-57.09466234002514
-56.418123807685106
-56.77774307178008
-56.29707141890524
-56.73150517368554
-56.27941011340148
-56.7247591552688
-57.51290134115481
-58.43197885694552
-58.16500124093186
-58.06302486585006
-59.26014133411811
-58.48133115900448
-60.03795410914502
-58.77842920218089
-57.67929950864774
-57.25946932376233
-59.57124441763884
-58.6001619629045
-60.08334343732435
-60.64986834906855
-59.63019363238151
-59.858746536825876
-59.32801198934622
-60.36135740871258
-60.75606023679151
-59.67075532416217
-60.492273713194784
-60.80606581542219
-60.307889744321876
-60.11760341754344
-60.662954497058344
-60.87126007363159
-60.950825723836424
-60.98121709787769
-60.992825569796636
-60.99725961151223
-62.23502124223984
-61.4717361377075
-62.416255148382454
-62.77702930743986
-62.91483277393713
-61.73140103687174
-62.51543831417788
-61.57884592816211
-62.45716744780824
-62.7926564152626
-62.302767809229664
-62.115647012426386
-62.662207216799395
-63.48900862672169
-62.56875068586588
-63.45331140837574
-62.55511556176155
-62.21203527690892
-62.69902425771511
-62.8850374962364
-62.95608823099409
-62.36519320799598
-61.52145740424396
-61.817212993485796
-61.93018157621342
-61.973331735154474
-61.989813629249994
-61.99610915259551
-61.38047983978663
-61.14533036676438
-59.81944328300671
-60.549067459755555
-61.445793085009846
-60.5522438177742
-60.82897235706263
-60.934673253413706
-59.7389794256787
-60.51833300112217
-59.57995160018804
-61.075623765691624
-61.02888570813694
-61.629067347469096
-62.47635032302024
-60.94588165534195
-61.5973626205054
-61.84620620617425
-60.087154031767675
-61.26935785537845
-61.10288554561779
-59.803230803975126
-61.160908832557276
-62.2975296824466
-62.731680214782536
-61.66144298440121
-61.870682727170994
-61.95060519711176
-60.12703089791461
-62.52065744038154
-60.34477147948054
-61.36775896430977
-59.90440344719909
-60.58151935478727
-60.222120628412824
-61.320910507951005
-61.740610895440184
-61.90092217836955
-61.96215563966847
-61.36751075188596
-60.52234262723951
-61.435585107332365
-61.16637870600769
-61.68158499944061
-61.87837629231413
-61.335509888751886
-61.12815337394152
-60.430916244322795
-60.78262934777675
-60.91697179900745
-61.5863200379955
-61.22395432622915
-62.321610918191745
-62.74087842834608
-61.046922400596806
-62.872024728443925
-61.09701582973539
-62.27312472701193
-62.10432436255052
-62.03984836063963
-62.01522071936837
-63.241881774965286
-62.47435662802769
-62.18118810911779
-62.68724168807557
-62.262502966359015
-62.10026721100147
-62.0382986666454
-61.39659480018485
-61.769519722659034
-61.29393037904236
-61.73030540321793
-61.278951841861556
-61.10655012236673
-61.04069852523863
-61.01554545334916
-61.005937834808854
-61.0022680510774
-61.00086631842335
-61.00033090419264
-61.00012639415457
-61.000048278271066
-61.00001844065863
-61.00000704370482
-61.00000269045584
-61.000001027662684
-61.000000392532215
-61.00000014993397
-61.00000005726968
-61.000000021875074
-61.000000008355535
-60.38196601444164
-60.76393202371927
-60.291796067966274
-60.72949016892944
-60.89667443882204
-61.57856713628657
-60.602958992537886
-60.84834383007697
-60.94207249769303
-62.213941640501915
-62.69975242381272
-61.03121366468655
-62.24799053649661
-61.476689967303486
-63.03618133166354
-61.159718072687554
-61.06100687514902
-61.641336541509396
-61.244968760629284
-61.09356974037845
-61.03574046050606
-61.013651641139745
-61.005214462913166
-61.00199174759975
-61.00076077988609
-61.00029059205853
-61.61814498503939
-61.23611037430975
-61.70822012663976
-61.27051601685963
-62.33939590143893
-63.36570567620705
-61.28558517218264
-61.10908382909078
-61.659700303839585
-60.63394910492819
-60.242147010945
-61.328559905406586
-61.125498716524866
-62.2840042216678
-61.49044597097875
-61.187333691268435
-61.071555102826565
-61.02733161721125
-62.24650772630699
-61.476123584209915
-62.41793100382255
-61.541601449757955
-61.824907334201214
-61.93312055284569
-61.356420335585966
-61.1361404539122
-61.67003501490051
-61.255930602039456
-61.71579077996774
-61.27340774911388
-61.72246645612379
-61.275957630507605
-61.10540643539902
-61.04026167568946
-61.01537859166935
-61.00587409931858
-60.384209717536514
-60.764789042040846
-60.910157408586024
-60.96568318371723
-60.986892142565665
-60.99499324397977
-60.380053600623754
-60.76320154664139
-60.291517050550524
-60.729383593760076
-60.278599741979804
-60.72444962092923
-60.89474912080788
-60.34176375274453
-61.366610114925486
-61.43545370617071
-60.52199861453214
-61.78436250398
-61.299599817019384
-61.73247093582805
-60.66174501296498
-61.488832080566674
-61.18671723998514
-61.071319639388754
-61.02724167818112
-61.6284393839045
-61.24004248478248
-61.09168807044293
-61.035021726546304
-61.013377109195986
-61.005109601041646
-61.00195169392896
-61.00074548074522
-60.382250759556825
-60.76404078667514
-60.90987160046859
-60.965574014730635
-60.36881645497341
-60.758909338939496
-60.90791156184507
-60.96482534659571
-60.98656447794206
-60.994868087230465
-59.143937817499655
-60.29104733151818
-58.875102210805196
-59.5703272783972
-58.599811646886614
-60.08320962851232
-60.64981723865035
-59.01214012118904
-60.24070509116646
-58.23783919731076
-59.326914467015506
-60.360938192485655
-58.28376415544189
-59.344456240089684
-60.36763855357705
-58.2863234656419
-59.963467798348226
-58.1319439744032
-59.90450007986096
-60.581556265179685
-58.36803276067851
-59.99467797185542
-58.14386519988817
-59.291019594058774
-60.34722757103805
-60.75066311905536
-60.904761786128034
-58.49148628432916
-60.04183302185903
-58.161876826248346
-59.297899423135696
-60.34985543190864
-58.27953091759064
-57.48873732086329
-59.0407830112489
-59.63361171288341
-59.86005212740132
-59.946544669320545
-58.12547991431063
-59.28399703986103
-60.344545194022345
-60.13160455345611
-60.05026846634598
-58.16509887933215
-59.29913013790015
-57.87818956811862
-59.8075745214553
-58.0723980412477
-57.40961960228781
-59.628596720615306
-60.47617055955811
-60.18188096930914
-60.68750633711921
-60.262604053298595
-58.24620385652689
-57.476007516282074
-57.18181869231933
-59.5415845156755
-59.82490086595729
-58.07901611594667
-59.88428343688231
-59.337766217200475
-60.36508319221889
-59.52141538195641
-57.96309497615055
-59.84000550149482
-58.08478557333433
-59.88648717350775
-59.95664195843903
-58.129336735559654
-59.903504203239514
-59.963141885408994
-60.60395544173737
-60.23069045105322
-58.2340139451726
-59.94348733946416
-58.12431211822031
-59.901584970196346
-59.962408803618835
-60.60367542941006
-60.23058349586145
-58.23397309192462
-59.94347173491199
-60.59644211281134
-60.227820614772135
-60.70505372025495
-60.26930655724283
-60.72089994022343
-60.275359274677584
-60.10517788380932
-60.658208365500265
-60.25141322394159
-59.477997317574605
-60.41864670628201
-60.159908812521536
-61.29714770878238
-60.49546633632582
-61.42531927769487
-61.162457508008885
-61.68008723508168
-61.87780419723616
-61.95332535662679
-61.36413788389432
-60.521054306306276
-60.1990250350245
-60.07602079876722
-60.647071350027055
-59.62912527381416
-58.62227048266553
-60.091788140432115
-60.65309393863082
-59.013391709210644
-59.62314916650091
-59.856055790292075
-59.945018204375316
-60.597032811583766
-60.22804624162609
-60.087105913294494
-60.65130548700729
-60.24877655897748
-60.095024189925155
-60.654329999547876
-60.24993181996859
-60.71349944910777
-62.12663450485453
-62.66640406545581
-62.8725776915129
-61.71526103158311
-60.037137425736645
-59.396151245626825
-61.005418277393524
-61.00206959780385
-61.61882450476792
-61.236369927750026
-61.090285278482156
-60.41645191894654
-60.77710446710736
-60.296827493625635
-61.34944599126934
-61.75151048018238
-60.66901747177802
-59.01947395765189
-60.24350636742734
-61.32907913338001
-60.50766305521291
-58.95784205475893
-59.60193108656366
-59.84795120493206
-58.705854550732724
-60.1237144135158
-60.66528868981467
-60.872151655928214
-62.18723425546976
-62.07151712173117
-62.64535109847364
-60.39240021869016
-61.38595152384654
-61.76545435284946
-63.14647951220162
-60.583814240005935
-59.60496320781618
-60.46714336094241
-61.41450086376093
-63.01242720784017
-60.532610816010106
-60.82147321768994
-61.549842825809606
-61.828055259738875
-61.316288964657126
-61.7388456229824
-60.0461459380404
-61.25369415738847
-59.860834567875344
-61.18291151248724
-61.069865980836475
-60.40865244127229
-60.156091342980396
-59.441587598919
-60.40473943127639
-60.15459670616028
-60.05905068720445
-60.64058934420296
-60.24468335665453
-58.85739274826083
-58.94552887687785
-59.59722787112261
-59.22812074774009
-60.94123633834736
-58.50541832355251
-57.575018632310176
-59.69177352837759
-60.50030195282259
-58.95503036384049
-58.98282312744878
-59.61147300725575
-59.233561905568585
-59.7072466981999
-59.27014420028122
-59.721219891393666
-60.51154946264966
-61.43146248530522
-60.5467700157662
-60.826881550743266
-60.9338746364636
-60.356708369897646
-60.754284461979225
-59.67007703854024
-59.2559466536415
-60.95186488863394
-61.599648012260324
-60.61101117064724
-61.469453477181176
-60.56128128339649
-61.450458350508086
-61.79009376812777
-61.919822953875226
-62.5874090822478
-62.22437030411828
-62.70373581885693
-60.41470119745292
-59.54036777350184
-61.67853807805218
-60.02311050565511
-60.00882742766306
-58.767303799834266
-58.911117960589635
-58.348016093184754
-58.132930318964625
-58.05077486370912
-59.87349623841243
-59.95167986277826
-58.74547537242257
-58.90278024323933
-58.34483136854553
-58.13171386239725
-57.432276229896324
-58.401182804791524
-56.917170218228556
-56.96836183864404
-58.84201726395326
-60.175723941965636
-57.59498461819418
-57.2272639013668
-56.468773097156316
-56.79708937885205
-55.68642706190005
-55.262191806848094
-54.48211436989433
-54.1841513028349
-53.45230554986046
-53.17276534674649
-53.684024479128894
-53.87930809064019
-53.953899792791674
-55.21845926523462
-54.4654100254124
-54.17777081100259
-53.44986841884546
-53.78986843428369
-53.9197368840056
-53.969342217733114
-53.37025578044385
-53.14142512359843
-53.054019590351444
-53.6386676362058
-54.480017307015856
-54.80138428484176
-54.30610155875952
-52.88085241393703
-53.57252366055134
-53.836718567717
-53.93763204259966
-53.97617756008198
-53.99090063764627
-53.996524352856824
-53.99867242092421
-53.9994929099158
-53.999806308823196
-54.61796000530368
-54.854073707087835
-54.944261115959826
-54.97870964079164
-54.9918678064151
-54.99689377845366
-54.38077954019599
-54.14544484213431
-54.05555498620694
-54.02122011648652
-54.00810536325262
-54.003095973271336
-54.00118255656139
-54.00045169641283
-54.000172532677105
-54.000065901618484
-54.00002517217835
-54.00000961491656
-54.000003672571324
-54.00000140279742
-54.00000053582094
-53.38196621591549
-53.76393210067543
-53.9098300861108
-53.96555815765698
-53.986844386860135
-53.99497500292342
-53.99808062191011
-53.99926686280693
-54.61775395526056
-54.235961014224856
-54.090129087414
-54.034426248017134
-54.01314965663741
-54.0050227218951
-54.00191850904789
-54.00073280524857
-54.00027990669782
-54.000106914844885
-54.00004083783684
-54.00001559866565
-54.000005958160095
-54.61803626456454
-54.23606884678363
-54.090170275786356
-54.03444198057544
-54.013155665939955
-54.00502501724442
-54.001919385793315
-54.00073314013552
-54.000280034613255
-54.00010696370423
-54.00004085649945
-54.00001560579413
-54.00000596088294
-54.61803626560457
-54.85410283593078
-54.94427224218778
-54.978713890632555
-54.99186942970989
-54.378860409747205
-54.14471179953172
-54.67330897759785
-54.87521513326183
-54.95233642218765
-54.98179413330111
-54.37501198896578
-54.14324183359623
-54.054713511822904
-54.02089870187248
-54.00798259379454
-54.00304907951113
-54.00116464473885
-54.00044485470542
-54.00016991937741
-54.000064903426825
-54.00002479090306
-54.618043458032254
-54.2360715944438
-54.09017132529915
-53.41640839270376
-53.777087841562015
-53.91485513198229
-53.96747755438486
-53.987577531172285
-53.995255039132
-53.998187586223715
-54.61734170828903
-54.23580354989349
-54.09006894139143
-54.034403274280805
-54.01314088145098
-54.00501937007214
-54.00191722876544
-54.61876630497409
-54.23634769740692
-54.708310775996566
-54.88858463058277
-54.33940912700185
-53.51160876167288
-53.81345114676669
-53.92874467862719
-53.97278288911488
-54.607637977467355
-54.232097054537284
-54.088653186144505
-54.651896492646124
-54.24900230304397
-54.095110416485795
-54.03632894641341
-54.01387642275445
-54.00530032184994
-54.00202454279536
-54.000773306536146
-54.000295376813085
-54.00011282390311
-52.763975117396456
-53.527880505786044
-53.819666399961676
-53.93111869409899
-53.97368968233529
-53.98995035290689
-53.99616137638537
-53.99853377624923
-53.999439952362316
-53.38175209208783
-53.763850312651066
-53.291764857115474
-53.72947824744525
-53.89666988522028
-53.96053140821557
-54.602958328176335
-53.61227559881365
-53.85190245701452
-53.94343177222989
-53.97839285967517
-53.991746806795604
-53.99684756071164
-53.99879587533932
-53.99954006530631
-53.99982432057962
-53.99993289643254
-52.76390639121821
-53.52785425472187
-53.81965637294741
-53.931114864120346
-53.973688219413624
-53.989949794120534
-53.99616116294798
-54.61656768347329
-54.23550789872201
-53.471922023942845
-53.18025817310652
-53.686886484126624
-53.88040127927335
-53.954317353693426
-53.98255078180693
-53.99333499172736
-53.379420204625255
-53.144925622148406
-53.055356661819964
-53.02114436331149
-54.24414440561431
-54.09325486478153
-54.03562018873027
-53.39557171265938
-54.38716292674766
-54.765917067583615
-55.52862226475308
-55.20191573792573
-54.45909096027422
-54.79339113164682
-53.685014457166446
-53.87968622860242
-53.95404422864081
-53.98244645732001
-54.61132913206911
-55.46957492763722
-55.179361662092646
-55.06851005864072
-55.644202502579404
-55.24606346034759
-54.47595388971347
-54.79983219754272
-55.54157669166459
-55.82489787745104
-55.93311694068855
-56.5924869333645
-57.46237784815484
-56.55857863360021
-58.06746001889549
-55.55363147933679
-57.683604362864344
-55.40701166550678
-54.537430633655994
-56.677416190460775
-55.02268198272675
-56.244731723969174
-55.47544521168097
-55.18160391107374
-55.68740051029015
-57.1166655972965
-55.80849431534967
-57.162919315002185
-56.44419565215709
-55.55163365271919
-56.446773283500264
-58.024754175281394
-56.15535328734433
-54.82327169800172
-56.786597761660396
-55.68241962072979
-55.878695089278864
-54.71759766960701
-54.89213190829206
-54.958798055269156
-56.220330235015204
-54.84809068352676
-54.32394181556509
-55.35980274066831
-54.519398428940036
-56.670528501151374
-55.02005111951451
-56.24372682364185
-54.23899339641145
-56.56342330934198
-54.361106587865
-53.519896454253036
-53.816616763644
-53.92995383667896
-53.973244746392886
-54.6078143912496
-54.23216443860602
-54.706712913318356
-55.50600829009894
-55.81131195697847
-55.92792758083648
-57.20853876303075
-56.46162073075599
-56.17632342923722
-55.44931556820579
-54.55358928663025
-53.59341830293505
-54.4627335996747
-54.17674850733915
-54.067511922342746
-54.02578725968908
-54.00984985672451
-54.62179629923434
-55.473573029728406
-55.180888801200986
-54.45105938512466
-54.17228935417299
-54.68384266614421
-54.87923864425964
-54.3358392778848
-54.128279189394775
-54.04899829029952
-54.018715681503785
-54.007148754211826
-55.23879855863149
-56.327280910432535
-56.12501018391622
-56.047749641316116
-54.78217076253235
-54.298762646280935
-55.350185153810244
-53.89769084890011
-52.724853404140205
-53.51293734102028
-53.19592463017075
-53.69287053824187
-53.88268698455486
-54.57322440417259
-56.07305420546271
-55.40987023471574
-54.53852250993462
-54.20569729508812
-53.46053538657985
-55.03001083090111
-53.77539513987381
-53.91420857747021
-54.58526458128672
-52.98748320014026
-52.99521900788396
-53.616207812261514
-53.85340442890058
-54.56203946319012
-52.97861199442009
-53.609864497569944
-52.61491352078995
-53.470944042299685
-53.179884617359214
-52.45067582102806
-54.026244811974635
-54.01002462614596
-55.23989704396304
-53.855564539493464
-55.18089854076704
-55.687131082807646
-55.8804947076559
-56.572387028909944
-57.45470036782382
-56.555646097061725
-55.594203934611464
-53.99089772927287
-56.468659196956615
-56.17901188409719
-57.304444432834764
-56.4982534369073
-56.80834986663703
-57.54483015175369
-55.972038622374356
-55.989319704119275
-55.377886501233576
-56.99844176583113
-55.14530284126024
-56.29156872419927
-56.72940333133757
-56.27860728106355
-56.10641851185308
-56.658682243245586
-56.25159422913379
-56.714134432905674
-57.50884305833313
-56.576326764593915
-56.83817122419851
-58.174254885501405
-57.44852545480592
-56.55328749016646
-56.82937100444336
-56.316791534413724
-56.739037587547706
-56.900321228229394
-58.19799407464026
-58.69366099569139
-58.88298891243391
-58.337271752860445
-58.74686033489733
-58.28527526308165
-58.108965454347626
-58.04162109996122
-58.01589784553603
-57.388038447896975
-56.53018350940499
-56.8205460690679
-56.31342070904882
-56.11971605807856
-56.66376145393675
-56.871568303731685
-56.950943457258305
-56.981262068043236
-56.992842746871396
-57.61530016132085
-57.85305773709117
-57.94387304995265
-57.36052742401689
-57.137709222098
-58.906702208526816
-58.34632942598265
-58.132286069421134
-57.43249479353085
-57.165198311171416
-57.68113412873329
-57.878204075028464
-57.95347809635211
-57.36419622527796
-57.75714456823166
-57.28920349066713
-57.11046590376973
-57.04219422064206
-57.63415074690635
-57.86025802007699
-57.946623313324615
-57.979611919896854
-57.992212446365954
-57.378991430451116
-57.76279583373728
-57.90939607076072
-57.965392378544884
-57.98678106487394
-57.99495081607692
-57.99807138335684
-57.99926333399358
-57.9997186186239
-57.99989252187813
-57.99995894701049
-57.99998431915335
-57.999994010449555
-57.99999771219531
-57.999999126136366
-57.999999666213796
-58.61803386125491
-58.854101917550935
-58.326237902647996
-58.124611790393054
-58.047597468531166
-58.01818061520045
-58.00694437707019
-58.002652516010116
-58.001013170960164
-58.00038699687037
-58.00014781965094
-58.000056462082455
-58.00002156659642
-58.000008237706815
-58.000003146524016
-58.000001201865224
-58.000000459071664
-58.000000175349776
-58.000000066977655
-58.00000002558319
-58.00000000977191
-58.00000000373254
-58.000000001425704
-58.00000000054457
-58.000000000208004
-58.00000000007945
-58.00000000003035
-58.00000000001159
-58.00000000000443
-58.00000000000169
-58.00000000000065
-58.00000000000025
-58.00000000000009
-58.000000000000036
-58.000000000000014
-58.00000000000001
-58
-58
-58
-58
-58
-57.38196601125011
-57.14589803375031
-57.05572809000084
-56.403252247502316
-56.77206264125599
-57.53096966501556
-57.2028123650408
-56.45943344135694
-56.17548795903002
-56.067030435733116
-56.64363733691923
-57.481915563774464
-57.80210935440417
-57.924412499438056
-57.971128143909986
-57.98897193229191
-57.995787652965745
-57.998391026605326
-57.99938542685023
-58.617799242695256
-58.23597831248564
-58.09013569476167
-58.03442877179937
-58.63118460938634
-58.85912505635965
-58.94619055969261
-58.979446622718186
-58.374115319712054
-58.14289933641797
-58.05458268954186
-58.020848732207604
-58.00796350708096
-58.00304178903527
-57.38312787127497
-57.146341824789644
-57.05589760309396
-57.021350984492244
-57.008155350382765
-57.00311506665605
-57.00118984958539
-57.00045448210012
-57.000173596714966
-57.00006630804478
-56.381991338669486
-56.763941696713566
-56.90983375147121
-56.965559557700075
-56.98684492162901
-56.99497520718695
-57.61611468868173
-57.85336885885825
-57.32595789914314
-57.12450483857117
-57.04755661657037
-56.40013102239004
-56.77087043934964
-56.294446306909
-56.73050247012725
-56.27902711472285
-56.724612862791204
-56.89481147365077
-56.95982155816111
-56.984653200832554
-57.61217203308645
-57.851862898426795
-57.94341666219393
-57.978387088154996
-57.37371061352117
-57.14274475240851
-57.054523643704364
-57.02082617870458
-57.00795489240937
-57.00303849852353
-57.001160603161225
-57.00044331096014
-57.000169329719185
-57.000064678197425
-57.000024704873084
-57.00000943642183
-57.000003604392404
-57.00000137675539
-57.000000525873766
-57.000000200865905
-57.00000007672395
-57.000000029305944
-57.000000011193876
-57.00000000427568
-57.00000000163316
-57.000000000623814
-57.00000000023827
-57.00000000009101
-57.00000000003477
-57.00000000001328
-57.00000000000507
-57.00000000000194
-57.00000000000074
-57.000000000000284
-57.00000000000011
-57.00000000000004
-57.000000000000014
-57.00000000000001
-57
-57
-57
-57
-57
-57
-57
-57
-57
-57
-57
-57
-57
-57
-57
-57
-57
-57
-57
-57
-57
-57
-57
-56.38196601125011
-56.763932022500214
-56.90983005625053
-56.96555814625137
-56.98684438250358
-56.99497500125936
-56.998080621274504
-56.99926686256414
-56.99971996641793
-56.99989303668964
-56.99995914365099
-56.999984394263336
-56.99999403913901
-56.999997723153704
-56.9999991303221
-56.9999996678126
-56.38196588436581
-56.763931974034726
-56.90983003773836
-56.965558139180345
-56.98684437980268
-56.99497500022771
-56.998080620880444
-56.99926686241363
-56.99971996636044
-56.99989303666768
-56.999959143642606
-56.99998439426013
-56.99999403913779
-56.999997723153236
-56.999999130321925
-56.99999966781253
-56.99999987311568
-56.9999999515345
-56.999999981487825
-56.99999999292898
-56.999999997299106
-56.99999999896835
-56.99999999960595
-56.999999999849486
-56.99999999994251
-56.999999999978044
-56.999999999991616
-56.999999999996795
-56.99999999999878
-56.99999999999953
-56.38196601124993
-56.76393202250014
-56.9098300562505
-56.965558146251354
-56.98684438250357
-56.994975001259355
-56.9980806212745
-56.99926686256414
-56.99971996641793
-56.99989303668964
-56.99995914365099
-56.999984394263336
-56.99999403913901
-56.999997723153704
-56.9999991303221
-56.9999996678126
-56.999999873115705
-56.99999995153451
-56.99999998148783
-56.999999992928984
-56.99999999729911
-56.999999998968356
-56.99999999960595
-57.61803398859938
-57.85410196619219
-57.944271909977196
-57.9787137637394
-57.99186938124101
-57.99689437998364
-57.99881375870989
-57.999546896146036
-57.38179294097832
-57.14583192678894
-57.05570283938849
-57.02127659137653
-57.626160923490986
-57.23917219034654
-57.09135564754862
-57.034894752299316
-57.01332860934933
-57.00509107574867
-57.00194461789669
-57.000742777941404
-57.00028371592752
-57.61814235859106
-57.85414335984565
-57.9442877209459
-57.97871980299205
-57.99187168803026
-57.99689526109872
-57.38078010651601
-57.763479047199205
-57.29162304633171
-57.111390091795926
-57.042547229056076
-57.016251595372296
-57.006207557060804
-57.002371075810125
-57.00090567036956
-57.00034593529857
-57.000132135526144
-57.00005047127986
-57.00001927831345
-56.3819733749106
-56.763934835168236
-56.909831130594114
-56.9655585566141
-56.98684453924819
-56.994975061130475
-56.380046655393336
-56.14516490504953
-56.673482048505164
-57.49331522921586
-57.80646363914241
-56.690007710711576
-56.263559492992314
-56.71870475701527
-57.51058876680339
-58.43109553214479
-57.54662985213119
-57.82682801299868
-57.315820198114956
-58.35670055884598
-58.13624748967308
-56.81597393267348
-56.31167430834735
-56.73708298111847
-56.89957463500805
-56.96164092390569
-57.603382125458914
-58.466539441220945
-56.324100243204335
-57.97789724339163
-59.22762547572046
-58.46891120626996
-58.17910814308941
-57.45037923424838
-57.17202955965573
-57.683743433468706
-57.26116675200049
-57.71779081128267
-57.892205681847514
-57.340792245509974
-57.130171054682414
-57.667754907287154
-57.255059678429156
-57.09742412800032
-56.419178716821904
-56.77814601121529
-56.91525931682398
-57.58566592800654
-57.84173846719565
-57.93954947358039
-57.97690995354554
-57.99118038705621
-57.99663120762309
-57.998713235813064
-56.76344052231631
-57.52767630863565
-57.201554414840736
-58.31305491338635
-56.26547437031875
-56.10140218631979
-57.2748001661404
-57.72299831210141
-59.13026274766362
-59.66778993088945
-60.491141033754616
-60.8056331703744
-60.92575847736858
-59.11754029548166
-59.662930386576186
-59.87125086424689
-59.33278821741459
-59.74514777674678
-60.52068910157564
-58.96281756173046
-59.60383156111553
-61.084745099115906
-61.65040373623219
-62.484500098330564
-61.56702858125971
-59.362483679198895
-60.37452442258665
-60.14305559981117
-59.43660838809697
-58.54873557572984
-58.20959833909256
-57.46202545279794
-57.17647801930125
-56.449374616355925
-56.17164582976652
-57.30163085044342
-56.49717874406396
-56.80793937049834
-58.78074133368075
-58.91625064179402
-60.459917088309474
-59.5860445804512
-60.17567269572733
-60.68513498762242
-59.64366428964013
-58.00978990379818
-59.2398073880041
-59.091598271464235
-57.79891944888881
-57.92319406395209
-59.824764709217135
-58.07896410869973
-59.26622958313175
-57.24758868569593
-58.94867242895562
-58.36236062367113
-57.520375453307864
-58.43483371375226
-57.54805771044913
-59.6814753725947
-58.02423245233538
-58.00925597316135
-59.85763743339837
-59.327588349533954
-59.74316160395338
-59.9018964623262
-60.58056177177511
-61.45782284174902
-59.938804787222274
-59.358591519917795
-59.75500376128101
-58.67035178642544
-60.110153564244996
-60.042074917559646
-58.16196922218425
-58.679900726492896
-59.49576694604433
-59.80740011164009
-58.69036541137616
-58.881730111238284
-57.7187569448389
-56.656506734528534
-56.250763258746694
-56.095783041711556
-56.65461985513786
-57.48611051245192
-58.421745670967795
-57.543058522951675
-59.06153186413691
-58.40546909195926
-59.39094338924067
-59.76736107576275
-58.057037871797895
-59.25785450588063
-59.71652564584399
-57.41958647665175
-57.160267772861154
-57.67925083068161
-58.49551870793356
-57.57123731561929
-57.836227227674215
-56.70137638990356
-58.74003789703604
-57.04660134620498
-58.87190209657849
-58.33303696603069
-57.50917481276368
-55.95841949476058
-56.60215164901783
-58.70213741854259
-57.65015864036027
-57.8663724912881
-59.185026811003816
-59.68870794172335
-59.88109701416623
-59.33654911202545
-60.36461829940992
-60.139271797454406
-61.289265070453084
-60.49245543640505
-60.806135227511966
-60.92595024613084
-62.207783488380336
-62.69740021901016
-62.88441716865016
-63.5738852756902
-62.60117068092066
-63.465694744571564
-64.41394754154393
-62.30401192506064
-63.970224188637566
-63.988626652102155
-63.37762177891901
-63.14423868465486
-63.673128263795476
-65.11121408423135
-63.188378033899
-61.83588602871575
-64.40944999599772
-64.15639598177762
-64.05973794933514
-62.78674988872802
-64.15461368309859
-64.67709116056776
-63.64059182110488
-65.09878626899655
-63.8016650196351
-63.92424277865865
-64.58909730509075
-65.46108312536349
-66.41218605974962
-66.15744106513546
-67.29620511315655
-67.1131402855843
-67.04321574359633
-65.16240497895501
-63.82596520451881
-65.787626589601
-66.5369145642842
-64.35098114825205
-65.9881648354715
-65.37744538066266
-65.1441713065165
-65.67310252763671
-66.49317026514355
-66.80640826779393
-65.07195257198856
-66.88158540317134
-65.10066768252588
-65.6564856219061
-66.4868231719423
-65.56791591642103
-63.980856599820996
-65.22875584929164
-65.70541094805395
-65.88747699487021
-65.9570200365567
-65.36554912605
-65.75766133034317
-64.67136688747973
-66.11054129834572
-66.66025700755742
-66.25219573557663
-64.8602622216727
-64.94662491819138
-63.74354455540162
-63.902042736763384
-63.96258365488853
-62.74964025040243
-64.75847305131832
-64.28971092605275
-64.11065972683994
-64.66030224321698
-63.63417902531119
-65.09633679896628
-65.65483137158765
-64.01405534954698
-64.00536866580319
-64.00205064786257
-62.764715300284756
-64.76423120799127
-65.52797832368907
-63.34756780807635
-63.13275908928986
-62.43267547104335
-61.5472333350903
-61.82705852297743
-61.315908245092096
-61.12066621229885
-61.66412438055435
-61.87170692936419
-62.569030396288106
-62.83538425950013
-63.55515637096218
-62.59401687588661
-61.60886026794776
-63.704699882956255
-62.033103425921425
-63.866746349807606
-62.71303365725171
-62.27235462194751
-62.10403020859082
-62.03973600382495
-62.01517780288403
-62.005797404827156
-63.856316377847115
-64.56315172871419
-65.45117279704534
-64.55429868492207
-64.82975724647076
-64.9349730544902
-65.59319590574974
-63.99051269650933
-64.61441016127804
-62.99861582107512
-64.85357325694689
-64.94406996101566
-65.59667061484998
-65.2279078947844
-66.323121047003
-64.269319291225
-65.95697278167161
-64.12946309879024
-62.813382525949194
-62.31068447905735
-65.20884085497232
-66.31583808585962
-64.26653744760698
-63.483774256961325
-64.42085330077678
-64.77878564536904
-64.91550363533035
-64.967725260622
-64.98767214653564
-64.37725719023504
-64.1440994241695
-65.90914304852315
-64.72922775515025
-65.5146081944274
-65.81459682813194
-64.07508032371875
-65.26474610927401
-63.86505603785359
-65.18452397053645
-63.216379918756154
-62.464615785732015
-64.64960339343948
-63.01205843958682
-64.85870788032057
-63.09192924637529
-64.27118182505498
-64.72161622878967
-65.51170085006392
-65.19545233265221
-66.31072412539248
-66.11868605477534
-65.42730005018365
-65.16321409577561
-66.298410214643
-65.49594857065358
-65.80746948606763
-65.30842589879943
-65.11780821033065
-66.2810667096923
-65.48932394124647
-66.42297309154688
-65.5435273558944
-65.2076089761363
-65.6973335612644
-65.88439170765689
-65.95584156170626
-65.9831329774619
-65.99355737067945
-66.61557312332636
-66.23512801054974
-66.70784489707275
-66.27037269191862
-66.10327317868311
-67.2755148216305
-65.8691693199587
-65.3319931382456
-65.74484408352797
-65.28450512358842
-66.96277325348697
-66.3677466593727
-66.14046672463114
-66.05365351452072
-67.25656179643082
-66.47996389727194
-67.41939787288482
-67.16019573263259
-67.06118932501296
-67.02337224240628
-67.0089274022059
-67.6214439529613
-69.09147243417782
-68.41690537207235
-68.15924368203922
-69.29689365154509
-68.49536929509627
-68.1892142337437
-69.30834138363461
-68.49974193966035
-69.42695241284625
-68.54504732137859
-69.44425752878932
-68.55165728748959
