-50.93712304380291
-49.73991516234206
-49.90065643197317
-51.198122111077225
-49.83960793500883
-48.70266770519937
-48.88642916933916
-50.810721769067804
-49.69163417161457
-48.64614675702599
-50.718942054462985
-49.038543451363395
-48.39668829962719
-50.623657402517765
-49.00214795292652
-50.854922411261384
-51.562619280857625
-49.360799476311904
-50.991915103077666
-51.6149458329211
-49.380786440686066
-50.99954944413667
-49.145725936724354
-48.43762836603639
-50.6392951163844
-49.00812102811723
-50.857203922966875
-51.56349074078339
-50.597200321883506
-49.61007623611723
-51.08713035271786
-49.17917886703677
-49.68647422589224
-48.64417583314017
-50.71818922852784
-51.51039185244336
-49.95888436255255
-51.22036320146398
-51.702205241839394
-54.636271843228165
-49.41411656905463
-51.01228042032406
-53.006966240528826
-49.150588736917975
-50.911621745429436
-52.38462687835831
-51.58427649937033
-52.1469143945461
-49.369071797681976
-49.75900687117539
-51.14401679334397
-52.05611630528
-51.05500952010663
-51.403400532544
-49.16690980072623
-48.445719882072055
-50.64238580048951
-51.772119281101894
-49.00930156439689
-49.621586870200964
-50.6768893332619
-48.61939106870621
-50.70872229091723
-51.49461669618358
-50.88874181529559
-51.18892676653895
-49.721435177469736
-49.836095625933474
-51.129665683363314
-51.173462077511154
-49.81345990637051
-49.8301886403503
-51.16481600199791
-51.171205809789434
-49.20885214462365
-50.93387638687261
-51.68342878901801
-51.59277701599418
-51.879080557264594
-51.84445466110993
-51.95381288277577
-51.94058696733561
-51.98235809106272
-51.97730624089691
-51.99326139041239
-51.99133175535512
-51.99742608017445
-51.99668902516846
-51.999016850110955
-50.14463335390056
-50.14552250390874
-50.05524502528312
-50.05558465036515
-48.78503374444902
-50.7719921630635
-51.257299424686494
-51.530942744741495
-51.71631362369434
-49.34870011616141
-50.98729355874231
-51.891641446396534
-50.37711258256572
-50.72254273799546
-51.380112166454644
-51.51205474508964
-49.29108796179863
-49.72921969644104
-50.57755351977369
-49.278537138774595
-49.60257182548152
-50.96049368613243
-51.084263922920556
-49.13080796462312
-49.17808398828057
-48.43193020773695
-48.449988041921145
-50.63711861358729
-50.644016092482445
-51.479425633024924
-51.48206023552619
-51.80115828548748
-51.80216461409612
-49.45191326843794
-49.45229765176259
-51.02671747482592
-51.02686429619123
-51.628239156039825
-51.6282952368111
-51.85799999329356
-51.85802141424207
-49.47362486884128
-49.79894259073005
-50.709701028415324
-51.159270880848666
-51.50714964850369
-51.67887005181595
-51.811747917095744
-51.87733927459919
-51.92809410278354
-50.09904580573192
-50.11843242500518
-51.27390010884626
-51.2813051384817
-49.86855255455718
-49.87138102419022
-48.7137235660754
-48.71480394533908
-50.7447540986686
-50.745166766826586
-49.04840277493082
-49.0485604001411
-50.87259018112345
-50.87265038859629
-49.09723181343994
-49.09725481064819
-50.89124121419595
-50.89124999834786
-49.10435587414834
-49.104359229395804
-50.89396236324865
-50.89396364483913
-51.577531215597595
-51.5775317051216
-49.36649532854455
-49.36649551552608
-50.99409072503564
-50.994090796456234
-49.1436408915628
-49.14364091884304
-50.29093391590244
-50.290933926322566
-48.87505888989484
-48.87505889387497
-48.33424275378208
-48.334242755302355
-50.59980532645097
-50.59980532703167
-48.99303727057126
-48.99303727079306
-50.851442440262375
-50.85144244034709
-49.70718808396618
-49.70718808399854
-51.12422377788585
-51.12422377789821
-49.19334729469179
-49.193347294696515
-50.927954061189105
-50.92795406119091
-49.736412922625846
-49.736412922626535
-51.135386672938374
-51.13538667293811
-51.66974709618849
-51.66974709618859
-50.637786638127565
-50.6377866381276
-49.00754484069441
-49.00754484069442
-50.856983838955244
-50.85698383895525
-49.091270721171746
-49.09127072117175
-50.27093029080968
-50.27093029080969
-49.48545217375751
-49.485452173757515
-49.185426230462845
-49.18542623046285
-50.92492848388072
-50.92492848388072
-51.589359221179315
-51.589359221179315
-51.843149179657225
-51.843149179657225
-49.467952362792786
-49.467952362792786
-50.414809874970814
-50.414809874970814
-51.39451125086955
-51.39451125086955
-49.296587922638246
-49.296587922638246
-48.49525251704519
-48.49525251704519
-50.661305583496905
-50.661305583496905
-49.016528278445946
-49.016528278445946
-49.00631324059083
-49.00631324059083
-50.85651340957622
-50.85651340957622
