-56.81604362825238
-56.92973491843952
-56.97316112706618
-56.98974846275902
-56.99608426121088
-56.99850432087362
-56.99942870140999
-56.99978178335634
-56.99991664865903
-56.99996816262076
-55.76391986170346
-55.2917914224896
-55.72948839451524
-55.27863977230623
-55.10643092240345
-55.040652994904114
-55.015528062308896
-54.38789720327268
-54.76619753625903
-54.29266141675452
-54.11178671400453
-55.27876670275886
-56.34254738302194
-55.512807468807154
-55.19587502339953
-55.69285159014134
-55.882679747024476
-55.33715366218219
-55.1287812395221
-55.66722404513399
-55.25485690712999
-55.09734667625598
-55.655217110387845
-55.25027066615767
-55.09559488808515
-56.89061596434747
-55.72215103870757
-55.27583715177525
-56.34142839411797
-55.51238005307887
-54.57767777636876
-54.220653276027406
-55.320350029213245
-55.122362822862435
-56.28280641687385
-56.10802243900924
-56.65929488890376
-56.86986222770204
-56.33225780545248
-56.1269111886554
-56.04847576051371
-56.01851609288574
-56.625106506893395
-56.85680342779445
-56.94530377648996
-56.97910790167543
-56.992019928536315
-56.99695188393353
-56.998835723264264
-56.99955528585926
-57.61786412306341
-57.85403708333097
-57.9442471269295
-57.36067030870763
-56.5197298104435
-57.43458710012267
-57.16599750117461
-57.06340540340115
-57.64225269777874
-57.24531870118516
-57.71173739452665
-57.88989348239478
-57.9579430526577
-58.6019696643282
-58.22993195157701
-57.46979220165293
-57.17944465338177
-57.68657574724229
-57.88028258834509
-57.95427201779299
-57.982533465033875
-57.375294388558736
-57.143349700642325
-57.67278870211814
-62.28768005381075
-59.11108438321189
-59.042430458767626
-58.39817300434109
-58.152088554255634
-58.05809265842582
-57.40415543227193
-57.15437363838997
-57.05896548289798
-57.022522810303975
-55.772534970514165
-56.5311500787383
-56.82091526570074
-56.93159571836393
-55.73780391189125
-55.89985000605972
-56.579780095037805
-56.83949027905369
-56.93869074212327
-56.97658194731612
-57.60908908857499
-58.46871930715874
-58.79706883290123
-58.92248719154495
-57.73432476423384
-58.51655507865636
-57.57927249423546
-57.221262404050016
-57.084514717914594
-57.032281749693766
-56.39429654241681
-56.76864186630655
-56.911629056502846
-56.96624530320199
-56.98710685310311
-56.995075256107334
-56.380084926468996
-56.763213512049546
-56.90955560967964
-56.34741932823949
-56.750736363788725
-56.286755774376786
-56.10953095934163
-56.04183710364812
-56.01598035160273
-56.624137939909964
-56.238399479377264
-55.47302650947194
-55.79871403778845
-55.30508161514352
-55.11653080764211
-55.04451080778281
-55.01700161570632
-55.00649403933615
-55.00248050230213
-55.618981456320135
-55.236429877908385
-56.9444101436547
-57.596800553055715
-57.22795752676255
-55.85100404973214
-56.56112259993366
-55.59629577256906
-55.2277647177735
-55.08699838075145
-55.65126441323075
-55.866794858940786
-55.9491201635916
-55.980565631834025
-55.992576731910475
-56.6151985526473
-56.234984937281524
-55.47172227044739
-55.79821586281053
-55.922925317984195
-55.352526102392154
-55.134652989192276
-55.66946685393457
-55.87374757261144
-56.56980985264964
-55.5996140078377
-55.229032170863455
-54.46944851600277
-55.41538135464465
-55.776695547931176
-55.914705289148884
-56.58545430826536
-57.4596916243971
-57.175586576176045
-57.067068104131025
-57.025617736217036
-55.77371712702029
-55.91356763359373
-55.348951785010996
-56.369355698939046
-56.759115311806134
-56.28995624772947
-56.72878742013217
-56.27837202391714
-56.10632865161925
-55.422579942190715
-55.16141117495289
-55.679687571417844
-55.877651539300636
-56.57130103523397
-56.21821757765137
-56.083351697720154
-56.03183751550909
-55.39412686005723
-55.150543064662585
-55.67553632268043
-55.8760659033787
-55.334627398705784
-55.12781629273865
-55.66685546826005
-55.87275011204151
-55.95139486786447
-55.98143449155191
-55.992908606791254
-55.37925734007195
-55.7628974021745
-55.909434866451555
-55.96540719718017
-55.98678672508895
-56.612986966836566
-56.234140186670864
-56.089433593176025
-54.79809261535742
-54.92287824164613
-56.20661008708077
-55.46088404209638
-56.41211001670817
-56.775446008028126
-55.67816002987642
-55.25903408160115
-55.09894221492703
-56.27386054067972
-55.48657142961233
-55.185853748157285
-56.30705779235931
-55.499251651420856
-55.19069716190325
-55.69087382303879
-55.26389031846324
-55.71883112110082
-55.27456905608932
-56.34094402466693
-56.74826301791148
-56.28581104031762
-56.109170103041365
-56.041699268806475
-55.39789371462816
-55.15198187507801
-55.05805191060586
-55.64020784548946
-55.86257162586253
-55.32947304334823
-55.125847504182154
-55.04806946919824
-56.25442888091235
-55.479149196039025
-55.183018707204724
-56.924008891824826
-55.73490600202006
-55.280709114235364
-55.10722134068603
-56.89505687407242
-55.72384731528153
-57.13058703802187
-56.431845821284284
-57.401018403330774
-56.535141411208244
-56.82243981904386
-57.55021203467323
-57.21016229622594
-57.080274854004585
-57.03066226578782
-57.01171194335886
-57.00447356428877
-57.00170874950745
-57.000652684233586
-56.382215314443414
-56.145993259096656
-56.055764462846554
-56.021300129443006
-56.008135925482456
-56.00310764700436
-56.00118701553063
-56.00045339958753
-56.00017318323195
-55.38203216135843
-55.76395728959323
-55.90983970742126
-55.96556183267056
-55.98684579059041
-55.99497553910067
-55.9980808267116
-55.99926694103413
-55.999719996390795
-55.999893048138254
-55.999959148023976
-55.999984395933666
-56.618028028526915
-56.23606570089719
-56.708203062914556
-56.27050949909658
-56.72135942312508
-56.893568770278655
-56.95934688771089
-56.36643790410413
-57.376034802101294
-57.76166650219975
-56.67289672699816
-56.25702367879474
-55.48014032063616
-55.18339728311374
-56.924153494954744
-55.73496123550081
-55.28073021154769
-56.343297376642056
-56.74916191837848
-56.9041883784934
-56.34536922835183
-55.51388531781218
-57.66842268008429
-58.49138272244069
-56.3335895322382
-56.12741986302381
-56.04867005683324
-60.87381602517052
-56.01859030747591
-59.71573403295091
-57.861202831844174
-56.71091622180692
-56.88957982232648
-60.509454051182004
-56.95782324517252
-60.81262812059509
-60.928430310603275
-56.98388991319107
-59.73659483371493
-58.22991447190049
-56.851751536260714
-58.663320201791635
-57.56140811438144
-56.59640482938383
-56.84584036251994
-58.253365771659965
-57.559150246925874
-58.09677711318826
-57.83161037825768
-58.654999556654715
-58.55371487659707
-58.250187568025986
-58.21150026278363
-58.71359713617314
-58.69881990050371
-58.272569851743555
-58.2669254499776
-58.722146407807415
-58.719990438178975
-58.27583538292879
-58.27501187580944
-58.105359740978955
-58.10504518924934
-58.65827782875797
-58.658157680688475
-58.25143975654506
-58.251393864066195
-58.096041440877215
-58.096023911510116
-58.036684566086585
-58.03667787046415
-58.01401225738253
-58.014009699882344
-58.00535220606102
-58.00535122918287
-57.38401037205062
-57.38400999891637
-57.14667891009084
-57.14667876756624
-57.67406034697181
-57.67406029253225
-57.257468142074686
-57.257468121280624
-57.09834407925224
-57.09834407130962
-58.27363207318183
-58.27363207014802
-58.72255214029325
-58.72255213913444
-57.65795637019814
-57.65795636975552
-57.869350959051076
-57.86935095888201
-57.33206251820519
-57.33206251814062
-57.7448705843144
-57.744870584289735
-57.902549234738004
-57.90254923472858
-58.5808111086495
-58.580811108645904
-58.2218501024606
-58.22185010245923
-57.46670520998241
-57.46670520998188
-57.796299516236516
-57.79629951623632
-57.92219333872715
-57.92219333872707
-58.58831448869481
-58.588314488694785
-58.8427501273573
-58.842750127357284
-58.93993589337708
-58.939935893377076
-58.35902356402405
-58.35902356402404
-58.75516878744496
-58.75516878744496
-58.906482798310826
-58.906482798310826
-58.96427960748751
-58.96427960748751
-58.98635602415172
-58.98635602415172
-58.99478846496764
-58.99478846496764
-58.9980093707512
-58.9980093707512
-58.999239647285954
-58.999239647285954
-58.99970957110667
-58.99970957110667
-58.999889066034065
-58.999889066034065
-58.381923638245624
-58.381923638245624
-58.76391583745271
-58.76391583745271
-58.90982387411249
-58.90982387411249
-58.965555784884764
-58.965555784884764
-58.3688094917919
-58.3688094917919
-58.14087269049093
-58.14087269049093
-58.05380857968089
-58.05380857968089
-58.02055304855174
-58.02055304855174
-57.389816577224444
-57.389816577224444
-57.766930671871485
-57.766930671871485
-57.91097543839001
-57.91097543839001
-57.34796165454865
-57.34796165454865
-58.368977502755726
-58.368977502755726
-58.14093686496863
-58.14093686496863
-58.67186708090006
-58.67186708090006
-57.638596400231755
-57.638596400231755
-58.47999009729499
-58.47999009729499
-57.56530591415342
-57.56530591415342
-57.83396163391517
-57.83396163391517
-57.3185449988422
-57.3185449988422
-57.73970735136132
-57.73970735136132
-58.518611043991655
-58.518611043991655
-57.58005780311385
-57.58005780311385
-57.83959635409979
-57.83959635409979
-57.93873125918552
-57.93873125918552
-57.35856343470688
-57.35856343470688
-58.37302702243491
-58.37302702243491
-57.524449655098074
-57.524449655098074
-57.8183559316092
-57.8183559316092
-58.54865212847942
-58.54865212847942
-58.20956646507916
-58.20956646507916
-58.698081255507965
-58.698081255507965
-58.266643312694846
-58.266643312694846
-58.71988267132646
-58.71988267132646
-58.27497071253464
-58.27497071253464
-58.72306345502735
-58.72306345502735
-58.27618566379752
-58.27618566379752
-58.1054935363652
-58.1054935363652
-58.040294945298086
-58.040294945298086
-58.01539129952905
-58.01539129952905
-58.00587895328907
-58.00587895328907
-58.620279549088046
-58.620279549088046
-57.61889171647528
-57.61889171647528
-58.47246357783759
-58.47246357783759
-58.79849901703747
-58.79849901703747
-57.68696549577504
-57.68696549577504
-57.262397470287645
-57.262397470287645
-58.33629489258768
-58.33629489258768
-58.7464872074754
-58.7464872074754
-58.28513274108861
-58.28513274108861
-58.108911015790426
-58.108911015790426
-58.65963429503256
-58.65963429503256
-57.63392389180747
-57.63392389180747
-58.478205357889635
-58.478205357889635
-58.182658193111536
-58.182658193111536
-58.069769221444965
-58.069769221444965
-58.64468345997325
-58.64468345997325
-58.2462471697249
-58.2462471697249
-58.712092037951344
-58.712092037951344
-58.271994955379235
-58.271994955379235
-58.10389282818635
-58.10389282818635
-58.03968352917983
-58.03968352917983
-58.01515775935315
-58.01515775935315
-57.387755760129714
-57.387755760129714
-57.76614350978589
-57.76614350978589
-57.91067476922797
-57.91067476922797
-57.96588079789801
-57.96588079789801
-57.98696762446607
-57.98696762446607
-57.376988086750295
-57.376988086750295
-57.76203062453472
-57.76203062453472
-57.90910378685385
-57.90910378685385
-57.34724674727693
-57.34724674727693
-57.75067044372683
-57.75067044372683
-57.90476458390358
-57.90476458390358
-57.96362330798391
-57.96362330798391
-57.98610534004814
-57.98610534004814
-57.994692712160514
-57.994692712160514
-57.3799388076835
-57.3799388076835
-57.14512371088999
-57.14512371088999
-58.90953429123615
-58.90953429123615
-57.72937719656877
-57.72937719656877
-56.04252932097037
-56.04252932097037
-56.016244755092224
-56.016244755092224
-56.00620494430631
-56.00620494430631
-56.00237007782671
-56.00237007782671
-56.618939277923715
-56.618939277923715
-56.23641376719454
-56.23641376719454
-57.3263700011597
-57.3263700011597
-58.36073022503445
-58.36073022503445
-56.28368471894408
-56.28368471894408
-55.49032393179778
-55.49032393179778
-55.80532106519916
-55.80532106519916
-56.543673252549596
-56.543673252549596
-56.825698692449635
-56.825698692449635
-58.1694908022991
-58.1694908022991
-57.44670573694788
-57.44670573694788
-57.788660397294414
-57.788660397294414
-57.91927545493537
-57.91927545493537
-58.58719995626158
-58.58719995626158
-58.84232441384937
-58.84232441384937
-58.32173929653663
-58.32173929653663
-59.3589614532603
-59.3589614532603
-59.13711107449438
-59.13711107449438
-59.052371770222834
-59.052371770222834
-59.020004236174124
-59.020004236174124
-58.38960694954964
-58.38960694954964
-57.5307826237249
-57.5307826237249
-57.202740921625065
-57.202740921625065
-57.69547412990019
-57.69547412990019
-59.119749445575295
-59.119749445575295
-57.19163825182612
-57.19163825182612
-57.69123328740286
-57.69123328740286
-56.64599363288267
-56.64599363288267
-55.62871362249526
-55.62871362249526
-56.47621521210291
-56.47621521210291
-58.035999991313254
-58.035999991313254
-58.631784761836855
-58.631784761836855
-59.47738828294721
-59.47738828294721
-58.56431210950499
-58.56431210950499
-58.21554804556775
-58.21554804556775
-59.936433993447956
-59.936433993447956
-58.73965196852643
-58.73965196852643
-59.518589889631116
-59.518589889631116
-59.19808371161703
-59.19808371161703
-57.83959326772018
-57.83959326772018
-57.32069609154352
-57.32069609154352
-57.12249500691038
-57.12249500691038
-58.2828569066874
-58.2828569066874
-57.490007735652036
-57.490007735652036
-57.18716630026871
-57.18716630026871
-55.835423187654285
-55.835423187654285
-56.55517124019394
-56.55517124019394
-56.83009053292755
-56.83009053292755
-56.935100358588706
-56.935100358588706
-56.35717655408867
-56.357176554088674
-56.1364293036773
-56.13642930367731
-55.43407736819336
-55.43407736819336
-55.78383678965265
-55.78383678965265
-55.9174330007646
-55.9174330007646
-55.968462212641164
-55.968462212641164
-55.98795363715889
-55.98795363715889
-55.377364710085615
-55.377364710085615
-55.76217448184785
-55.76217448184785
-55.909158735457936
-55.909158735457936
-56.583335713275844
-56.583335713275844
-56.8408484043696
-56.8408484043696
-58.175277477332756
-58.175277477332756
-58.06695003887877
-58.06695003887877
-58.64360662805346
-58.64360662805346
-57.62780186778181
-57.62780186778181
-57.23979897529198
-57.23979897529198
-55.85552708059435
-55.85552708059435
-55.32678226649107
-55.32678226649107
-57.59695567387844
-57.59695567387844
-56.60998278889457
-56.60998278889457
-54.99692471530548
-54.99692471530548
-54.99882534577178
-54.99882534577178
-56.23561929950964
-56.23561929950964
-56.70803255275713
-56.70803255275713
-56.27044437001187
-56.27044437001187
-56.72133454602838
-56.72133454602838
-56.27552527932337
-56.27552527932337
-56.72327528069161
-56.72327528069161
-57.51233455150136
-57.51233455150136
-56.577660396312695
-56.577660396312695
-55.60261264868682
-55.60261264868682
-56.46624552724756
-56.46624552724756
-56.796123933055846
-56.796123933055846
-57.54016026066988
-57.54016026066988
-57.824356848953784
-57.824356848953784
-57.31487629744158
-57.31487629744158
-56.50223805462107
-56.50223805462107
-56.19183786642162
-56.19183786642162
-56.0732755446438
-56.0732755446438
-55.409954778759875
-55.409954778759875
-54.53855480288593
-54.53855480288593
-54.205709629897925
-54.205709629897925
-54.07857408680785
-54.07857408680785
-53.41197864177572
-53.41197864177572
-53.15736183851931
-53.15736183851931
-53.678140862532096
-53.678140862532096
-52.640992771577196
-52.640992771577196
-52.24483745219949
-52.24483745219949
-53.32958756252107
-53.32958756252107
-53.12589124661382
-53.12589124661382
-54.902188143570065
-54.902188143570065
-55.58067318409638
-55.58067318409638
-56.457865397468986
-56.457865397468986
-54.93882104206088
-54.93882104206088
-54.35859772871366
-54.35859772871366
-53.51893815533021
-53.51893815533021
-53.816250726026865
-53.816250726026865
-55.16588200025017
-55.16588200025017
-56.299429263473534
-56.299429263473534
-56.73240579017044
-56.73240579017044
-56.897788107037776
-56.897788107037776
-57.57899251969279
-57.57899251969279
-57.8391894520406
-57.8391894520406
-57.32054184767911
-57.32054184767911
-57.74047007974662
-57.74047007974662
-57.900868391560756
-57.900868391560756
-57.34410110618576
-57.34410110618576
-56.513400938246626
-56.513400938246626
-56.196101708554124
-56.196101708554124
-56.07490418741575
-56.07490418741575
-55.41057686494323
-55.41057686494323
-56.39289438491373
-56.39289438491373
-54.91400432354827
-54.91400432354827
-54.96715257448098
-54.96715257448098
-55.60548738864456
-55.60548738864456
-56.467343580202595
-56.467343580202595
-56.79654335196322
-56.79654335196322
-56.92228647568707
-56.92228647568707
-57.5883500638479
-57.5883500638479
-57.22472972710673
-57.22472972710673
-56.46780512872239
-56.46780512872239
-55.56065167031054
-55.56065167031054
-56.450217859709014
-56.450217859709014
-55.55393393131671
-55.55393393131671
-57.06568590049082
-57.06568590049082
-58.26115775890564
-58.26115775890564
-55.627617432476626
-55.627617432476626
-54.62169453852423
-54.62169453852423
-54.85550017184597
-54.85550017184597
-54.326771988263786
-54.326771988263786
-54.74284978169528
-54.74284978169528
-54.90177735682205
-54.90177735682205
-56.198550266270665
-56.198550266270665
-56.69387344198995
-56.69387344198995
-56.265036070949286
-56.265036070949286
-56.1012347708579
-56.1012347708579
-56.65670223037431
-56.65670223037431
-55.014769954015335
-55.014769954015335
-54.38760763167169
-54.38760763167169
-56.00215490724942
-56.00215490724942
-56.000823101326674
-56.000823101326674
-56.6183483854805
-56.6183483854805
-56.854222055114825
-56.854222055114825
-55.090215813614286
-55.090215813614286
-53.79839139697814
-53.79839139697814
-55.77709433231972
-55.77709433231972
-57.150925588730914
-57.150925588730914
-57.05764844512312
-57.05764844512312
-57.02201974663845
-57.02201974663845
-55.15430882854254
-55.15430882854254
-57.53107668273865
-57.53107668273865
-58.43892121967341
-58.43892121967341
-58.78568697628158
-58.78568697628158
-58.91813970917133
-58.91813970917133
-58.9687321512324
-58.9687321512324
-58.98805674452587
-58.98805674452587
-58.9954380823452
-58.9954380823452
-58.998257502509745
-58.998257502509745
-58.38130043643414
-58.38130043643414
-58.14564380679267
-58.14564380679267
-58.05563098394388
-58.05563098394388
-58.021249145038965
-58.021249145038965
-58.00811645117301
-58.00811645117301
-58.00310020848006
-58.00310020848006
-58.00118417426717
-58.00118417426717
-57.382418325571564
-57.382418325571564
-57.14607080244751
-57.14607080244751
-57.67382807052087
-57.67382807052087
-57.25737942036521
-57.25737942036521
-57.098310190574765
-57.098310190574765
-57.03755115135908
-57.03755115135908
-56.39630927475258
-56.39630927475258
-56.151376672898664
-56.151376672898664
-56.05782074394342
-56.05782074394342
-56.02208555893158
-56.02208555893158
-56.00843593285133
-56.00843593285133
-56.003222239622396
-56.003222239622396
-56.00123078601586
-56.00123078601586
-56.00047011842518
-56.00047011842518
-55.382145580509786
-55.382145580509786
-55.14596662310418
-55.14596662310418
-55.05575428880275
-55.05575428880275
-55.02129624330407
-55.02129624330407
-55.00813444110947
-55.00813444110947
-55.003107080024336
-55.003107080024336
-55.00118679896353
-55.00118679896353
-55.000453316866256
-55.000453316866256
-55.00017315163524
-55.00017315163524
-55.00006613803945
-55.00006613803945
-55.00002526248312
-55.00002526248312
-55.00000964940991
-55.00000964940991
-55.00000368574661
-55.00000368574661
-55.61803539657983
-55.61803539657983
-56.47213649274276
-56.47213649274276
-56.79837408164846
-56.79837408164846
-56.30495176345273
-56.30495176345273
-55.49844721995983
-55.49844721995983
-55.80842388517665
-55.80842388517665
-54.072722469320446
-54.072722469320446
-54.64581150028448
-54.64581150028448
-54.864712031533
-54.864712031533
-54.94832459431453
-54.94832459431453
-54.98026175141059
-54.98026175141059
-54.99246065991724
-54.99246065991724
-54.99712022834113
-54.99712022834113
-54.99890002510615
-54.99890002510615
-54.381545858227426
-54.381545858227426
-54.763771538326026
-54.763771538326026
-54.909768756750644
-54.909768756750644
-54.965534731925906
-54.965534731925906
-54.986835439027075
-54.986835439027075
-56.231039562655106
-56.231039562655106
-56.706283248938234
-56.706283248938234
-56.269776195409705
-56.269776195409705
-55.48501134854098
-55.48501134854098
-54.56722386146334
-54.56722386146334
-56.07076220209872
-56.07076220209872
-56.02702875608292
-56.02702875608292
-55.39229007740015
-55.39229007740015
-53.913773498617736
-53.91377349861774
-55.82116637345265
-55.821166373452655
-54.69562365549053
-54.69562365549053
-54.26570459301893
-54.26570459301893
-55.337558101066065
-55.337558101066065
-55.74696971017926
-55.74696971017926
-54.04924906322203
-54.04924906322203
-53.40077747948683
-53.40077747948683
-55.62521933023803
-55.62521933023803
-54.0027445562277
-54.0027445562277
-53.38301433844505
-53.38301433844505
-55.000400425357135
-55.000400425357135
-55.00015294887647
-55.00015294887647
-55.618092410022165
-55.618092410022165
-55.854124281190025
-55.854124281190025
-55.94428043354791
-55.94428043354791
-55.97871701945371
-55.97871701945371
-55.991870624813224
-55.991870624813224
-54.14279288873627
-54.14279288873627
-55.29061000764526
-55.29061000764526
-56.347071122949416
-56.347071122949416
-56.132569372453084
-56.132569372453084
-54.19653502816015
-54.19653502816015
-55.92917166702694
-55.92917166702694
-56.59097997292068
-56.59097997292068
-56.8437682517351
-56.8437682517351
-56.322290793534734
-56.322290793534734
-56.123104128869095
-56.123104128869095
-56.66505558182244
-56.66505558182244
-58.10813059409802
-58.10813059409802
-58.65933620047162
-58.65933620047162
-58.86987800731684
-58.86987800731684
-58.332263832729005
-58.332263832729005
-56.89084551337038
-56.89084551337038
-55.72223871863224
-55.72223871863224
-55.27587064252634
-55.27587064252634
-55.105373208946794
-55.105373208946794
-55.04024898431403
-55.04024898431403
-55.0153737439953
-55.0153737439953
-54.38783825892197
-54.38783825892197
-54.14814103277061
-54.14814103277061
-54.67461882813976
-54.67461882813976
-54.87571545164866
-54.87571545164866
-54.952527526806215
-54.952527526806215
-54.98186712876999
-54.98186712876999
-54.99307385950376
-54.99307385950376
-54.997354449741295
-54.997354449741295
-54.998989489720124
-54.998989489720124
-55.61764800816896
-55.61764800816896
-55.853954534786766
-55.853954534786766
-55.944215596191334
-55.944215596191334
-55.97869225378724
-55.97869225378724
-56.60989515392028
-56.60989515392028
-56.850993207973595
-56.850993207973595
-56.9430844700005
-56.9430844700005
-56.978260202027904
-56.978260202027904
-56.99169613608321
-56.99169613608321
-56.99682820622174
-56.99682820622174
-56.380754493832114
-56.380754493832114
-55.52740128652471
-55.52740128652471
-55.201449365742015
-55.201449365742015
-54.458912821951444
-54.458912821951444
-54.793323088862216
-54.793323088862216
-54.921056444635205
-54.921056444635205
-54.969846245043406
-54.969846245043406
-54.988482290495014
-54.988482290495014
-54.99560062644164
-54.99560062644164
-54.998319588829915
-54.998319588829915
-54.9993581400481
-54.9993581400481
-54.99975483131439
-54.99975483131439
-53.763838376395285
-53.763838376395285
-53.909794286621356
-53.909794286621356
-52.729476505969
-52.729476505969
-52.27863523128564
-52.27863523128564
-51.48839519913803
-51.48839519913803
-53.04065233237814
-53.04065233237814
-53.633561797996386
-53.633561797996386
-52.62396508411123
-52.62396508411123
-51.62029946558741
-51.62029946558741
-52.47300129015078
-52.47300129015078
-52.79870440486494
-52.79870440486494
-51.069009958194364
-51.069009958194364
-52.26242743596783
-52.26242743596783
-51.48220437220933
-51.48220437220933
-53.03828764690984
-53.03828764690984
-53.6326585685202
-53.6326585685202
-52.005586092401074
-52.005586092401074
-52.00213369743291
-52.00213369743291
-52.00081499989766
-52.00081499989766
-50.76424332476029
-50.76424332476029
-50.291914974383204
-50.291914974383204
-51.34756957588912
-51.34756957588912
-51.75079375328415
-51.75079375328415
-51.286777695213445
-51.286777695213445
-51.10953933235618
-51.10953933235618
-51.65987429060498
-51.65987429060498
-51.870083539458776
-51.870083539458776
