-59.09867978451508
-60.27376030118204
-58.4379842295575
-60.722601119031026
-60.021397055404215
-61.512077044660934
-61.81363001495178
-62.54684698894428
-62.208876963131175
-62.69781788919914
-62.26654271571636
-60.24770829170026
-59.39013895915535
-61.948718114384015
-62.59844605145177
-62.846620039971306
-62.323380079712244
-62.74155418791532
-62.28324849528383
-62.72622528668605
-62.277393376024435
-62.723988830137145
-62.89457311438701
-62.34169652427399
-62.748550447184854
-62.28592082853068
-62.727246027157086
-59.14901982206184
-61.65974927544078
-60.29298848452995
-62.48806977666505
-62.804460054554376
-61.689242409498284
-60.72994563152801
-62.49933515144026
-62.8087630448225
-61.690886005527446
-60.89684841005409
-62.499962949259626
-62.80900284225143
-62.927045577494674
-61.118031923982905
-60.34256560988436
-62.28115216070371
-62.107390569378346
-61.36691639709878
-62.041019547431326
-61.75818358141198
-61.39763408416573
-61.289600358387254
-61.769916693815766
-61.72865148249968
-61.912115997281575
-61.896354089111774
-61.34839730927906
-61.342376796085745
-61.751109919305485
-61.74881028789536
-61.904932448637396
-61.90405406760033
-61.34565343785682
-61.34531792615573
-61.75006185368295
-61.749933699616754
-62.52256611194193
-62.52251716144443
-61.58156850464304
-61.58154980721676
-62.45820737948698
-62.45820023770564
-62.175019645068005
-62.17501691715027
-62.68488554446693
-62.68488450249507
-62.879636988332784
-62.879636590334954
-61.717957443031636
-61.71795729100999
-62.51030331826191
-62.5103032601948
-62.81295251175409
-62.81295248957443
-62.92855421700036
-62.92855420852848
-62.35467615049709
-62.354676147261124
-61.51744024574102
-61.51744024450499
-62.433712564225765
-62.43371256375364
-61.54762946943647
-61.54762946925614
-61.82720983283355
-61.82720983276467
-62.55203401781409
-62.552034017787776
-62.82889222060871
-62.82889222059866
-61.69857466651226
-61.69857466650842
-62.50289975642785
-62.50289975642638
-62.192090614021396
-62.192090614020834
-62.69140607438623
-62.691406074386016
-62.2640936203874
-62.26409362038732
-61.48284079802608
-61.48284079802605
-62.42049675119063
-62.42049675119062
-62.16061546679592
-62.16061546679591
-62.06134964919711
-62.061349649197105
-62.64146746954531
-62.641467469545304
-62.24501877068892
-62.245018770688915
-62.71162283127135
-62.71162283127134
-62.271815734375224
-62.271815734375224
-62.10382437185432
-62.10382437185432
-62.65769136993764
-62.65769136993764
-62.2512157492087
-62.2512157492087
-62.09595587768845
-62.09595587768845
-62.65468587260656
-62.65468587260656
-62.25006775138132
-62.25006775138132
-62.095517381537405
-62.095517381537405
-62.65451838198079
-62.65451838198079
-62.250003775655074
-62.250003775655074
-62.71352693373433
-62.71352693373433
-62.27254303679802
-62.27254303679802
-62.72213616540962
-62.72213616540962
-62.27583147068096
-62.27583147068096
-62.10535824663326
-62.10535824663326
-62.658277257968706
-62.658277257968706
-62.86947352727286
-62.86947352727286
-62.950143323849865
-62.950143323849865
-62.36292245552685
-62.36292245552685
-62.756658031480576
-62.756658031480576
-62.907051638914886
-62.907051638914886
-61.7284289077643
-61.7284289077643
-62.51430306187779
-62.51430306187779
-61.57841230036928
-61.57841230036928
-61.83896782797995
-61.83896782797995
-61.32045719482067
-61.32045719482067
-61.12240375648205
-61.12240375648205
-61.046754074625476
-61.046754074625476
-61.635892456144276
-61.635892456144276
-61.86092329380735
-61.86092329380735
-61.3288434365279
-61.74364100452623
-61.3288434365279
-61.74364100452623
-61.284045588300906
-61.284045588300906
-61.72652974912638
-61.72652974912638
-61.27750967032834
-61.27750967032834
-61.72403325060854
-61.72403325060854
-61.894590081497284
-61.894590081497284
-61.341703005133425
-61.341703005133425
-61.748552922652884
-61.748552922652884
-61.90395576282523
-61.90395576282523
-61.345280377072896
-61.345280377072896
-61.13188536839347
-61.13188536839347
-61.6684097168574
-61.6684097168574
-61.25530979342883
-61.25530979342883
-61.71555365217899
-61.71555365217899
-61.273317174358255
-61.273317174358255
-61.72243185964567
-61.72243185964567
-61.893978404578746
-61.893978404578746
-61.34146936534068
-61.34146936534068
-61.748463680193176
-61.748463680193176
-61.903921675238855
-61.903921675238855
-61.3452673567735
-61.3452673567735
-61.13188039508164
-61.13188039508164
-61.668407817221315
-61.668407817221315
-61.255309067832414
-61.255309067832414
-61.09751938627593
-61.09751938627593
-61.65528307974527
-61.65528307974527
-61.86832985295988
-61.86832985295988
-61.33167249038448
-61.33167249038448
-61.74472160694344
-61.74472160694344
-61.90249233044585
-61.90249233044585
-61.344721395644214
-61.344721395644214
-61.74970584523668
-61.74970584523668
-61.28636215131594
-61.28636215131594
-61.72741459746104
-61.72741459746104
-61.2778476523173
-61.2778476523173
-61.72416234824074
-61.72416234824074
-61.89463939240492
-61.89463939240492
-61.341721840224125
-61.341721840224125
-61.74856011701735
-61.74856011701735
-61.28592452207803
-61.28592452207803
-61.72724743796663
-61.72724743796663
-61.27778380307197
-61.27778380307197
-61.10610397124928
-61.10610397124928
-61.040528110675886
-61.040528110675886
-61.63351434952827
-61.63351434952827
-61.24198094915902
-61.24198094915902
-61.71046248669868
-61.71046248669868
-61.27137252218713
-61.1036550798627
-61.27137252218713
-61.1036550798627
-61.039592717400964
-61.039592717400964
-61.633157061090095
-61.633157061090095
-61.24184447711942
-61.24184447711942
-61.09237637026817
-61.09237637026817
-61.65331862243499
-61.65331862243499
-61.8675794970368
-61.8675794970368
-61.94941986867541
-61.94941986867541
-61.98068010898944
-61.98068010898944
-61.37458646954301
-61.37458646954301
-61.1430792996396
-61.1430792996396
-61.672685418125695
-61.672685418125695
-61.256942965987584
-61.256942965987584
-61.09814347983705
-61.09814347983705
-61.655521462273455
-61.655521462273455
-61.25038691823343
-61.25038691823343
-61.09563929242683
-61.09563929242683
-61.654564947796956
-61.654564947796956
-61.86805555096403
-61.86805555096403
-61.33156771634524
-61.33156771634524
-61.74468158682159
-61.74468158682159
-61.902477044119536
-61.902477044119536
-61.34471555678712
-61.34471555678712
-61.74970361499173
-61.74970361499173
-61.28636129943818
-61.28636129943818
-61.72741427207269
-61.72741427207269
-61.27784752803001
-61.27784752803001
-61.106128312017326
-61.106128312017326
-61.65857139677186
-61.65857139677186
-61.86958587829825
-61.86958587829825
-61.332152249373
-61.332152249373
-61.74490485857065
-61.74490485857065
-61.28452833758905
-61.28452833758905
-61.726714142946406
-61.726714142946406
-61.895614091250174
-61.895614091250174
-61.342094142054215
-61.342094142054215
-61.13066833491248
-61.13066833491248
-61.667944851433106
-61.667944851433106
-61.87316621938684
-61.87316621938684
-61.333519817977525
-61.333519817977525
-62.36346121204553
-62.36346121204553
-61.52079584065926
-61.52079584065926
-61.19892630993226
-61.19892630993226
-61.07598308913753
-61.07598308913753
-61.647056946230215
-61.647056946230215
-61.24715376080323
-61.24715376080323
-61.712438324929366
-61.712438324929366
-61.89016121398487
-61.89016121398487
-61.958045317025245
-61.958045317025245
-61.98397473709087
-61.98397473709087
-61.993878894247366
-61.993878894247366
-61.37962795690133
-61.37962795690133
-61.145004976456626
-61.145004976456626
-61.67342096121845
-61.67342096121845
-61.875257907198716
-61.875257907198716
-61.9523527603777
-61.9523527603777
-61.98180037393439
-61.98180037393439
-61.99304836142547
-61.99304836142547
-62.61537869909193
-62.61537869909193
-62.23505374710042
-62.23505374710042
-62.08978254220934
-62.08978254220934
-62.65232786827749
-62.65232786827749
-62.24916707387324
-62.24916707387324
-62.09517335334222
-62.09517335334222
-62.036352986153425
-62.036352986153425
-62.013885605118055
-62.013885605118055
-62.005303829200734
-62.005303829200734
-62.002025882484155
-62.002025882484155
-62.00077381825174
-62.00077381825174
-62.00029557227105
-62.00029557227105
-62.00011289856141
-62.00011289856141
-62.00004312341318
-62.00004312341318
-62.00001647167812
-62.00001647167812
-62.00000629162119
-62.00000629162119
-63.23607038068524
-63.23607038068524
-62.47213687293474
-62.47213687293474
-62.18034023811898
-62.18034023811898
-62.0688838414222
-62.0688838414222
-62.026311286147624
-62.026311286147624
-62.62808400577056
-62.62808400577056
-62.23990674241417
-62.23990674241417
-63.32770419897174
-63.32770419897174
-62.50713787700125
-62.50713787700125
-62.193709432032016
-62.193709432032016
-62.07399041909479
-62.07399041909479
-61.410227836502465
-61.410227836502465
-61.15669309041261
-61.15669309041261
-61.67788542348525
-61.67788542348525
-61.87696318004314
-61.87696318004314
-61.33497012789429
-61.33497012789429
-61.12794720363972
-61.12794720363972
-61.66690547177476
-61.66690547177476
-61.87276921168457
-61.87276921168457
-61.333368174529056
-61.333368174529056
-61.12733531190259
-61.12733531190259
-61.66667174992862
-61.66667174992862
-61.25464594913336
-61.71530008622136
-61.25464594913336
-61.71530008622136
-61.27322032078083
-61.27322032078083
-61.10436087612113
-61.10436087612113
-61.657896296332446
-61.657896296332446
-61.251294024126324
-61.251294024126324
-62.33205375354631
-62.33205375354631
-61.50879925901282
-61.50879925901282
-61.81237801224203
-61.81237801224203
-61.310300788963374
-61.310300788963374
-61.736558343397995
-61.736558343397995
-61.89937424123061
-61.89937424123061
-60.72549640279405
-60.72549640279405
-61.513182944651334
-61.513182944651334
-61.81405243115995
-61.81405243115995
-61.92897434882851
-61.92897434882851
-61.97287061532558
-61.97287061532558
-61.989637497148244
-61.989637497148244
-61.99604187611915
-61.99604187611915
-61.9984881312092
-61.9984881312092
-61.99942251750844
-61.99942251750844
-61.999779421316134
-61.999779421316134
-61.99991574643996
-61.99991574643996
-61.99996781800374
-61.99996781800374
-61.99998770757126
-61.99998770757126
-61.999995304710026
-61.999995304710026
-61.999998206558814
-61.999998206558814
-61.99999931496642
-61.99999931496642
-62.61803372709035
-62.23606787755474
-62.61803372709035
-62.23606787755474
-62.09016990557386
-62.09016990557386
-62.034441839166846
-62.034441839166846
-62.01315561192668
-62.01315561192668
-62.00502499661319
-62.00502499661319
-62.001919377912884
-62.001919377912884
-62.000733137125465
-62.000733137125465
-62.00028003346351
-62.00028003346351
-62.000106963265075
-62.000106963265075
-62.00004085633171
-62.00004085633171
-62.000015605730056
-62.000015605730056
-62.00000596085846
-62.00000596085846
-62.00000227684533
-62.00000227684533
-62.00000086967753
-62.00000086967753
-62.000000332187255
-62.000000332187255
-62.00000012688424
-62.00000012688424
-62.000000048465466
-62.000000048465466
-62.00000001851216
-62.00000001851216
-62.000000007071016
-62.000000007071016
-62.00000000270089
-62.00000000270089
-62.000000001031644
-62.000000001031644
-62.00000000039405
-62.00000000039405
-62.000000000150514
-62.000000000150514
-62.00000000005749
-62.00000000005749
-62.000000000021956
-62.000000000021956
-62.000000000008384
-62.000000000008384
-62.000000000003205
-62.000000000003205
-62.00000000000122
-62.00000000000122
-62.00000000000047
-62.00000000000047
-62.00000000000018
-62.00000000000018
-62.00000000000007
-62.00000000000007
-62.00000000000003
-62.00000000000003
-62.000000000000014
-62.000000000000014
-62.00000000000001
-62.00000000000001
-62
-62
-62
-62
-62
-62
-62
-62
-62
-62
-62
-62
-62
-62
-62
-62
-62
-62
-62
-62
-62.61803398874989
-62.61803398874989
-62.236067977499786
-62.236067977499786
-62.09016994374947
-62.09016994374947
-62.03444185374863
-62.03444185374863
-62.01315561749642
-62.01315561749642
-62.00502499874064
-62.00502499874064
-62.001919378725496
-62.001919378725496
-62.00073313743586
-62.00073313743586
-63.236348011081866
-63.236348011081866
-62.47224291830994
-62.47224291830994
-62.180380743847955
-62.180380743847955
-62.06889931323393
-62.06889931323393
-62.026317195853835
-62.026317195853835
-62.01005227432758
-62.01005227432758
-62.0038396271289
-62.0038396271289
-62.001466607059115
-62.001466607059115
-62.00056019404844
-62.00056019404844
-62.00021397508621
-62.00021397508621
-62.00008173121019
-62.00008173121019
-62.618065207294244
-62.618065207294244
-62.23607990192265
-62.23607990192265
-62.70820848722361
-62.70820848722361
-62.88854555974817
-62.88854555974817
-62.339394203271
-62.339394203271
-62.12963705006483
-62.12963705006483
-63.28558492442328
-63.28558492442328
-63.72711772320502
-63.72711772320502
-62.65970026769198
-62.65970026769198
-64.10608504612061
-64.10608504612061
-62.80445290442018
-62.80445290442018
-62.30727366713994
-62.30727366713994
-63.97147006324932
-63.97147006324932
-62.75303455635834
-62.75303455635834
-62.28763360582569
-62.28763360582569
-63.96396822736841
-63.96396822736841
-62.75016911002985
-62.75016911002985
-64.14064106897082
-64.14064106897082
-63.435686119382844
-63.435686119382844
-64.40248526667749
-64.40248526667749
-62.91766771439995
-62.91766771439995
-62.350517876522346
-62.350517876522346
-63.987987881416785
-63.987987881416785
-62.759343801478316
-62.759343801478316
-64.14414548926784
-64.14414548926784
-62.818990700075545
-62.818990700075545
-64.16692857720847
-64.16692857720847
-62.82769306530018
-62.82769306530018
-62.316150618692085
-62.316150618692085
-63.35682676827586
-63.35682676827586
-62.5182617086357
-62.5182617086357
-63.43402633513103
-63.43402633513103
-62.547749319257605
-62.547749319257605
-62.209221622641785
-62.209221622641785
-62.69794953741765
-62.69794953741765
-62.26659300086128
-62.26659300086128
-62.719863453916076
-62.719863453916076
-62.274963372137044
-62.274963372137044
-61.48699267374517
-61.48699267374517
-61.80404863784836
-61.80404863784836
-61.92515323979991
-61.92515323979991
-61.97141108155138
-61.97141108155138
-62.60711399360412
-62.60711399360412
-62.84993089926098
-62.84993089926098
-62.32464471542893
-62.32464471542893
-62.12400324702581
-62.12400324702581
-62.6653990143984
-62.6653990143984
-62.25415980741951
-62.25415980741951
-62.71511439661002
-62.71511439661002
-62.27314939366065
-62.27314939366065
-62.72236777312184
-62.72236777312184
-62.27591993695497
-62.27591993695497
-62.723426026492966
-62.723426026492966
-62.276324153774034
-62.276324153774034
-62.72358042357902
-62.72358042357902
-62.27638312821314
-62.27638312821314
-62.1055689610604
-62.1055689610604
-62.04032375496806
-62.04032375496806
-62.01540230384378
-62.01540230384378
-62.623917145313165
-62.623917145313165
-62.23831514334582
-62.23831514334582
-62.0910282847243
-62.0910282847243
-62.03476971082708
-62.03476971082708
-62.01328084775694
-62.01328084775694
-62.62310682119363
-62.62310682119363
-62.85603961582396
-62.85603961582396
-61.708944048778456
-61.708944048778456
-61.8888265192613
-61.8888265192613
-61.957535509005446
-61.957535509005446
-62.60181399650494
-62.60181399650494
-62.22987249175947
-62.22987249175947
-62.08780347877349
-62.08780347877349
-63.269605922060784
-63.269605922060784
-64.33904827615875
-64.33904827615875
-62.89343694016579
-62.89343694016579
-64.1953645105883
-64.1953645105883
-64.07462260284925
-64.07462260284925
-62.79243532045964
-62.79243532045964
-62.30268335852967
-62.30268335852967
-63.96971672137905
-63.96971672137905
-62.75236483935779
-62.75236483935779
-64.141479762944
-64.141479762944
-64.67207444947422
-64.67207444947422
-63.02064161922899
-63.02064161922899
-62.389850408212745
-62.389850408212745
-64.00301157165893
-64.00301157165893
-62.76508234051437
-62.76508234051437
-62.29223544988417
-62.29223544988417
-62.11162400913813
-62.11162400913813
-63.896738543779925
-63.896738543779925
-62.72448965595195
-62.72448965595195
-64.13083239032561
-64.13083239032561
-62.8139055487752
-62.8139055487752
-64.16498622224968
-64.16498622224968
-64.68105311797383
-64.68105311797383
-63.02407116542212
-63.02407116542212
-64.24526234454221
-64.24526234454221
-62.85761390195485
-62.85761390195485
-62.327579361322336
-62.327579361322336
-63.97922614826184
-63.97922614826184
-62.75599711721348
-62.75599711721348
-62.90679919212851
-62.90679919212851
-64.20046843667183
-64.20046843667183
-62.84050415163729
-62.84050415163729
-64.17514598448973
-64.17514598448973
-62.830831835582224
-62.830831835582224
-64.78948547725652
-64.78948547725652
-63.06548864118777
-63.06548864118777
-64.87911640130636
-64.87911640130636
-65.57186056273133
-65.57186056273133
-63.364329331888044
-63.364329331888044
-64.99326338793237
-64.99326338793237
-63.1433248769095
-63.1433248769095
-64.90884719779572
-64.90884719779572
-63.11108076147808
-63.11108076147808
-62.42439508663851
-62.42439508663851
-64.63424045343703
-64.63424045343703
-63.62422430742291
-63.62422430742291
-65.09253443508138
-65.09253443508138
-63.18124304282163
-63.18124304282163
-64.9233306483831
-64.9233306483831
-66.20678289107755
-66.20678289107755
-63.606848081100075
-63.606848081100075
-65.70393129597215
-65.70393129597215
-63.414775863066914
-63.414775863066914
-62.540396293228596
-62.540396293228596
-65.29658296036834
-65.29658296036834
-63.25918264412696
-63.25918264412696
-62.480964972012536
-62.480964972012536
-62.18371227191065
-62.18371227191065
-62.07017184371941
-62.07017184371941
-62.026803259247565
-62.026803259247565
-62.010237934023294
-62.010237934023294
-62.00391054282232
-62.00391054282232
-62.00149369444367
-62.00149369444367
-62.000570540508676
-62.000570540508676
-62.00021792708235
-62.00021792708235
-62.00008324073839
-62.00008324073839
-62.00003179513282
-62.00003179513282
-62.00001214466006
-62.00001214466006
-62.000004638847365
-62.000004638847365
-62.000001771882026
-62.000001771882026
-62.00000067679871
-62.00000067679871
-62.000000258514106
-62.000000258514106
-62.000000098743605
-62.000000098743605
-62.0000000377167
-62.0000000377167
-62.000000014406496
-62.000000014406496
-62.00000000550279
-62.00000000550279
-62.00000000210188
-62.00000000210188
-62.61803398955274
-62.61803398955274
-62.23606797780645
-62.23606797780645
-62.090169943866606
-62.090169943866606
-62.034441853793375
-62.034441853793375
-62.01315561751351
-62.01315561751351
-62.00502499874717
-62.00502499874717
-62.00191937872799
-62.00191937872799
-63.2368011149366
-63.2368011149366
-64.3265179548317
-64.3265179548317
-62.88865078330882
-62.88865078330882
-64.19353636134444
-64.19353636134444
-64.0739243119746
-64.0739243119746
-63.41020258582945
-63.41020258582945
-63.77471743426365
-63.77471743426365
-62.677881739461704
-62.677881739461704
-62.87696177287136
-62.87696177287136
-62.95300357915239
-62.95300357915239
-62.98204896458581
-62.98204896458581
-62.99314331460503
-62.99314331460503
-62.37934699047939
-62.37934699047939
-62.144897656833145
-62.144897656833145
-62.673379968769936
-62.673379968769936
-62.25720826072677
-62.25720826072677
-62.716278802160275
-62.716278802160275
-62.27359415700416
-62.27359415700416
-62.10450366885222
-62.10450366885222
-62.657950838302376
-62.657950838302376
-62.25131485730502
-62.25131485730502
-62.09599373361269
-62.09599373361269
-62.03666634353304
-62.03666634353304
-62.01400529698644
-62.01400529698644
-62.005349547426285
-62.005349547426285
-62.002043345292414
-62.002043345292414
-62.00078048845095
-62.00078048845095
-62.000298120060435
-62.000298120060435
-62.000113871730356
-62.000113871730356
-62.00004349513064
-62.00004349513064
-62.00001661366156
-62.00001661366156
-62.00000634585404
-62.00000634585404
-62.61803641265045
-62.61803641265045
-62.236068903347416
-62.236068903347416
-62.0901702973918
-62.0901702973918
-62.03444198882798
-62.03444198882798
-61.39512168034225
-61.39512168034225
-62.38699102969856
-62.38699102969856
-62.76585140875342
-62.76585140875342
-61.674495219061924
-61.674495219061924
-62.49370222593214
-62.49370222593214
-62.806611458734494
-62.806611458734494
-61.69006417277155
-61.69006417277155
-62.49964903707994
-62.49964903707994
-62.80888293846827
-62.80888293846827
-61.0728978120752
-61.0728978120752
-62.263912464007014
-62.263912464007014
-61.48277160244605
-61.48277160244605
-62.42047032083093
-62.42047032083093
-62.16060537129684
-62.16060537129684
-62.061345793059594
-62.061345793059594
-61.40539801913205
-61.40539801913205
-61.77288225308646
-61.77288225308646
-62.531282728877216
-62.531282728877216
-61.58489795604541
-61.58489795604541
-62.45947911675879
-62.45947911675879
-62.79353939423097
-62.79353939423097
-61.685071088434334
-61.685071088434334
-61.87970785982193
-61.87970785982193
-61.33601850228155
-61.33601850228155
-61.746381635772615
-61.746381635772615
-62.52116039378618
-62.52116039378618
-62.81709954558594
-62.81709954558594
-61.69407026547184
-61.69407026547184
-62.50117922832937
-62.50117922832937
-62.80946741951627
-62.80946741951627
-62.309189041469544
-62.309189041469544
-62.118099704892366
-62.118099704892366
-61.42707608445766
-61.42707608445766
-61.16312854848061
-61.16312854848061
-61.680343549734054
-61.680343549734054
-61.259868111971656
-61.259868111971656
-61.71729477493081
-61.71729477493081
-61.89201621282076
-61.89201621282076
-61.95875386353146
-61.95875386353146
-61.98424537777363
-61.98424537777363
-61.37594828103955
-61.37594828103955
-61.761633454094905
-61.761633454094905
-61.29091809249527
-61.29091809249527
-61.111120823390905
-61.111120823390905
-62.27851235517724
-62.27851235517724
-61.488348264641026
-61.488348264641026
-61.18653243874584
-61.18653243874584
-62.307317029096296
-62.307317029096296
-61.49935067104325
-61.49935067104325
-62.42680296153324
-62.42680296153324
-61.54499023605669
-61.54499023605669
-62.44423572413662
-62.44423572413662
-61.55164895885337
-61.55164895885337
-61.21071115242349
-61.21071115242349
-61.080484498417114
-61.080484498417114
-61.03074234282785
-61.03074234282785
-62.24781050756623
-62.24781050756623
-61.47662120237104
-61.47662120237104
-62.418121077046685
-62.418121077046685
-62.77774202876901
-62.77774202876901
-62.91510500926036
-62.91510500926036
-61.73150502151228
-61.73150502151228
-62.51547803277626
-62.51547803277626
-62.81492907681649
-62.81492907681649
-62.92930919767322
-62.92930919767322
-61.73693053870338
-61.73693053870338
-62.51755039593671
-62.51755039593671
-62.81572064910675
-62.81572064910675
-61.69354357388376
-61.69354357388376
-62.50097805004431
-62.50097805004431
-61.573322598749385
-61.573322598749385
-62.45505772370364
-62.45505772370364
-61.55578259486174
-61.55578259486174
-62.448358038381365
-62.448358038381365
-61.553223542782554
-61.553223542782554
-62.44738056746609
-62.44738056746609
-61.55285018211594
-61.55285018211594
-62.44723795638151
-62.44723795638151
-61.552795709528795
-61.552795709528795
-62.44721714970468
-62.44721714970468
-61.552787762085444
-61.552787762085444
-61.21114613655165
-61.21114613655165
-62.31671862506929
-62.31671862506929
-61.50294176115644
-61.50294176115644
-62.42817463589982
-62.42817463589982
-61.54551416904322
-61.54551416904322
-60.59033388247996
-60.59033388247996
-62.079589444646345
-62.079589444646345
-61.41236647395928
-61.41236647395928
-62.393577954731285
-62.393577954731285
-60.914265423984894
-60.914265423984894
-62.20332028347308
-62.20332028347308
-61.45962744893456
-61.45962744893456
-62.41163004083039
-62.41163004083039
-61.5391946960568
-61.5391946960568
-62.44202202483982
-62.44202202483982
-61.55080340096287
-61.55080340096287
-62.44645615554857
-62.44645615554857
-60.93446309943315
-60.93446309943315
-62.211035109000576
-62.211035109000576
-60.84454026131889
-60.84454026131889
-60.322585674956095
-60.322585674956095
-61.97731872979909
-61.97731872979909
-62.60937051444117
-62.60937051444117
-60.99669084727473
-60.99669084727473
-60.380702027383016
-60.380702027383016
-61.999517201124
-61.999517201124
-60.76374760973931
-60.76374760973931
-60.29172562809393
-60.29172562809393
-61.96553124079215
-61.96553124079215
-60.75076612803285
-60.75076612803285
-62.14086910955608
-62.14086910955608
-62.671841200635384
-62.671841200635384
-61.63858651485028
-61.63858651485028
-62.47998632141526
-62.47998632141526
-62.801372449395494
-62.801372449395494
-61.070029060521534
-61.070029060521534
-60.40871473216911
-60.40871473216911
-62.01021710223547
-62.01021710223547
-62.621936574537315
-62.621936574537315
-61.00149065512678
-61.00149065512678
-60.38253539084303
-60.38253539084303
-60.146115517402315
-60.146115517402315
-61.90991312761359
-61.90991312761359
-60.729521899188775
-60.729521899188775
-60.27865256995274
-60.27865256995274
-61.960537776919125
-61.960537776919125
-62.602960760804635
-62.602960760804635
-60.994242539245086
-60.994242539245086
-60.37976685693062
-60.37976685693062
-61.99915999779646
-61.99915999779646
-60.76361117020908
-60.76361117020908
-59.67363952408089
-59.67363952408089
-61.729443357033176
-61.729443357033176
-62.51469054701864
-62.51469054701864
-62.81462828402274
-62.81462828402274
-61.07509233879989
-61.07509233879989
-62.26475069862663
-62.26475069862663
-60.8650577908303
-60.8650577908303
-62.18452464011396
-62.18452464011396
-62.688516129511584
-62.688516129511584
-61.02692178217111
-61.02692178217111
-59.774215228251855
-59.774215228251855
-61.76785985758403
-61.76785985758403
-62.52936434450024
-62.52936434450024
-60.3480972209171
-60.3480972209171
-60.13296130700095
-60.13296130700095
-61.90488866633544
-61.90488866633544
-60.10956873700579
-60.10956873700579
-61.8959534996815
-61.8959534996815
-60.10615580703912
-60.10615580703912
-59.42251392143587
-59.42251392143587
-61.63352191226808
-61.63352191226808
-62.47805181536837
-62.47805181536837
-62.80063353383702
-62.80063353383702
-62.9238487861427
-62.9238487861427
-62.970912824591075
-62.970912824591075
-61.13478772138084
-61.13478772138084
-59.81541635080154
-59.81541635080154
-59.31146133102378
-59.31146133102378
-61.59110359726938
-61.59110359726938
-62.461849460784364
-62.461849460784364
-60.32230883008413
-60.32230883008413
-59.505077029468026
-59.505077029468026
-59.810956247069846
-59.810956247069846
-59.92779171174152
-59.92779171174152
-59.972418888154714
-59.972418888154714
-61.8435669189723
-61.8435669189723
-60.70417990251249
-60.70417990251249
-62.12307475481487
-62.12307475481487
-60.81094239568243
-60.81094239568243
-60.30975243223242
-60.30975243223242
-61.97241686726452
-61.97241686726452
-60.13536221456156
-60.13536221456156
-59.43366977642017
-59.43366977642017
-61.637783069698514
-61.637783069698514
-62.479679432675375
-62.479679432675375
-60.32911927332804
-60.32911927332804
-59.50767838730875
-59.50767838730875
-61.66605184359779
-61.66605184359779
-60.63637517723493
-60.63637517723493
-60.243073688107
-60.243073688107
-60.092845887086085
-60.092845887086085
-60.03546397315125
-60.03546397315125
-61.86764799861735
-61.86764799861735
-62.5674800227008
-62.5674800227008
-60.36265611448546
-60.36265611448546
-59.520488320755575
-59.520488320755575
-61.67094480278085
-61.67094480278085
-62.49234608758698
-62.49234608758698
-62.80609345998009
-62.80609345998009
-60.4537983373537
-60.4537983373537
-59.555301552081026
-59.555301552081026
-61.68424227388896
-61.68424227388896
-62.49742526958586
-62.49742526958586
-62.80803353486861
-62.80803353486861
-60.4545393800204
-60.4545393800204
-61.40968657144228
-61.40968657144228
-59.92041836805675
-59.92041836805675
-61.20567049897765
-61.20567049897765
-59.84249116262652
-59.84249116262652
-61.793938943901495
-61.793938943901495
-60.06718971407839
-60.06718971407839
-61.87976615333324
-61.87976615333324
-60.09997279092176
-60.09997279092176
-61.89228817443161
-61.89228817443161
-60.10475577737349
-60.10475577737349
-59.42197915768886
-59.42197915768886
-61.633317650692675
-61.633317650692675
-60.00583783938958
-60.00583783938958
-58.766161878726166
-58.766161878726166
-61.38281774053839
-61.38281774053839
-62.38229134288902
-62.38229134288902
-59.673886344379184
-59.673886344379184
-61.729537633998014
-61.729537633998014
-60.04259060261527
-60.04259060261527
-61.87037012884738
-61.87037012884738
-60.09638382892728
-60.09638382892728
-58.80074736918458
-58.80074736918458
-61.396028222375925
-61.396028222375925
-59.91520134294361
-59.91520134294361
-61.82171176145449
-61.82171176145449
-62.54993394141986
-62.54993394141986
-60.35595410780551
-60.35595410780551
-61.99006433699624
-61.99006433699624
-62.61423890318322
-62.61423890318322
-62.85265237255343
-62.85265237255343
-62.943718214477066
-62.943718214477066
-62.97850227087777
-62.97850227087777
-62.99178859815625
-62.99178859815625
-62.99686352359097
-62.99686352359097
-62.99880197261666
-62.99880197261666
-62.99954239425902
-62.99954239425902
-62.99982521016039
-62.99982521016039
-62.999933236222155
-62.999933236222155
-62.99997449850608
-62.99997449850608
-62.999990259296084
-62.999990259296084
-62.99999627938218
-62.99999627938218
-62.99999857885045
-62.99999857885045
-62.999999457169174
-62.999999457169174
-62.99999979265707
-62.99999979265707
-62.99999992080205
-62.99999992080205
-62.99999996974908
-62.99999996974908
-62.999999988445175
-62.999999988445175
-62.99999999558645
-62.99999999558645
-62.99999999831417
-62.99999999831417
-62.99999999935607
-62.99999999935607
-62.99999999975404
-62.99999999975404
-62.99999999990605
-62.99999999990605
-62.99999999996412
-62.99999999996412
-62.999999999986294
-62.999999999986294
-62.99999999999476
-62.99999999999476
-62.3819660112481
-62.3819660112481
-62.763932022499446
-62.763932022499446
-62.909830056250236
-62.909830056250236
-62.965558146251254
-62.965558146251254
-62.986844382503534
-62.986844382503534
-62.99497500125934
-62.99497500125934
-62.9980806212745
-62.9980806212745
-62.99926686256414
-62.99926686256414
-62.99971996641793
-62.99971996641793
-62.99989303668964
-62.99989303668964
-62.99995914365099
-62.99995914365099
-62.999984394263336
-62.999984394263336
-62.99999403913901
-62.99999403913901
-62.999997723153704
-62.999997723153704
-62.9999991303221
-62.9999991303221
-62.9999996678126
-62.9999996678126
-62.999999873115705
-62.999999873115705
-62.99999995153451
-62.99999995153451
-62.99999998148783
-62.99999998148783
-62.999999992928984
-62.999999992928984
-62.99999999729911
-62.99999999729911
-62.999999998968356
-62.999999998968356
-62.99999999960595
-62.99999999960595
-62.999999999849486
-62.999999999849486
-62.99999999994251
-62.99999999994251
-62.999999999978044
-62.999999999978044
-62.999999999991616
-62.999999999991616
-62.999999999996795
-62.999999999996795
-62.99999999999878
-62.99999999999878
-62.99999999999953
-62.99999999999953
-62.99999999999982
-62.99999999999982
-64.23606797749972
-64.23606797749972
-63.47213595499955
-63.47213595499955
-63.18033988749894
-63.18033988749894
-63.068883707497264
-63.068883707497264
-63.026311234992846
-63.026311234992846
-63.01004999748128
-63.01004999748128
-63.003838757451
-63.003838757451
-63.00146627487172
-63.00146627487172
-63.000560067164145
-63.000560067164145
-63.000213926620724
-63.000213926620724
-63.00008171269802
-63.00008171269802
-63.00003121147333
-63.00003121147333
-63.00001192172197
-63.00001192172197
-63.00000455369259
-63.00000455369259
-63.000001739355795
-63.000001739355795
-63.000000664374795
-63.000000664374795
-63.00000025376859
-63.00000025376859
-63.000000096930975
-63.000000096930975
-63.000000037024336
-63.000000037024336
-63.00000001414204
-63.00000001414204
-63.00000000540178
-63.00000000540178
-63.000000002063295
-63.000000002063295
-64.23606797828789
-64.23606797828789
-63.47213595530061
-63.47213595530061
-63.18033988761393
-63.18033988761393
-63.06888370754118
-63.06888370754118
-63.02631123500962
-63.02631123500962
-63.01004999748769
-63.01004999748769
-63.003838757453444
-63.003838757453444
-63.00146627487265
-63.00146627487265
-63.0005600671645
-63.0005600671645
-63.00021392662086
-63.00021392662086
-63.00008171269807
-63.00008171269807
-63.00003121147335
-63.00003121147335
-63.61804591047188
-63.61804591047188
-63.85410651994228
-63.85410651994228
-63.32623966060506
-63.32623966060506
-63.1246124618729
-63.1246124618729
-63.665631713763545
-63.665631713763545
-63.254248690667836
-63.254248690667836
-63.097114358239956
-63.097114358239956
-63.03709438405203
-63.03709438405203
-63.014168793916134
-63.014168793916134
-63.00541199769637
-63.00541199769637
-63.62010118792287
-63.62010118792287
-63.236857577322354
-63.236857577322354
-63.090471544044185
-63.090471544044185
-63.03455705481019
-63.03455705481019
-63.631233609136295
-63.631233609136295
-63.2411097838488
-63.2411097838488
-63.710129731159995
-63.710129731159995
-63.889279409631186
-63.889279409631186
-63.33967450898367
-63.33967450898367
-63.747778106069724
-63.747778106069724
-63.9036598092255
-63.9036598092255
-63.96320132160679
-63.96320132160679
-63.36791016684497
-63.36791016684497
-63.14052917892813
-63.14052917892813
-63.67171135868933
-63.67171135868933
-63.87460489713985
-63.87460489713985
-63.95210333273021
-63.95210333273021
-63.981705101050785
-63.981705101050785
-63.993011970422145
-63.993011970422145
-63.99733081021565
-63.99733081021565
-64.6170144489747
-64.6170144489747
-64.23567854795854
-64.23567854795854
-64.09002119490094
-64.09002119490094
-64.03438503674428
-64.03438503674428
-64.0131339153319
-64.0131339153319
-64.00501670925142
-64.00501670925142
-64.00191621242237
-64.00191621242237
-64.00073192801568
-64.00073192801568
-64.00027957162467
-64.00027957162467
-64.00010678685834
-64.00010678685834
-64.00004078895033
-64.00004078895033
-64.61804956874255
-64.61804956874255
-64.23607392852745
-64.23607392852745
-64.09017221683978
-64.09017221683978
-64.03444272199187
-64.03444272199187
-64.01315594913584
-64.01315594913584
-64.00502512541563
-64.00502512541563
-64.00191942711103
-64.00191942711103
-64.00073315591749
-64.00073315591749
-64.00028004064143
-64.00028004064143
-64.0001069660068
-64.0001069660068
-64.00004085737895
-64.00004085737895
-64.00001560613006
-64.00001560613006
-64.00000596101125
-64.00000596101125
-64.00000227690369
-64.00000227690369
-64.00000086969982
-64.00000086969982
-64.61803432094567
-64.61803432094567
-64.85410209313717
-64.85410209313717
-64.94427195846586
-64.94427195846586
-64.97871378226043
-64.97871378226043
-64.99186938831541
-64.99186938831541
-64.99689438268581
-64.99689438268581
-64.99881375974203
-64.99881375974203
-64.99954689654028
-64.99954689654028
-64.99982692987881
-64.99982692987881
-64.38189990434624
-64.38189990434624
-64.76390677190983
-64.76390677190983
-64.29178642263334
-64.29178642263334
-64.7294864847401
-64.7294864847401
-64.89667303158693
-64.89667303158693
-64.96053261002069
-64.96053261002069
-64.98492479847515
-64.98492479847515
-64.99424178540477
-64.99424178540477
-64.99780055773914
-64.99780055773914
-64.99915988781264
-64.99915988781264
-64.99967910569879
-64.99967910569879
-64.38184344053384
-64.38184344053384
-64.14585121590272
-64.14585121590272
-64.05571020717434
-64.05571020717434
-64.63931339437019
-64.63931339437019
-64.24419598718634
-64.24419598718634
-64.09327456718886
-64.09327456718886
-64.6536617031301
-64.6536617031301
-64.86771054220145
-64.86771054220145
-64.33143593472435
-64.33143593472435
-64.12659726197161
-64.12659726197161
-64.66638983994038
-64.66638983994038
-64.25453826909963
-64.25453826909963
-64.71525895610839
-64.71525895610839
-64.89123859922553
-64.89123859922553
-64.9584568415682
-64.9584568415682
-64.98413192547908
-64.98413192547908
-64.99393893486902
-64.99393893486902
-64.3796508903781
-64.3796508903781
-64.76304772501517
-64.76304772501517
-64.90949228466741
-64.90949228466741
-64.96542912898705
-64.96542912898705
-64.98679510229374
-64.98679510229374
-64.99495617789418
-64.99495617789418
-64.99807343138879
-64.99807343138879
-64.99926411627217
-64.99926411627217
-64.99971891742774
-64.99971891742774
-64.99989263601104
-64.99989263601104
-64.99995899060538
-64.99995899060538
-64.99998433580511
-64.99998433580511
-64.38196002806006
-64.38196002806006
-64.14589574837508
-64.14589574837508
-64.67376120581507
-64.67376120581507
-64.87538786907014
-64.87538786907014
-64.95240240139535
-64.95240240139535
-64.9818193351159
-64.9818193351159
-64.99305560395234
-64.99305560395234
-64.99734747674114
-64.99734747674114
-64.99898682627106
-64.99898682627106
-64.99961300207205
-64.99961300207205
-64.9998521799451
-64.9998521799451
-64.99994353776324
-64.99994353776324
-64.99997843334464
-64.99997843334464
-64.99999176227068
-64.99999176227068
-64.9999968534674
-64.9999968534674
-64.99999879813149
-64.99999879813149
-64.99999954092708
-64.99999954092708
-64.99999982464975
-64.99999982464975
-64.99999993302217
-64.99999993302217
-64.99999997441674
-64.99999997441674
-65.61803397897796
-65.61803397897796
-65.23606797376725
-65.23606797376725
-65.09016994232377
-65.09016994232377
-65.03444185320406
-65.03444185320406
-65.01315561728842
-65.01315561728842
-65.00502499866118
-65.00502499866118
-65.00191937869515
-65.00191937869515
-65.00073313742426
-65.00073313742426
-65.00028003357764
-65.00028003357764
-65.00010696330867
-65.00010696330867
-65.00004085634836
-65.00004085634836
-65.00001560573642
-65.00001560573642
-64.381971972111
-64.381971972111
-64.76393429934647
-64.76393429934647
-64.29179693717852
-64.29179693717852
-64.72949050093897
-64.72949050093897
-64.89667456563839
-64.89667456563839
-64.96053319597621
-64.96053319597621
-64.36689103354036
-64.36689103354036
-64.14013990464484
-64.14013990464484
-64.05352868039417
-64.05352868039417
-64.02044613653764
-64.02044613653764
-64.00780972921876
-64.00780972921876
-64.00298305111863
-64.00298305111863
-64.00113942413714
-64.00113942413714
-64.00043522129279
-64.00043522129279
-63.382132250991326
-63.382132250991326
-63.763995520431074
-63.763995520431074
-63.9098543103019
-63.9098543103019
-63.96556741047463
-63.96556741047463
-63.98684792112198
-63.98684792112198
-63.994976352891314
-63.994976352891314
-63.998081137551964
-63.998081137551964
-63.999267059764584
-63.999267059764584
-64.61775403049168
-64.61775403049168
-64.85399503171048
-64.85399503171048
-64.32619707588987
-64.32619707588987
-64.742630184709
-64.742630184709
-64.28365948948722
-64.28365948948722
-64.10834828375268
-64.10834828375268
-64.0413853617708
-64.0413853617708
-64.01580780155973
-64.01580780155973
-64.0060380429084
-64.0060380429084
-64.00230632716548
-64.00230632716548
-64.00088093858804
-64.00088093858804
-64.00033648859863
-64.00033648859863
-64.00012852720785
-64.00012852720785
-64.00004909302491
-64.00004909302491
-64.0000187518669
-64.0000187518669
-64.0000071625758
-64.0000071625758
-64.0000027358605
-64.0000027358605
-64.00000104500572
-64.00000104500572
-64.00000039915666
-64.00000039915666
-64.00000015246428
-64.00000015246428
-64.00000005823617
-64.00000005823617
-64.00000002224424
-64.00000002224424
-64.00000000849654
-64.00000000849654
-64.00000000324539
-64.00000000324539
-64.00000000123963
-64.00000000123963
-64.00000000047349
-64.00000000047349
-64.00000000018086
-64.00000000018086
-64.00000000006908
-64.00000000006908
-64.00000000002639
-64.00000000002639
-64.00000000001008
-64.00000000001008
-64.61803398875374
-64.61803398875374
-64.23606797750126
-64.23606797750126
-64.09016994375004
-64.09016994375004
-64.03444185374885
-64.03444185374885
-64.6311896062464
-64.6311896062464
-64.85912696499035
-64.85912696499035
-64.94619128872466
-64.94619128872466
-63.12534493493396
-63.12534493493396
-63.66591149357703
-63.66591149357703
-63.87238954579711
-63.87238954579711
-63.95125714381431
-63.95125714381431
-63.98138188564582
-63.98138188564582
-64.61092250187303
-64.61092250187303
-64.85138561997327
-64.85138561997327
-64.94323435804678
-64.94323435804678
-64.97831745416708
-64.97831745416708
-64.99171800445446
-64.99171800445446
-64.99683655919628
-64.99683655919628
-64.99879167313438
-64.99879167313438
-64.99953846020685
-64.99953846020685
-64.99982370748617
-64.99982370748617
-64.99993266225168
-64.99993266225168
-64.99997427926887
-64.99997427926887
-64.99999017555493
-64.99999017555493
-64.9999962473959
-64.9999962473959
-64.99999856663278
-64.99999856663278
-64.99999945250244
-64.99999945250244
-64.99999979087454
-64.99999979087454
-64.99999992012118
-64.99999992012118
-64.99999996948901
-64.99999996948901
-64.99999998834583
-64.99999998834583
-64.9999999955485
-64.9999999955485
-64.99999999829969
-64.99999999829969
-64.38196601060065
-64.38196601060065
-64.14589803350225
-64.14589803350225
-64.05572808990608
-64.05572808990608
-64.02128623621601
-64.02128623621601
-64.62616460749186
-64.62616460749186
-64.85720758625955
-64.85720758625955
-64.94545815128679
-64.94545815128679
-64.97916686760081
-64.97916686760081
-64.99204245151563
-64.99204245151563
-64.37892649819621
-64.37892649819621
-64.76277103182287
-64.76277103182287
-64.2913526085225
-64.2913526085225
-64.11128679374465
-64.11128679374465
-64.04250777271146
-64.04250777271146
-64.63427051313961
-64.63427051313961
-64.86030376670739
-64.86030376670739
-64.32860679823266
-64.32860679823266
-64.74355061674049
-64.74355061674049
-64.90204505198882
-64.90204505198882
-64.34455055047606
-64.34455055047606
-64.74964058818927
-64.74964058818927
-64.90437121409173
-64.90437121409173
-64.96347305408592
-64.96347305408592
-64.98604794816605
-64.98604794816605
-64.37663680166233
-64.37663680166233
-64.14386245682095
-64.14386245682095
-64.05495056880054
-64.05495056880054
-64.63902323833057
-64.63902323833057
-64.86211914619115
-64.86211914619115
-64.94733420024288
-64.94733420024288
-64.97988345453747
-64.97988345453747
-64.99231616336955
-64.99231616336955
-64.99706503557117
-64.99706503557117
-64.99887894334395
-64.99887894334395
-64.9995717944607
-64.9995717944607
-64.99983644003817
-64.99983644003817
-64.99993752565378
-64.99993752565378
-64.99997613692317
-64.99997613692317
-64.99999088511572
-64.99999088511572
-64.99999651842401
-64.99999651842401
-64.9999986701563
-64.9999986701563
-64.9999994920449
-64.9999994920449
-64.99999980597842
-64.99999980597842
-64.99999992589035
-64.99999992589035
-64.99999997169263
-64.99999997169263
-64.99999998918754
-64.99999998918754
-64.38196600712011
-64.38196600712011
-64.7639320209227
-64.7639320209227
-64.29179606689807
-64.29179606689807
-64.72949016852142
-64.72949016852142
-64.2786404499163
-64.2786404499163
-64.10643118122746
-64.10643118122746
-64.65868708251598
-64.65868708251598
-64.8696300663205
-64.8696300663205
-64.9502031164455
-64.9502031164455
-64.980979283016
-64.980979283016
-64.9927347326025
-64.9927347326025
-64.99722491479152
-64.99722491479152
-64.99894001177204
-64.99894001177204
-64.99959512052459
-64.99959512052459
-64.99984534980175
-64.99984534980175
-64.99994092888063
-64.99994092888063
-64.99997743684015
-64.99997743684015
-64.99999138163983
-64.99999138163983
-64.99999670807934
-64.99999670807934
-64.9999987425982
-64.9999987425982
-64.99999951971525
-64.99999951971525
-64.99999981654754
-64.99999981654754
-64.9999999299274
-64.9999999299274
-64.99999997323465
-64.99999997323465
-64.99999998977654
-64.99999998977654
-64.99999999609499
-64.99999999609499
-64.99999999850841
-64.99999999850841
-64.99999999943026
-64.99999999943026
-64.99999999978237
-64.99999999978237
-64.99999999991688
-64.99999999991688
-64.99999999996825
-64.99999999996825
-64.99999999998788
-64.99999999998788
-64.99999999999537
-64.99999999999537
-64.99999999999822
-64.99999999999822
-64.99999999999932
-64.99999999999932
-64.99999999999974
-64.99999999999974
-64.9999999999999
-64.9999999999999
-64.99999999999996
-64.99999999999996
-64.99999999999999
-64.99999999999999
-65
-65
-65
-65
-65
-65
-65
-65
-65
-65
-65
-65
-65
-65
-65
-65
-65
-65
-65
-65
-65
-65
-65
-65
-65
-65
-65
-65
-65
-65
-65
-65
-65
-65
-65
-65
-65
-65
-65
-65
-65
-65
-64.3819660112501
-64.3819660112501
-64.76393202250021
-64.76393202250021
-64.90983005625053
-64.90983005625053
-64.96555814625137
-64.96555814625137
-64.98684438250358
-64.98684438250358
-64.99497500125936
-64.99497500125936
-64.9980806212745
-64.9980806212745
-64.99926686256414
-64.99926686256414
-64.99971996641793
-64.99971996641793
-64.99989303668964
-64.99989303668964
-64.999959143651
-64.999959143651
-64.99998439426334
-64.99998439426334
-64.99999403913901
-64.99999403913901
-64.9999977231537
-64.9999977231537
-64.9999991303221
-64.9999991303221
-64.9999996678126
-64.9999996678126
-64.9999998731157
-64.9999998731157
-64.9999999515345
-64.9999999515345
-64.99999998148783
-64.99999998148783
-64.99999999292898
-64.99999999292898
-64.99999999729911
-64.99999999729911
-64.99999999896835
-64.99999999896835
-64.99999999960595
-64.99999999960595
-64.99999999984948
-64.99999999984948
-64.9999999999425
-64.9999999999425
-64.99999999997804
-64.99999999997804
-64.99999999999162
-64.99999999999162
-64.9999999999968
-64.9999999999968
-64.99999999999878
-64.99999999999878
-64.99999999999953
-64.99999999999953
-64.99999999999982
-64.99999999999982
-64.99999999999993
-64.99999999999993
-64.99999999999997
-64.99999999999997
-64.99999999999999
-64.99999999999999
-65
-65
-65
-65
-65
-65
-65
-65
-65
-65
-65
-65
-65
-65
-65
-65
-65
-65
-65
-65
-65
-65
-65
-65
-65
-65
-65
-65
-65
-65
-65
-65
-65
-65
-64.3819660112501
-64.3819660112501
-64.14589803375031
-64.14589803375031
-64.05572809000084
-64.05572809000084
-64.63932022500211
-64.63932022500211
-64.86223258500547
-64.86223258500547
-64.94737753001431
-64.94737753001431
-65.59793399378734
-65.59793399378734
-65.84642445134769
-65.84642445134769
-66.55937334900563
-66.55937334900563
-66.83169559566919
-66.83169559566919
-66.93571343800194
-66.93571343800194
-66.97544471833662
-66.97544471833662
-66.99062071700791
-66.99062071700791
-66.37838344393724
-66.37838344393724
-67.38059759230357
-67.38059759230357
-66.5273413554737
-66.5273413554737
-66.20142647411751
-66.20142647411751
-65.45890407812894
-65.45890407812894
-64.55725177151942
-64.55725177151942
-64.83088522517922
-64.83088522517922
