-56.78641753102659
-56.30038476750338
-56.11473677148356
-56.04382554694729
-56.01673986935831
-54.77032608362785
-55.53030635902503
-54.58452501594746
-55.45933666631715
-54.557417005504185
-55.4489823276952
-54.55346200008163
-54.82943766129958
-55.55288497256701
-54.59314927890165
-54.22656286413794
-55.322607291011956
-54.50519103139814
-55.42903378068226
-54.54584233314886
-54.208493218764325
-54.079637323144105
-55.26648672816778
-54.48375488385944
-54.18477792341055
-55.306646863872
-54.49909469070565
-54.190637208244944
-55.30888491152896
-54.49994954884217
-55.427031712497325
-54.54507761115001
-55.444269098452494
-55.78772968420748
-54.68285197667014
-54.260826245802946
-54.099626760738694
-55.274122013912915
-54.486671303500266
-54.18589189658788
-55.30707236376318
-54.49925721720187
-55.426767265342214
-54.54497660132498
-55.444230516132535
-55.787714947072615
-55.91891432508531
-54.73296005068352
-54.27996582696526
-55.34300540771205
-55.74905039617088
-54.668077803300804
-55.49125099123133
-54.5696071928934
-54.21757058744886
-55.31917254695297
-55.739947053410056
-54.66460063577741
-54.253854853922185
-55.33303190348892
-54.5091728790448
-54.194486733645476
-54.69232131064152
-54.26444320952918
-54.71904230669593
-54.27464972180872
-54.722940847480125
-54.27613883188175
-54.72350963691503
-54.276356090113445
-54.10555863342531
-54.65835379891237
-54.86950276331181
-54.332120502273156
-54.744892732257554
-54.28452370574961
-54.72671237374117
-54.27757942672401
-54.10602590643086
-54.658532281318465
-54.25153694877464
-54.09607856500547
-54.036698746241775
-54.63205166246975
-54.24142225241757
-54.71024908353285
-54.88932499818098
-54.957725911010094
-54.98385273484929
-54.993832293537785
-54.37961015701417
-54.763032166254625
-53.67341836424991
-54.4932909039949
-54.806454347734785
-54.30803815045956
-54.1176601036439
-54.66297614922203
-54.2532343552723
-54.096726916594854
-54.036946394512256
-54.01411226694192
-54.623424395063395
-54.23812692949838
-54.09095639343173
-54.65277623954671
-53.013270358958714
-54.24113680357911
-54.092106063028716
-54.653215374256924
-54.24950607099216
-54.09530283871956
-54.654436433916416
-54.868006463029694
-54.331548966422766
-54.126640436238596
-54.66640633104292
-54.872578556890176
-54.33329535087771
-54.74534148449286
-54.28469511385097
-55.34481183455984
-54.51367241232876
-54.196205402426436
-54.69297778370044
-54.264693959925
-54.71913808482444
-54.892720294548326
-54.34098881007064
-54.130246135663604
-55.28581757441996
-55.10917259884637
-55.041700222119154
-54.397894078761205
-54.770016002914346
-54.29411994123194
-54.730377809531376
-54.89701348736218
-54.34262866380528
-54.130872504053656
-53.431954859605796
-53.78302606351362
-54.535157319684956
-54.20441190679136
-54.07807840068912
-54.6478572840259
-54.2474594626387
-54.712555092640095
-54.27217182653169
-54.72199437570486
-54.275777311833
-54.72337154854402
-54.894337333799065
-54.341606464103286
-54.130482058510786
-54.667873700178966
-54.873139042026104
-54.33350943714945
-54.74542325817214
-54.90276033736696
-54.34482376517886
-54.13171095816961
-54.66834309807987
-54.87331833607
-54.33357792138024
-54.12741542807071
-55.28473634033168
-54.49072561542455
-55.42350848344176
-55.77979983490072
-54.67982304376062
-55.49573727388094
-55.807388777882196
-54.690361082265866
-54.8817284576653
-54.33679030198012
-54.128642448275066
-55.28520502034486
-54.49090463525974
-54.80554287418425
-54.925723987293
-54.35359509894485
-54.13506130954155
-54.0515888296798
-54.019705179497855
-55.24359468631355
-54.475010901943016
-54.18143801951549
-55.30537113410324
-54.49860740529444
-55.426519059279876
-54.544881795045384
-55.44419430335607
-54.55163313752304
-54.21070510921306
-55.31655016761592
-54.502877416134915
-55.4281500582886
-54.5455047812311
-54.208364285404706
-55.3156560524828
-54.50253589454391
-55.42801960864873
-54.54545495390249
-55.44441323055853
-55.78778473777311
-54.68287300526101
-55.49690225550971
-55.18979977251823
-55.07249706204497
-55.645725402366566
-55.86467914505472
-54.71224405529781
-55.50812099833849
-54.57605096221788
-54.22003188831515
-54.70207869147746
-54.88620418611723
-55.57456785562413
-54.60143140325538
-55.4657943316418
-54.55988361417023
-55.44992448836869
-55.78988985093583
-54.68367708693901
-54.87917539863108
-54.33581512020433
-54.12826996198192
-54.667028754491334
-54.25478231274218
-55.333386161235
-55.745376170962814
-54.66667437415365
-54.872680940248024
-54.95136844659042
-54.36339041077335
-54.75683677447953
-54.90711991266524
-54.34648897476629
-54.13234701163362
-54.66858604888446
-54.87341113501976
-54.333613367424924
-54.127428967255014
-54.04867353434012
-54.01859163576534
-55.24316935045569
-54.474848438101944
-55.41744394134993
-54.54141540844806
-55.44287026149404
-54.55112739853428
-54.21051193410879
-54.69844239254197
-54.88481524351713
-54.33796934925953
-55.36516078176125
-55.75751299602421
-55.289344217561485
-54.49248566791035
-55.42418076366935
-54.543988645597906
-55.44385315062417
-55.16953681752471
-55.06475730194995
-54.406701099575244
-55.39141397427558
-54.5314728457517
-54.20300456297952
-54.07754084318686
-54.02961796658106
-54.011313056556304
-55.85842316933754
-54.09182049645675
-52.7990043312828
-55.395362441141124
-56.38708299214057
-54.29375058028101
-55.96630470370202
-54.13302757582549
-55.90491397877402
-55.96368037174667
-54.1320251702163
-55.28649710515192
-55.727466145239475
-54.04179936431682
-55.87006790271057
-56.56840434381489
-54.363009173734525
-55.99275913238826
-56.61526822343025
-54.9989435716528
-56.23566445777784
-54.85394783543103
-56.18028101476494
-56.06886122011388
-54.172200679327034
-53.44774081786721
-54.407089751774386
-55.391562426205844
-56.38563151559305
-57.3833661093232
-55.91036484612687
-54.111660451557604
-55.896752463545525
-54.72449497282929
-54.894766443692255
-54.341770369497574
-55.366612642300254
-55.14003356865329
-55.67152205240951
-55.874532588575235
-57.188143690816
-57.07186449512286
-57.645483783302474
-58.48262084353446
-58.18434475855102
-59.306481409618385
-57.26296351530456
-56.482409136295296
-56.184263893581324
-55.45234855569878
-55.172781773515005
-55.06599676484625
-55.025208521023735
-55.00962879822495
-55.003677873651114
-55.61943881147829
-55.85463856078376
-55.944476870873
-55.978792051835235
-56.6099332733826
-56.85100776831257
-58.17915800905489
-58.6864662588521
-58.88024076750141
-59.57229003240204
-58.600561352204906
-58.22939402421268
-59.94172268668281
-58.12363808083617
-58.04722554457561
-57.400004564140765
-57.152788147846685
-57.05835987939929
-56.404257501601286
-56.154412625404575
-56.67701436336234
-58.73073243093212
-58.27911495193423
-58.724646413620476
-56.422688333927624
-58.01555454316197
-57.3879073180585
-57.14816741101353
-58.91069688123178
-57.72982126643212
-59.13286888431426
-58.43271740901088
-58.16528334271837
-59.917234585393906
-58.73231844721366
-58.897754744996966
-58.96094578777724
-57.74901464083497
-58.52216611222745
-57.5814157183476
-56.604047054065454
-57.46679342134855
-57.1782992212303
-57.068104242342336
-56.40797951704682
-56.77386829754801
-56.91362537559722
-56.96700782924364
-56.98739811213371
-55.759118529657705
-55.90799146558929
-56.58288985586007
-56.22264411324102
-56.703076472612885
-55.650517327097845
-56.484543486180435
-55.56704515394367
-56.45265995315035
-56.7909347055074
-56.92014416337183
-56.3514637958582
-57.37031520170257
-56.523413831749714
-55.581892304796675
-57.076365048890004
-58.26523683062322
-55.62917549923019
-56.47639163331704
-55.56393142322114
-55.83343662509627
-56.55441244081756
-55.593732719856625
-57.080887685002
-55.176794380149786
-56.921631410446935
-56.352031873691224
-56.13446421062674
-56.669394746938885
-56.873720030189915
-56.33373135488096
-57.98157600070266
-57.374928669727225
-55.28910804222933
-54.49239545696077
-54.18807832865298
-55.92594149524785
-54.73564419084089
-54.8990250660247
-53.72536302973342
-54.513132000675355
-55.432066961042544
-55.78306888245227
-56.53517367506416
-54.968350176490524
-56.842012809407
-54.467518307981
-54.1785761032859
-54.68624399062659
-53.6440878910941
-55.718155637655286
-53.420209078122284
-52.54247159671156
-55.29737565576186
-53.877519415574454
-53.335182590961494
-53.128028357310036
-53.048902480968614
-52.40064509684592
-54.007134775818834
-52.148623275611
-53.91087100601374
-52.72988777618055
-54.13289428877758
-52.19665913515261
-53.929219071679825
-54.59099807988686
-52.37163921298117
-52.759987536556444
-52.908323396688154
-51.72891467600822
-52.51448860883632
-51.578483173000926
-52.457028887666254
-52.792603489997845
-52.92078158232729
-52.96974125698401
-52.370408199874845
-52.14148334264053
-53.29010980554652
-53.11081208524915
-53.66036043895082
-53.25223524285341
-54.33241326710921
-54.12697056972432
-54.666532430813646
-55.49066071146652
-56.42348369233579
-56.77979036554086
-56.9158874042868
-56.967871847319536
-56.369694148921916
-57.377278576946
-55.90803961566639
-55.34684027005317
-55.75051518324302
-55.90470527967587
-54.72753267828481
-55.51396073267834
-57.05041749725001
-55.165155804072114
-55.681117892466126
-56.49623186207615
-56.18954370501244
-56.69043324171106
-55.02765405387107
-55.62859689740192
-54.622068660834906
-55.47367706260259
-56.416996515722765
-56.15927849581582
-57.29690694922447
-55.25930639685802
-54.4810122413496
-54.80176431594067
-54.92428070647242
-56.82517976972628
-56.315190625206625
-57.356460083393394
-56.51812164747376
-57.43397283652767
-58.401830850859156
-57.535451738550016
-58.44059234229067
-58.16829129957211
-58.064281556425655
-57.40651938095496
-56.537242597689335
-57.44127638961283
-56.550518593649365
-58.06438135758495
-56.7885235128558
-57.53725715848224
-56.58717998509113
-56.22428279679116
-57.32173638278213
-56.50485837405543
-56.192838739384165
-57.30972582159686
-57.11830473665651
-56.427154399622786
-56.16315846221185
-56.680354975762654
-57.495940453826016
-56.57139840821559
-56.836288759570664
-57.55550185924629
-57.83021681816822
-58.553182584008255
-57.59326295635677
-58.462674262561826
-57.55869185382893
-58.44946927642475
-59.407749964195226
-58.53771263866113
-57.58735396303827
-57.84238323920356
-57.93979575457242
-56.74093604701392
-57.51908036396912
-57.81630504489343
-57.929834770711174
-57.9731992672401
-56.75369505350933
-57.523953870787686
-56.58209858135393
-57.4584098507739
-56.557062993467966
-58.06688109587969
-56.78947832792141
-56.301553887884545
-57.969285301981905
-57.370234040561385
-57.75945080845214
-59.14418636229482
-58.437040300932516
-58.16693454050274
-59.29983129807549
-57.87845738747404
-58.57160884184644
-57.60030116056548
-59.08339660609969
-57.795786691483904
-59.15806543460171
-57.82430764607154
-59.16895946986259
-60.30060475226614
-57.642684843186345
-56.627449777292895
-56.239664488692334
-56.09154368878411
-56.034966577659986
-56.01335604419585
-56.00510155492757
-56.00194862058686
-56.000744306833
-56.61831828866204
-56.854210559153124
-58.18038136629713
-57.45086556223846
-57.79024930916815
-59.1559503427658
-57.205465764129656
-57.696514927122955
-57.88407901723921
-57.955722124594665
-57.98308735654479
-56.139437978790035
-57.90736253482489
-56.11051367068506
-57.27828044347997
-57.72432765975485
-57.894702535784575
-58.577813936348775
-56.36660331826218
-58.612165962187234
-56.99775861329995
-58.235211843962304
-56.853774952337275
-56.944147001799415
-58.214734030560756
-58.700055089882845
-59.50346522783767
-57.95623862738049
-58.60131863180359
-59.46575125678018
-59.17790114978705
-60.304020170080754
-60.734159360455216
-61.516491900034794
-58.7251463958997
-57.658947287664304
-57.25169546709321
-58.95024107986501
-60.21706176125171
-60.70094420389013
-60.267736861668794
-60.720300369866145
-58.42102829293006
-60.632954452673516
-61.47783506509049
-61.80055074259794
-61.305783173953444
-62.35286675676218
-60.898715130083424
-61.579346610987876
-61.8393247028802
-63.17469547515251
-63.06672773382745
-63.02548772632983
-63.009735445162036
-63.00371860915629
-63.001420382306826
-63.00054253776419
-63.00020723098574
-63.00007915519303
-63.00003023459335
-63.000011548587025
-62.38197042241783
-62.145899718666456
-62.67376272233143
-62.87538844832785
-61.716334645152315
-61.27361548712909
-60.48647782748506
-61.421885972825876
-63.015248068492355
-63.005824243901294
-61.766156685711735
-61.910679801983804
-60.7298147427399
-60.896798414985774
-60.960580502217425
-60.98494309166651
-62.23031675028189
-61.469939181679365
-60.56146680600631
-59.59642724758967
-60.4638829142625
-60.795221495197815
-60.921781571330946
-60.35208923004514
-60.75252010755435
-60.28743710386804
-60.109791204049756
-60.659970497031125
-60.252086298293726
-60.09628839785006
-61.89088086150613
-60.72225222041866
-59.657841810999955
-60.48734119008099
-60.80418175924301
-60.30717009889814
-59.49929454870153
-60.426781524706236
-60.16301603666728
-60.0622665852956
-61.259851696719316
-60.48122052736255
-60.80184387411824
-60.30627710624228
-60.73502143335848
-60.89878719383317
-60.34330615939113
-60.74916527309012
-61.52222364862912
-61.19947168404734
-61.0761914035129
-62.26517050399116
-62.101286119710686
-61.420653866391
-60.54264149071241
-60.825304594496124
-60.31523830402607
-60.73844430633198
-59.66402663747008
-61.72577156107785
-61.27722006826367
-61.10588864371316
-61.65847985162569
-62.48758489991382
-62.18624085936587
-61.453103689433874
-61.791104197685655
-61.9202089036231
-60.11542054693396
-59.42605273717878
-59.78077165335226
-61.1523302003778
-61.05818495903124
-60.404190687966015
-60.77242109361671
-61.531106581634006
-61.20286466253542
-60.459453417222356
-60.79352957788155
-60.303101327672394
-60.11577440513564
-60.044221887734516
-60.6349252468178
-59.62448587521909
-60.47460035633925
-60.79931519379868
-60.92334522505678
-60.970720481371664
-60.98881621905821
-60.99572817580297
-60.380334319600806
-60.76330877174934
-60.29155800689731
-60.72939923769249
-60.27860571743027
-60.10641791459831
-61.27671600386446
-61.72373009699507
-62.51250827587065
-61.57772675311708
-61.22067198348061
-61.084289197324736
-61.0321956084936
-59.77622965065628
-59.29649334347524
-60.96735234601913
-59.751461728332465
-61.14113480522795
-61.05390869860148
-61.02059129057649
-59.7717971956282
-59.294800296308125
-59.112603693296165
-60.27907876108016
-60.72463258994431
-60.894819008752755
-60.95982443631396
-60.36662031143922
-60.14003649800371
-60.6715231713218
-60.8745330159617
-59.71600789906352
-60.50955865872865
-60.19463408837254
-60.69237759513885
-60.26446470829413
-60.719050518493425
-60.89268684718615
-60.95901002306502
-60.98434322200891
-59.757951665461924
-59.28951177437686
-60.34665163516846
-60.75044313112852
-60.9046777582171
-60.963590143522765
-60.986092672351205
-59.75861989603105
-59.907801004491844
-60.582817106194376
-60.84065031409129
-60.93913383607949
-60.97675119414719
-59.75505176886229
-59.90643810118956
-59.34622854595649
-60.36831551417971
-60.758717996582654
-59.671770498068454
-59.2565934976227
-59.716043983549554
-60.50957244177585
-61.43070733052789
-61.16451556105792
-61.06283935264587
-61.02400249687968
-61.00916813799318
-60.385467928349954
-60.147235647056675
-60.056239012820065
-60.63951538015342
-60.24427313889029
-60.711338025267366
-60.8897409369118
-62.19395276296782
-61.45604937449186
-61.79222934925766
-60.68457069578132
-60.879516726836194
-61.572013473477156
-60.600455716095496
-60.229353674809325
-61.323673285832264
-61.74166618268746
-61.28329127348022
-61.726241626503096
-60.041331639779386
-60.633821270334856
-60.860132171225175
-61.56460923209056
-61.215661536296615
-60.46434138804939
-60.79539661660146
-60.92184846175498
-61.588182757413385
-61.84269981048517
-62.55795066279203
-62.21311818914103
-60.84533592713125
-61.55895756975252
-60.59546880462653
-62.08155081037675
-61.41311564900393
-61.77583012538492
-60.06027276090116
-60.64105613481834
-60.86289564355387
-60.94763079584326
-60.97999674397591
-60.37432544733457
-61.379047575527586
-61.144783290498296
-62.29137027346709
-60.87522556365329
-61.57037439499256
-61.8358976213244
-61.319284480230735
-61.1219558193678
-61.66461696662255
-60.01779311425017
-60.62483035362775
-60.856697946633076
-60.945263486271486
-61.597126500931275
-61.22808202777245
-61.08711958238608
-61.03327671938579
-59.776642598271486
-60.53271905292847
-60.82151456051392
-61.54985861736317
-61.21002730282571
-61.698257279863846
-61.26671054801594
-61.10187436418398
-61.038912544536
-61.014863269424005
-60.387643274986125
-59.530032566784485
-59.82048841411722
-60.549466664317066
-60.827911578833984
-60.934268072184885
-60.356858648970785
-60.754341863477364
-61.52420093021121
-61.81826092715627
-61.930581851257585
-60.11938266036681
-60.66363410734263
-60.332890888890724
-60.87151966166108
-60.12715300501109
-60.66660211489244
-60.25461935091635
-59.479221949106716
-60.41911447390358
-60.16008748385414
-60.67918196640873
-60.25942442662215
-60.7171253022076
-60.273917491250764
-61.34069514904448
-61.13013396713278
-61.667740741103756
-61.25505426742859
-60.47938807243212
-60.80114393861767
-60.92404374342089
-62.207055269144774
-61.46105408651365
-62.41217496789597
-61.53940283967447
-61.20603355112744
-61.07869781370784
-59.793991912496296
-60.53934590128084
-60.206011802596336
-60.69672349525806
-61.502192671927745
-61.19182053177527
-60.45523493464818
-60.79191826091916
-60.92051984810931
-62.20570926090855
-61.46053995711655
-60.55787662169121
-60.83112389670697
-59.69942709092991
-60.50322535358255
-59.574180992317956
-60.455385600871104
-59.555907832795576
-59.21233789751562
-59.69913984850117
-59.267047659237996
-59.72003711796271
-59.27502970590024
-60.95915396598769
-60.366364214563035
-61.9940406439511
-60.76165575104059
-60.290926609170675
-60.11112407647144
-60.66047960899354
-60.252280761759295
-59.47832868753444
-58.564671312094134
-60.069787214997646
-60.6446903328988
-60.24624979494886
-60.71209304069767
-60.27199533839425
-60.10389297448507
-60.03968358506097
-60.63319176944774
-61.47792571203214
-61.18255137789878
-60.451694432914316
-60.17253192084416
-59.447867340868264
-60.407138079260434
-60.15551290816314
-60.677434633978876
-61.494824982523376
-60.570972336091465
-60.836126014500906
-60.31937171866136
-60.74002313023306
-60.900697672037836
-59.72600190838065
-60.513376030603915
-60.19609219468119
-60.69293454218955
-60.88271143188745
-61.573233742222705
-61.21895580603078
-59.847565698369834
-61.17784325532842
-61.68596406761542
-60.64398097001806
-61.48204681993856
-61.18412550104773
-59.83426170570484
-60.554727593566575
-60.829921074994886
-60.93503563141809
-60.97518581925939
-60.990521826360066
-59.76031168232103
-59.29041322060302
-60.96502994573772
-59.75057465036045
-59.28669400534362
-60.34557534317021
-61.3680660129169
-60.522554718080706
-61.435666118825
-59.93034167214461
-60.59142687510862
-59.60787097568146
-59.232186051935756
-60.3247551576256
-60.742079420941046
-60.901483105197535
-60.34433590590166
-60.74955860125734
-60.28630590912047
-60.10935912610408
-60.659805457941665
-61.488091236470815
-61.18643426272089
-61.07121155169185
-61.027200392354665
-61.01038962537215
-59.767900506261995
-60.52937987091362
-60.820239106478866
-60.931337448522974
-60.973773239090065
-61.60801625749712
-61.85027553340129
-61.94281034270674
-60.12405352846925
-59.429350242701005
-60.400065177133555
-61.38887927744956
-60.530504677715335
-60.820668744446344
-60.313467566873804
-61.355801933674854
-60.517870256650966
-60.815842825027936
-61.54769220718273
-61.209199807770354
-59.84383923862854
-61.794453863114846
-61.92148836196611
-61.35197723403359
-61.13444334013465
-60.43331879762048
-61.40158103022657
-61.153390304309355
-61.676623871451376
-60.022379343795095
-60.6265821374337
-61.47540105725591
-61.79962103433402
-60.687394068246356
-61.498629147904836
-60.57242539796835
-60.83668103475012
-60.93761770628201
-60.97617208409591
-61.6089325347556
-61.232591531421015
-60.47080807075754
-61.415900658351404
-61.15885991554678
-61.06067908828893
-61.023177349320015
-61.00885295967112
-59.76731355219354
-60.52915567440931
-60.82015347103438
-60.931304738693825
-60.973760745047095
-60.989977496447466
-60.996171744295296
-60.99853773643843
-60.3814074762701
-60.76371868112175
-61.52778255584506
-59.965527020163734
-60.60486648214593
-60.849072426274056
-60.942350796676244
-60.359945975004784
-60.755521117088
-60.90661737625922
-60.964331011689666
-60.98637565880978
-60.376761975989766
-60.76194425790941
-60.90907079773847
-60.96526813530601
-59.75066563067977
-59.90476274548319
-60.5816565945197
-60.8402070380759
-60.320930530958115
-60.740618543548344
-60.28289111093702
-60.108054789262724
-59.423239268101256
-59.16166301504105
-60.29781775452169
-60.73179024852401
-60.89755299105033
-60.96086872462699
-59.748985205330854
-59.904120880115464
-59.96337743501553
-60.60404541368103
-60.848758806027554
-61.560264993151534
-59.97793420717737
-59.373537628380575
-59.142678677964355
-60.90860037176217
-61.583122437322146
-59.98666497395459
-60.612940462041415
-60.85215641216965
-60.94352877446754
-59.74236193373317
-60.51962500423176
-60.81651307896212
-59.69384625515481
-60.5010936640021
-59.573366759351686
-60.45507459155275
-61.40989100405646
-61.15656443186675
-60.44176830279389
-60.786774465264806
-60.91855509300053
-61.58692480248667
-61.22418532570959
-60.4675971858922
-60.79664022071692
-60.30428948750865
-60.73426223055891
-60.89849720416809
-60.96122938194535
-60.985190941667966
-59.758275465558754
-61.14373742125798
-61.67293679821518
-61.25703898463767
-61.098180155697825
-61.65553547120571
-60.63235828041951
-60.85957335880271
-60.94636179598862
-61.59754601791305
-61.22824226900063
-61.08718078908885
-61.033300098265904
-61.63075349445876
-60.004858418860685
-61.23792372837299
-61.70891276625828
-60.03471260415216
-61.24932701244789
-59.859166466941836
-61.1822743546273
-61.68765659694007
-61.880695436192916
-61.954429711638674
-61.98259369872311
-60.13924941828096
-59.435154556119784
-60.402282227578176
-60.153658137864845
-59.44065819726646
-60.40438443143432
-60.772495097036504
-60.91310085967519
-59.73073950448928
-59.279117653792646
-59.10661345688867
-60.27679069437314
-60.72375862623075
-60.89448518431911
-59.72362894922679
-60.512469640861056
-60.19574598460647
-60.692802301708255
-60.88266092051829
-60.95518045984661
-60.982880459021544
-60.99346091721802
-60.99750229263253
-60.38101197192968
-60.76356761190641
-60.90969086378956
-60.34747099071236
-60.750756097097415
-60.904797300579894
-60.96363580464226
-60.36807612459699
-60.7586265578986
-60.90780354909882
-60.34675010064797
-60.75048074159497
-60.28665813538705
-60.72752765331608
-60.895924824561185
-60.96024682036748
-60.36678164779136
-60.7581321117565
-61.52564867622804
-61.200779928177724
-61.07669110830513
-60.411259407987764
-61.39315509315796
-61.15017188273621
-61.05736055505067
-61.0219097824158
-61.00836879219672
-60.38516260542447
-60.76515301282658
-60.910296433055265
-60.965736286339215
-60.98691242596237
-60.995000991547904
-60.99809054868135
-60.99927065449614
-60.38168742605717
-60.76382561242527
-60.291755422468746
-60.729474643730875
-60.89666850872387
-60.96053088244073
-60.98492413859832
-60.37620754460435
-60.761732483964614
-60.2909559185396
-60.72916926040408
-61.514585851422524
-61.1965543051136
-60.457043075168386
-60.17457492039155
-61.302749663506056
-60.497606092626825
-60.80810260312431
-60.926701716746116
-60.97200254711403
-60.98930592459598
-60.99591522667392
-60.99843975542578
-60.38137005085351
-60.145670397134765
-61.291709118050576
-59.87535499076728
-59.95238984300114
-60.59984852698605
-60.22912174920711
-60.087516720635286
-60.03342841269875
-60.01276851746096
-60.00487713968414
-60.00186290159146
-61.85481353133993
-61.32650971492853
-60.506681624695766
-60.811569147908656
-60.92802581903021
-60.972508309181976
-60.37146511976582
-60.759921038865386
-60.90829799683034
-61.58300694037553
-61.22268883554637
-61.08505956626358
-60.41445587449447
-60.77634204596972
-61.53260425216459
-59.96736874427436
-59.3695019806585
-60.37720517520093
-60.1440795561944
-61.29110147088205
-61.11119086770186
-60.424437143473625
-60.780154551468904
-60.91602651093309
-60.34989099258046
-59.51561247805841
-59.196946441594754
-59.07522684672585
-60.26480207608258
-60.10114539277201
-60.656668090983345
-60.25082489142813
-60.09580658330104
-60.65462884722489
-60.86807995837364
-60.94961102789603
-60.98075312531446
-59.756580370547546
-60.52505596382796
-61.43662150968623
-59.93070659898106
-59.97353227600684
-59.98989022903947
-60.614172399861445
-60.852626970544875
-60.94370851177318
-60.97849856477467
-60.99178718255083
-60.996862982877815
-60.998801766082615
-60.99954231537003
-60.99982518002748
-60.381899235962514
-60.76390651660996
-60.909820313867364
-60.96555442499213
-62.22291093860882
-60.84907642458464
-61.56038631264489
-60.59601453585023
-62.08175926115548
-60.795161281366525
-59.6856905941942
-61.11601246746576
-59.80824484195339
-58.690688069644516
-60.73595532197973
-61.517177896294676
-61.81557836690429
-60.075455238168516
-61.264889313850944
-61.719212703384315
-60.03864683005232
-61.25082975302234
-59.859740462765004
-61.18249360152235
-61.06970635305216
-59.79055748013434
-60.538034064850635
-60.82354471441757
-59.69653210090229
-59.2660515882893
-60.33769064146541
-59.510952358607135
-60.43123441185579
-58.92864891071055
-60.208814286525545
-61.315827937615985
-59.88456756007274
-59.337874742602224
-60.36512464523372
-59.52143121559914
-59.199169001563696
-60.93017775534164
-60.35529628696142
-60.75374509429252
-60.905938995916145
-59.72800391595612
-60.51414072945201
-60.8144182723999
-59.6930461102479
-60.50078803584358
-60.80931799728284
-59.691097978505155
-60.50004391573241
-59.572965791192296
-60.454921435344275
-59.55573053734073
-60.448338154177705
-60.17124993644249
-59.44737766639988
-61.02498502900683
-61.627577420620604
-60.62167925535519
-61.473528322944745
-60.56283773597926
-61.45105286249283
-60.55425287399943
-61.44777373700526
-61.789068337016346
-60.065329307794094
-60.02495357511584
-61.24559939505322
-59.857742643794126
-59.94566252507906
-60.59727892019294
-60.84617423549976
-60.941243786306345
-60.35952313466938
-60.75535960645169
-59.670487707185906
-61.11020548135571
-61.660128736881234
-60.6341127517882
-60.860243507233264
-61.3615758137516
-60.32858378116169
-59.90204169384342
-59.96258325652855
-61.22177605324203
-61.08471091444765
-59.796288712601125
-59.92218921210563
-60.58831291246565
-60.22471553654144
-60.703867685908556
-60.268853532434335
-60.720726900144335
-60.275293179248784
-60.72318662635191
-59.65819872230716
-60.48747751806937
-59.568165854401165
-60.453088022633914
-59.55503023600078
-60.44807066286821
-59.553113775104066
-60.44733863994378
-60.170868155977374
-61.30133380548813
-60.49706528298722
-60.80789603222343
-60.30858882493317
-61.97197240882576
-61.37126042404434
-60.52377487455734
-60.20006419962769
-61.31248570182552
-61.73739290584888
-60.663625038221326
-62.10758417506478
-60.18699153197344
-61.30749238710523
-61.73548562934225
-60.662896523421736
-61.48927191842275
-60.56885125434673
-60.21728184461744
-61.31906225700538
-61.739904926398694
-60.66458454469092
-61.489916685173846
-59.95106354458094
-61.21737591481865
-61.70106419987502
-60.03171471855672
-59.394079955795135
-61.00462711507837
-62.23783537818987
-60.854777053241556
-61.56256375903459
-60.59684624636241
-61.46404295755244
-60.55921464879511
-60.213600988832894
-61.31765629520337
-60.503299919277424
-61.42831144012869
-60.54556642360885
-61.444455808197645
-59.93369903473441
-60.59270927350536
-60.226394797031794
-60.704509106339906
-62.123200499487716
-62.04705840337334
-61.399940721882416
-61.77079775102381
-60.67638455368922
-61.49442388754364
-59.95278514269202
-61.21803350678212
-59.84721341140465
-59.94164071618172
-59.359674748390624
-60.991485495239836
-59.760679771079204
-61.14465578424745
-61.673287581663146
-60.639138983242205
-60.86216335681337
-59.71128310969811
-60.50775394978075
-59.575910762144346
-59.21997833665228
-60.93812621406219
-60.35833232803449
-61.37293874754109
-61.760483914588775
-60.05441102997555
-61.25685114158756
-59.86204042853745
-61.18337211027446
-61.07004191353605
-60.408719641583794
-61.39218498871512
-60.53176734706179
-61.439185029970034
-59.93168577659862
-61.20997426607552
-60.46216904412814
-60.1765328663089
-61.303497532298344
-61.73395973058614
-60.6623136819603
-61.48904929279453
-61.186800207673414
-61.0713513302257
-61.0272537830037
-61.62844400753529
-61.240044250852286
-61.709722733771464
-60.65305597296231
-59.631411196365576
-61.0952795823841
-60.418359573286935
-60.1597991374767
-60.679071827893075
-61.49545033495242
-61.18924518821431
-61.690319218440386
-61.263678478356965
-61.10071621663051
-61.65650416028445
-61.868796264222844
-61.33185064363419
-61.74478965542963
-61.90251832265469
-61.962765312534444
-61.367743626198745
-60.52243157731189
-61.435619083236716
-61.78442567239825
-61.91765793395803
-61.968548129475856
-60.133884488219856
-61.28720730143339
-61.727737416080316
-60.659936969307765
-61.48814146934276
-60.56841946122072
-60.835150903069305
-61.555067236737095
-61.83005080714198
-61.935085184688845
-61.97520474692456
-60.754461078585045
-62.14228045508027
-60.81827832040607
-61.548622483637736
-60.591521153007335
-61.46200895288406
-60.558437728145066
-61.44937220905093
-61.789678899007725
-60.68359651047246
-61.49717860990945
-61.80793931925588
-60.6905713703584
-61.49984276931911
-60.572888960099135
-60.21882411097829
-61.93768533908541
-60.74012994002826
-61.518772458499164
-60.58011945796944
-60.22158591540916
-61.32070626575783
-60.50446490436454
-61.428756424835576
-60.545736392642404
-61.44452073059143
-61.78782579913189
-60.68288868930444
-61.49690824628122
-60.571768072039426
-61.454463947336855
-60.55555579247134
-61.44827140757696
-61.78925843025954
-60.68343590570186
-60.261049286846045
-60.099711954836266
-61.274154555162546
-60.48668373315159
-60.18589664429222
-61.30707417722487
-60.499257909882594
-61.42676752992271
-60.54497670238574
-60.82619656598441
-61.55164698431739
-60.59267640946797
-60.226382244086516
-61.32253830029136
-60.50516467928779
-60.19295573757199
-61.30977051092798
-61.11832180646207
-60.42716091970833
-61.39922893016271
-61.1524918820299
-60.44021272717709
-61.40421427700115
-61.15439611507647
-61.058974068228274
-61.64056007835824
-61.86270616684645
-61.9475584221811
-61.97996909969685
-61.37431488815956
-61.142975564781835
-61.672645794935846
-61.2569278312758
-61.716171687641456
-61.89158723164856
-61.340556018554324
-61.74811481276431
-61.903788419738596
-61.34521645770159
-61.749894942116065
-61.9044683686466
-61.34547617507383
-61.13196015657489
-61.66843828340075
-61.87335469362735
-61.3335918087314
-60.50938674381695
-61.43063640021923
-60.546454479340944
-61.444795015303406
-61.16989657781937
-61.06489471815471
-60.40675358789486
-60.15536604552987
-61.29541252619453
-61.112837544303844
-60.4250661179671
-60.16236080959746
-60.68005029957517
-60.25975610037817
-60.71725199030923
-61.510033859299405
-60.5767816100892
-61.45637894846797
-61.79235523531472
-61.302652768726304
-61.11560307086419
-61.66219043261615
-61.87096822698427
-61.33268025958676
-61.745106540525896
-62.52067335074083
-61.580845534196804
-61.22186325184959
-61.70277821010186
-61.886471378455994
-61.95663592526611
-61.983436397342345
-61.99367326676092
-61.99758340294043
-61.999076942060356
-61.381613434490745
-61.76379735016178
-61.90977861599459
-61.347504509072095
-61.1327349112217
-59.8146322470932
-61.78329778505748
-60.06312515307966
-60.64214565168128
-61.48134579071409
-61.80189172046098
-61.306295381918964
-61.73502841404581
-60.04468789396878
-61.25313723411021
-59.860621842112174
-61.18283025847599
-59.83376696706611
-61.172572608972025
-61.683950859849965
-60.643211993078076
-61.481753096884056
-61.802047297574084
-60.688320818338404
-60.26291515744113
-61.95452662023467
-61.98263071451297
-60.75729754580446
-61.525329900400216
-60.58262417789639
-61.458610610788746
-61.793207654469846
-60.684944375121006
-61.49769344839296
-60.572067992558075
-61.454578506781054
-60.555599550285294
-61.44828812157461
-61.78926481443855
-60.68343834424125
-60.8790842070351
-62.189882254363845
-60.21842660105685
-61.31949951505639
-59.88596997786264
-61.192512384781224
-59.83746521023134
-58.701849257162905
-59.50415053875715
-60.42863634785845
-60.7817585048182
-60.298605177846255
-60.73209101747046
-62.13373585206491
-60.81501457247458
-59.69327387660893
-60.500875034852
-60.80935122794707
-60.92717864898921
-62.208252696520354
-61.461511463072064
-62.412349670195624
-60.92143558126513
-60.969991062349656
-60.37050361703395
-61.377587766251985
-61.14422569297211
-61.673123301414236
-61.2571102225207
-61.09820736614786
-61.655545864672774
-61.868430227870455
-61.3317108301887
-61.12670226269564
-61.66642994664811
-61.2545535884988
-61.71526480759818
-61.27320684554585
-61.10435572903937
-60.42182635282237
-60.77915731817764
-61.53367959046043
-61.20384746445376
-62.31393078040064
-61.50187689924837
-61.809733906094365
-61.30929083028483
-61.11813858476013
-61.04512492399556
-61.635270175976444
-61.86068560393377
-61.32875264707497
-62.36164031479093
-60.90206633104813
-62.19866064460316
-61.45784762526155
-61.174882231181485
-60.44876507953302
-61.407480984917356
-60.53760989771925
-60.2053487082404
-61.93253819325163
-60.73816390526481
-60.2819535225428
-60.10769666236359
-60.04113646454797
-60.01571273128032
-61.86010369554267
-61.946564366597805
-60.74352142675095
-61.52006789115484
-60.580614269213775
-61.45784289398627
-60.55684643524525
-60.83073040049936
-61.55337875500273
