-55.34753430272137
-53.89667831388328
-53.34250063892846
-53.13082360290212
-53.04997016977789
-51.67449982979127
-53.01908690643155
-52.493703987074035
-53.00729054951677
-52.80661213143084
-53.00278474211874
-52.926132407218475
-53.00106367683946
-52.97178509022459
-53.000406288399624
-52.9892228634553
-53.00015518835942
-52.995883500141325
-53.00005927667864
-52.99842763696867
-53.0000226416765
-52.99939941076469
-53.000008648350864
-52.99977059532539
-53.00000330337608
-52.99991237521147
-53.000001261777385
-52.99996653030904
-53.00000048195607
-52.99998721571565
-53.00000018409084
-52.9999951168379
-53.000000070316446
-52.99999813479805
-53.000000026858494
-52.99999928755625
-53.00000001025903
-52.9999997278707
-54.23606798141839
-54.23606787355565
-53.47213595649635
-53.47213591529645
-53.18033988807066
-53.180339872333704
-53.06888370771564
-53.06888370170466
-53.026311235076264
-53.02631123278027
-53.01004999751314
-53.010049996636155
-53.00383875746317
-53.003838757128186
-53.001466274876364
-53.00146627474841
-53.00056006716592
-53.00056006711705
-53.0002139266214
-53.00021392660273
-53.000081712698275
-53.00008171269115
-53.00003121147343
-53.000031211470706
-53.00001192172201
-53.00001192172097
-53.000004553692605
-53.00000455369221
-53.0000017393558
-53.000001739355646
-53.000000664374795
-53.00000066437474
-53.00000025376859
-53.00000025376857
-53.000000096930975
-53.00000009693097
-53.000000037024336
-53.000000037024336
-53.00000001414204
-53.00000001414204
-53.00000000540178
-53.00000000540178
-53.000000002063295
-53.000000002063295
-53.618033989538006
-53.618033989538006
-53.23606797780082
-53.23606797780082
-53.09016994386446
-53.09016994386446
-53.03444185379255
-53.03444185379255
-52.395121628763306
-52.395121628763306
-53.38699100999715
-53.38699100999715
-53.14781741247826
-53.14781741247826
-53.05646122743763
-53.05646122743763
-53.021566269834636
-53.021566269834636
-53.00823758206628
-53.00823758206628
-53.0031464763642
-53.0031464763642
-53.00120184702633
-53.00120184702633
-53.00045906471478
-53.00045906471478
-53.00017534711801
-53.00017534711801
-53.00006697663925
-53.00006697663925
-53.00002558279974
-53.00002558279974
-53.00000977175998
-53.00000977175998
-53.00000373248018
-53.00000373248018
-53.000001425680566
-53.000001425680566
-53.000000544561516
-53.000000544561516
-53.00000020800399
-53.00000020800399
-53.00000007945045
-53.00000007945045
-53.00000003034737
-53.00000003034737
-53.000000011591666
-53.000000011591666
-53.00000000442762
-53.00000000442762
-53.0000000016912
-53.0000000016912
-54.85410196689566
-54.85410196689566
-53.70820393274611
-53.70820393274611
-53.27050983134267
-53.27050983134267
-52.485291572532006
-52.485291572532006
-52.80339887500324
-52.80339887500324
-52.924905052477705
-52.924905052477705
-52.971316282429875
-52.971316282429875
-52.98904379481191
-52.98904379481191
-52.99581510200587
-52.99581510200587
-52.99840151120569
-52.99840151120569
-52.99938943161121
-52.99938943161121
-52.99976678362794
-52.99976678362794
-52.99991091927261
-52.99991091927261
-52.99996597418988
-52.99996597418988
-52.99998700329703
-52.99998700329703
-52.999995035701204
-52.999995035701204
-53.61803209255648
-53.61803209255648
-53.23606725321836
-53.23606725321836
-53.70820365584848
-53.70820365584848
-53.270509725577185
-53.270509725577185
-53.721359509632975
-53.721359509632975
-53.27553481457184
-53.27553481457184
-52.48721094533265
-52.48721094533265
-52.804132010176
-52.804132010176
-52.92518508519535
-52.92518508519535
-52.97142324541005
-52.97142324541005
-52.9890846510348
-52.9890846510348
-52.99583070769436
-52.99583070769436
-53.61644146079817
-53.61644146079817
-53.23545968595027
-53.23545968595027
-53.089937597052625
-53.089937597052625
-53.03435310520761
-53.03435310520761
-53.013121718570204
-53.013121718570204
-53.005012050503005
-53.005012050503005
-53.61994842168871
-53.61994842168871
-53.236799225813236
-53.236799225813236
-53.70848324450089
-53.70848324450089
-53.27061651893954
-53.27061651893954
-53.103366312317725
-53.103366312317725
-53.65751640676353
-53.65751640676353
-53.86918290797286
-53.86918290797286
-53.950032317155056
-53.950032317155056
-53.980914043492305
-53.980914043492305
-53.374675824571966
-53.374675824571966
-53.1431134302236
-53.1431134302236
-53.05466446609883
-53.05466446609883
-53.02087996807288
-53.02087996807288
-53.00797543811983
-53.00797543811983
-53.0030463462866
-53.0030463462866
-52.383129611990086
-52.383129611990086
-52.146342489683654
-52.146342489683654
-52.05589785706088
-52.05589785706088
-52.02135108149897
-52.02135108149897
-52.00815538743604
-52.00815538743604
-52.003115080809145
-52.003115080809145
-50.7651218774916
-50.7651218774916
-51.528318529165446
-51.528318529165446
-51.819833710004744
-51.819833710004744
-50.69511462334899
-50.69511462334899
-51.501578137542026
-51.501578137542026
-50.57355181177729
-50.57355181177729
-49.60104330903995
-49.60104330903995
-51.08368008159224
-51.08368008159224
-49.79589496948708
-49.79589496948708
-51.15810679311869
-51.15810679311869
-51.678425409868986
-51.678425409868986
-51.25913544773837
-51.25913544773837
-51.717014922096034
-51.717014922096034
-51.89190931854972
-51.89190931854972
-51.95871303355313
-51.95871303355313
-50.130127815859986
-50.130127815859986
-51.90380636902641
-51.90380636902641
-51.96325730246935
-51.96325730246935
-50.13186357213196
-50.13186357213196
-49.43233341392654
-49.43233341392654
-49.78317065839756
-49.78317065839756
-51.15324653876592
-51.15324653876592
-49.822466991650515
-49.822466991650515
-51.168256402435304
-51.168256402435304
-49.21016626065582
-49.21016626065582
-50.31634434578184
-50.31634434578184
-48.884764810440025
-48.884764810440025
-50.81008604053781
-50.81008604053781
-51.54549331117341
-51.54549331117341
-49.35425793798284
-49.35425793798284
-49.135314491524994
-49.135314491524994
-51.52382149159172
-51.52382149159172
-51.81811599450026
-51.81811599450026
-49.45839053690949
-49.45839053690949
-49.17508960497811
-49.17508960497811
-48.44884428927495
-48.44884428927495
-50.64357921784632
-50.64357921784632
-49.00975740926443
-49.00975740926443
-48.385693009946976
-48.385693009946976
-50.61945757557607
-50.61945757557607
-51.47267971678124
-51.47267971678124
-49.32644561976807
-49.32644561976807
-48.50665714252298
-48.50665714252298
-50.66566176280046
-50.66566176280046
-49.018192190878814
-49.018192190878814
-50.86105076483557
-50.86105076483557
-51.56496010362788
-51.56496010362788
-51.83382954604809
-51.83382954604809
-50.08242656826668
-50.08242656826668
-50.64951813625176
-50.64951813625176
-49.012025874238894
-49.012025874238894
-48.38655948646493
-48.38655948646493
-50.619788540155476
-50.619788540155476
-49.00067017900192
-49.00067017900192
-50.85435795184987
-50.85435795184987
-51.562403676547696
-51.562403676547696
-49.36071712279363
-49.36071712279363
-48.5197476918332
-48.5197476918332
-50.67066190770556
-50.67066190770556
-51.49223803128347
-51.49223803128347
-49.95195021989516
-49.95195021989516
-51.217714594651696
-51.217714594651696
-49.229057609060355
-49.229057609060355
-50.941594187528956
-50.941594187528956
-49.12358899852693
-49.12358899852693
-48.42917280805183
-48.42917280805183
-50.636065380628146
-50.636065380628146
-49.00688737883302
-49.00688737883302
-50.8567327108705
-50.8567327108705
-49.09117479877891
-49.09117479877891
-48.416791685466215
-48.416791685466215
-48.15920025761974
-48.15920025761974
-48.060809087393
-48.060809087393
-50.49536295955884
-50.49536295955884
-51.42527979128353
-51.42527979128353
-49.926374448042054
-49.926374448042054
-51.20794551909233
-51.20794551909233
-51.69746210923493
-51.69746210923493
-49.412304853612866
-49.412304853612866
-51.01158840660325
-51.01158840660325
-50.3863923886971
-50.3863923886971
-51.38365673698782
-51.38365673698782
-51.76457782226636
-51.76457782226636
-49.437940774811686
-49.437940774811686
-48.549244502168705
-48.549244502168705
-50.68192868669401
-50.68192868669401
-49.024405602913745
-49.024405602913745
-50.8634240770468
-50.8634240770468
-51.56586662822666
-51.56586662822666
-51.83417580763318
-51.83417580763318
-49.464524839673295
-49.464524839673295
-51.649568655136186
-51.649568655136186
-49.39401118198578
-49.39401118198578
-51.00460084582073
-51.00460084582073
-51.619791355476416
-51.619791355476416
-49.382637265608935
-49.382637265608935
-51.61829038509987
-51.61829038509987
-50.0000979346911
-50.0000979346911
-49.382003418973426
-49.382003418973426
-51.000014288478866
-51.000014288478866
-50.381971468963386
-50.381971468963386
-51.38196809591108
-51.38196809591108
-50.52786484127006
-50.52786484127006
-50.819660416648986
-50.819660416648986
-51.5491503974268
-51.5491503974268
-52.445824764381314
-52.445824764381314
-52.17028990696725
-52.17028990696725
-51.44701096777054
-51.44701096777054
-52.40681097384415
-52.40681097384415
-53.39145594251181
-53.39145594251181
-53.76755685369128
-53.76755685369128
-54.52924860731193
-54.52924860731193
-54.82018896824451
-54.82018896824451
-55.549352286171484
-55.549352286171484
-55.82786789026994
-55.82786789026994
-54.69818340713856
-54.69818340713856
-55.50275030864551
-55.50275030864551
-53.95596555254829
-53.95596555254829
-55.21924831524906
-55.21924831524906
-53.8476774269492
-53.8476774269492
-55.17788593184822
-55.17788593184822
-53.83187840234579
-53.83187840234579
-54.55381725268892
-54.55381725268892
-54.829573355720974
-54.829573355720974
-53.080800848224314
-53.080800848224314
-53.03086317770187
-53.03086317770187
-53.01178868488129
-53.01178868488129
-53.00450287694199
-53.00450287694199
-51.76565196844489
-51.76565196844489
-51.91048701714258
-51.91048701714258
-51.96580908298285
-51.96580908298285
-51.986940231805974
-51.986940231805974
-50.758943634935285
-50.758943634935285
-52.143992639249575
-52.143992639249575
-53.291068271563326
-53.291068271563326
-51.25707622044082
-51.25707622044082
-52.95229634475872
-52.95229634475872
-51.127676858835756
-51.127676858835756
-52.284836197998224
-52.284836197998224
-50.87272976890924
-50.87272976890924
-50.33335310872949
-50.33335310872949
-52.599465512278805
-52.599465512278805
-51.610941461857244
-51.610941461857244
-52.46942685079271
-52.46942685079271
-51.56127111302109
-51.56127111302109
-51.21438648827058
-51.21438648827058
-51.699922340540525
-51.699922340540525
-51.267346544601104
-51.267346544601104
-51.10211729326278
-51.10211729326278
-51.03900533518724
-51.03900533518724
-51.014898712298944
-51.014898712298944
-51.623724790459484
-51.623724790459484
-51.856275659079515
-51.856275659079515
-51.94510218677905
-51.94510218677905
-51.979030901257644
-51.979030901257644
-51.99199051699387
-51.99199051699387
-51.996940649723975
-51.996940649723975
-52.616865420927944
-52.616865420927944
-50.99955364681018
-50.99955364681018
-51.61786349700237
-51.61786349700237
-52.47207083294683
-52.47207083294683
-53.416382990588005
-53.416382990588005
-53.77707813881719
-53.77707813881719
-54.532885414613446
-54.532885414613446
-54.82157810502315
-54.82157810502315
-54.93184890045601
-54.93184890045601
-54.973968596344875
-54.973968596344875
-54.99005688857861
-54.99005688857861
-54.996202069390954
-54.996202069390954
-55.616583308344154
-55.616583308344154
-54.617479878141715
-54.617479878141715
-55.471924303580785
-55.471924303580785
-54.56222505510084
-54.56222505510084
-54.21475086172174
-54.21475086172174
-55.318095507564166
-55.318095507564166
-53.88543369472107
-53.88543369472107
-55.19230754284874
-55.19230754284874
-56.30952292257503
-56.30952292257503
-54.88215925862667
-54.88215925862667
-54.33695485330498
-54.33695485330498
-55.98280726753795
-55.98280726753795
-56.61146694930888
-56.61146694930888
-54.3794576253891
-54.3794576253891
-55.999041881858
-55.999041881858
-54.14553206518531
-54.14553206518531
-55.90969026869751
-55.90969026869751
-54.111402785907636
-54.111402785907636
-55.89665404402497
-55.89665404402497
-54.1064233911677
-54.1064233911677
-53.42261612947814
-53.42261612947814
-55.6335609522663
-55.6335609522663
-56.478066727320765
-56.478066727320765
-54.94653726344632
-54.94653726344632
-56.21564702926786
-56.21564702926786
-56.700403824357274
-56.700403824357274
-55.03146247755428
-55.03146247755428
-56.24808557455524
-56.24808557455524
-56.71279424611145
-56.71279424611145
-56.89029716377911
-56.89029716377911
-55.72202926772609
-55.72202926772609
-56.51185861689896
-56.51185861689896
-54.9594446167211
-54.9594446167211
-56.22057719951403
-56.22057719951403
-54.8481850155713
-54.8481850155713
-56.178079813449564
-56.178079813449564
-54.8319524585277
-54.8319524585277
-56.17187952838323
-56.17187952838323
-54.8295841603723
-54.8295841603723
-56.17097491898336
-56.17097491898336
-56.68334059657778
-56.68334059657778
-55.024944904500295
-55.024944904500295
-55.00952810567299
-55.00952810567299
-56.239707390018474
-56.239707390018474
-55.473526086882636
-55.473526086882636
-55.180870870629434
-55.180870870629434
-56.923188491255345
-56.923188491255345
-57.588694603136595
-57.588694603136595
-56.606827340654654
-56.606827340654654
-55.61375343007747
-55.61375343007747
-57.706568904577345
-57.706568904577345
-57.88791929490466
-57.88791929490466
-55.485053025137056
-55.485053025137056
-54.567239780506505
-54.567239780506505
-56.68880227138203
-56.68880227138203
-57.499167033639594
-57.499167033639594
-57.80869882953676
-57.80869882953676
-57.92692945497068
-57.92692945497068
-57.97208953537528
-57.97208953537528
-57.98933915115516
-57.98933915115516
-57.3778939293403
-57.3778939293403
-57.144342636865744
-57.144342636865744
-57.05513398125693
-57.05513398125693
-57.021059306905045
-57.021059306905045
-57.00804393945821
-57.00804393945821
-56.3850385227197
-56.3850385227197
-56.14707162870088
-56.14707162870088
-56.05617636338293
-56.05617636338293
-56.021457461447916
-56.021457461447916
-56.00819602096082
-56.00819602096082
-56.00313060143453
-56.00313060143453
-56.00119578334276
-56.00119578334276
-56.000456748593756
-56.000456748593756
-56.0001744624385
-56.0001744624385
-56.00006663872175
-56.00006663872175
-56.00002545372674
-56.00002545372674
-56.00000972245847
-56.00000972245847
-56.00000371364868
-56.00000371364868
-56.00000141848757
-56.00000141848757
-56.00000054181404
-56.00000054181404
-56.000000206954546
-56.000000206954546
-56.000000079049606
-56.000000079049606
-56.000000030194265
-56.000000030194265
-56.00000001153318
-56.00000001153318
-56.00000000440529
-56.00000000440529
-56.00000000168267
-56.00000000168267
-56.00000000064272
-56.00000000064272
-56.0000000002455
-56.0000000002455
-56.00000000009377
-56.00000000009377
-56.00000000003582
-56.00000000003582
-56.00000000001368
-56.00000000001368
-56.00000000000522
-56.00000000000522
-56.000000000002
-56.000000000002
-56.00000000000076
-56.00000000000076
-56.00000000000029
-56.00000000000029
-56.000000000000114
-56.000000000000114
-56.00000000000004
-56.00000000000004
-56.000000000000014
-56.000000000000014
-56.00000000000001
-56.00000000000001
-56
-56
-56
-56
-56
-56
-54.763932022500214
-54.763932022500214
-54.90983005625053
-54.90983005625053
-54.347524157501475
-54.347524157501475
-53.514708427504
-53.514708427504
-52.578567136260624
-52.578567136260624
-52.22099298127787
-52.22099298127787
-52.08441180757298
-52.08441180757298
-51.41420845269116
-51.41420845269116
-51.15821355050052
-51.15821355050052
-51.0604321988104
-51.0604321988104
-51.02308304593068
-51.02308304593068
-51.008816938981646
-51.008816938981646
-51.003367771014254
-51.003367771014254
-51.00128637406112
-51.00128637406112
-51.0004913511691
-51.0004913511691
-51.000187679446185
-51.000187679446185
-51.618105675919345
-51.618105675919345
-51.85412934831186
-51.85412934831186
-51.94428236901623
-51.94428236901623
-51.97871775873682
-51.97871775873682
-50.137768940944554
-50.137768940944554
-51.288691030346534
-51.288691030346534
-51.72830415009504
-51.72830415009504
-52.51425540868849
-52.51425540868849
-52.81446207597043
-52.81446207597043
-52.9291308192228
-52.9291308192228
-52.97293038169797
-52.97293038169797
-52.989660325871114
-52.989660325871114
-52.996050595915364
-52.996050595915364
-52.99849146187498
-52.99849146187498
-52.99942378970957
-52.99942378970957
-52.999779907253725
-52.999779907253725
-52.9999159320516
-52.9999159320516
-52.38193390015118
-52.38193390015118
-52.76391975715184
-52.76391975715184
-52.90982537130433
-52.90982537130433
-52.965556356761155
-52.965556356761155
-52.986843698979136
-52.986843698979136
-52.994974740176254
-52.994974740176254
-52.998080521549625
-52.998080521549625
-52.99926682447263
-52.99926682447263
-52.999719951868265
-52.999719951868265
-52.99989303113216
-52.99989303113216
-52.99995914152822
-52.99995914152822
-52.99998439345251
-52.99998439345251
-52.99999403882931
-52.99999403882931
-52.999997723035406
-52.999997723035406
-52.99999913027692
-52.99999913027692
-53.61803365654524
-53.61803365654524
-53.236067850608904
-53.236067850608904
-53.09016989528147
-53.09016989528147
-53.034441835235505
-53.034441835235505
-53.01315561042504
-53.01315561042504
-53.00502499603961
-53.00502499603961
-53.001919377693795
-53.001919377693795
-53.000733137041784
-53.000733137041784
-53.00028003343155
-53.00028003343155
-53.00010696325287
-53.00010696325287
-53.00004085632705
-53.00004085632705
-52.38198161697838
-52.38198161697838
-52.1459039946081
-52.1459039946081
-52.67376435559581
-52.67376435559581
-52.875389072179324
-52.875389072179324
-52.952402860942165
-52.952402860942165
-52.98181951064716
-52.98181951064716
-52.993055670999325
-52.993055670999325
-52.379313513600906
-52.379313513600906
-52.7629188585533
-52.7629188585533
-52.90944306205898
-52.90944306205898
-52.965410327623644
-52.965410327623644
-52.986787920811956
-52.986787920811956
-52.994953434812224
-52.994953434812224
-52.99807238362471
-52.99807238362471
-52.99926371606191
-52.99926371606191
-52.999718764561024
-52.999718764561024
-52.999892577621154
-52.999892577621154
-52.99995896830243
-52.99995896830243
-52.99998432728614
-52.99998432728614
-52.999994013556005
-52.999994013556005
-52.999997713381866
-52.999997713381866
-52.99999912658959
-52.99999912658959
-52.99999966638691
-52.99999966638691
-52.99999987257114
-52.99999987257114
-52.38196596257661
-52.38196596257661
-52.763932003908586
-52.763932003908586
-52.291796060399264
-52.291796060399264
-52.1114561772892
-52.1114561772892
-52.04257247146834
-52.04257247146834
-52.01626123711582
-52.01626123711582
-52.00621123987912
-52.00621123987912
-52.62040647127144
-52.62040647127144
-52.8550081739352
-52.8550081739352
-52.32658406178426
-52.32658406178426
-50.888676033917804
-50.888676033917804
-51.57551201746894
-51.57551201746894
-51.21982602973911
-51.21982602973911
-51.08396607174839
-51.08396607174839
-50.41403819675618
-50.41403819675618
-50.776182507270036
-50.776182507270036
-50.914509325053935
-50.914509325053935
-50.967345467891775
-50.967345467891775
-50.98752707862138
-50.98752707862138
-50.995235767972375
-50.995235767972375
-50.99818022529574
-50.99818022529574
-50.99930490791484
-50.99930490791484
-50.38170050969889
-50.76383060993171
-50.38170050969889
-50.76383060993171
-49.05568935384656
-49.05568935384656
-48.40323745160797
-48.40323745160797
-49.39009097847715
-49.39009097847715
-50.385069472573356
-50.385069472573356
-48.911015472993235
-48.911015472993235
-50.20207891265604
-50.20207891265604
-48.8411192987252
-48.8411192987252
-48.32127898351955
-48.32127898351955
-49.976819618083134
-49.976819618083134
-48.755077904480174
-50.14251606160706
-48.755077904480174
-50.14251606160706
-50.67247028034102
-50.67247028034102
-49.02079281316631
-49.02079281316631
-50.24401012540759
-50.24401012540759
-48.857135596806785
-48.857135596806785
-50.18149863126245
-50.18149863126245
-50.687360296980565
-50.687360296980565
-51.498616248429144
-51.498616248429144
-49.33635249330729
-49.33635249330729
-50.3645431977424
-50.3645431977424
-50.139243111170025
-50.139243111170025
-50.05318613576767
-50.05318613576767
-51.25638327363277
-51.25638327363277
-51.715963685130646
-51.715963685130646
-49.419371826759594
-49.419371826759594
-51.014287750147716
-51.014287750147716
-49.151355468683974
-49.151355468683974
-48.43977865590421
-48.43977865590421
-50.640116454028245
-50.640116454028245
-51.48057070618052
-51.48057070618052
-51.801595664513314
-51.801595664513314
-49.45208033235984
-49.45208033235984
-51.0267812875658
-51.0267812875658
-49.15612757533796
-49.15612757533796
-48.441601438448096
-48.441601438448096
-48.168676740006326
-48.168676740006326
-50.53656473657047
-50.53656473657047
-51.44101746970507
-51.44101746970507
-49.93238570629507
-49.93238570629507
-51.21024161542982
-51.21024161542982
-49.22620318499482
-49.22620318499482
-48.468367939554646
-48.468367939554646
-48.796934622419016
-48.796934622419016
-50.77653789395208
-50.77653789395208
-49.06054310443764
-49.06054310443764
-50.87722737436043
-50.87722737436043
-49.09900306364407
-49.09900306364407
-49.65584979407156
-49.65584979407156
-51.1046142960704
-51.1046142960704
-51.65799309413964
-51.65799309413964
-50.633297008848736
-50.633297008848736
-51.47796590990637
-51.47796590990637
-50.56453274337057
-50.56453274337057
-48.979564342705544
-48.979564342705544
-50.84629623974565
-50.84629623974565
-49.08718842153182
-50.887404979849386
-49.08718842153182
-50.887404979849386
-49.10289056301676
-49.10289056301676
-50.89340266420047
-50.89340266420047
-51.57731742958466
-51.57731742958466
-50.60248164705372
-50.60248164705372
-51.46619548907629
-51.46619548907629
-51.79610482017516
-51.79610482017516
-50.0680170051995
-50.0680170051995
-50.64401417292313
-50.64401417292313
-49.627957536070085
-49.627957536070085
-51.09396040153682
-51.09396040153682
-51.65392366854037
-51.65392366854037
-50.01370863783461
-50.01370863783461
-51.24130421121315
-51.24130421121315
-51.71020399580483
-51.71020399580483
-49.41717182120178
-49.41717182120178
-51.01344742280007
-51.01344742280007
-49.15103449219885
-49.15103449219885
-49.67572403129628
-49.67572403129628
-51.11220557918976
-51.11220557918976
-49.18875675127344
-49.18875675127344
-48.45406467463055
-48.45406467463055
-50.64557322761779
-50.64557322761779
-49.010519053223234
-49.010519053223234
-48.385983932051914
-48.385983932051914
-50.61956869793208
-50.61956869793208
-50.854688172994436
-50.854688172994436
-49.09039385480153
-49.09039385480153
-50.27059535765985
-50.27059535765985
-48.86729025192834
-48.86729025192834
-50.18537736437485
-50.18537736437485
-50.688841841196215
-50.688841841196215
-51.49918214796369
-51.49918214796369
-49.336568647695266
-49.336568647695266
-48.51052379512211
-48.51052379512211
-50.04910470392074
-50.04910470392074
-49.40072233914033
-49.40072233914033
-48.53502832475035
-48.53502832475035
-50.0584646013604
-50.0584646013604
-50.64036547933085
-50.64036547933085
-49.008529870382475
-49.008529870382475
-50.239326098066265
-50.239326098066265
-48.85534645756663
-48.85534645756663
-50.18081524088332
-50.18081524088332
-50.687099265083326
-50.687099265083326
-49.026380588116965
-49.026380588116965
-49.01007648801747
-49.01007648801747
-50.23991685343523
-50.23991685343523
-49.47360609478844
-49.47360609478844
-50.41696940842987
-50.41696940842987
-48.92320016425148
-48.92320016425148
-50.206733050574265
-50.206733050574265
-48.84289702122163
-48.84289702122163
-49.55802599059041
-49.55802599059041
-51.067248928049395
-51.067248928049395
-51.64372079355777
-51.64372079355777
-51.863913452623905
-51.863913452623905
-50.09391759806427
-50.09391759806427
-49.41783934156891
-49.41783934156891
-51.01370239289213
-51.01370239289213
-51.623267837107484
-51.623267837107484
-49.383965163430744
-49.383965163430744
-51.00076360818432
-51.00076360818432
-51.61832566112222
-51.61832566112222
-50.61814539768255
-50.61814539768255
-51.472178509425206
-51.472178509425206
-51.79839013059306
-51.79839013059306
-50.06888991610429
-50.06888991610429
-51.2623815839695
-51.2623815839695
-49.24611888080463
-49.24611888080463
-50.94811101344397
-50.94811101344397
-49.744112193277594
-49.744112193277594
-51.13832753263849
-51.13832753263849
-51.67087040463789
-51.67087040463789
-49.402147726275594
-49.402147726275594
-51.00770872918847
-51.00770872918847
-51.62097846128982
-51.62097846128982
-49.38309069968142
-49.38309069968142
-49.14632762650432
-49.14632762650432
-50.90999414608124
-50.90999414608124
-49.111518856739806
-49.111518856739806
-49.042596412888074
-49.042596412888074
-48.39823639317453
-48.39823639317453
-50.624248721635084
-50.624248721635084
-49.002373816731144
-49.002373816731144
-49.00090671730823
-49.00090671730823
-50.85444830144324
-50.85444830144324
-51.56243818702149
-51.56243818702149
-49.97876429337155
-49.97876429337155
-51.227956659342844
-51.227956659342844
-51.70510568465698
-51.70510568465698
-51.8873603946281
-51.8873603946281
-50.72090752172752
-50.72090752172752
-51.511430148054245
-51.511430148054245
-49.95928095618554
-49.95928095618554
-51.22051468675206
-51.22051468675206
-49.230127149071066
-49.230127149071066
-50.94200271546072
-50.94200271546072
-49.123745042311505
-49.123745042311505
-49.0472664002237
-49.0472664002237
-50.87215612460928
-50.87215612460928
-51.569201973604144
-51.569201973604144
-49.98134782995347
-49.98134782995347
-51.22894348250596
-51.22894348250596
-49.23334666256483
-49.23334666256483
-50.9432324601881
-50.9432324601881
-49.124214762999884
-49.124214762999884
-50.901547783811125
-50.901547783811125
-51.5804285884335
-51.5804285884335
-49.36760202648979
-49.36760202648979
-50.99451344603545
-50.99451344603545
-49.76183634536686
-49.76183634536686
-51.14509755631482
-51.14509755631482
-51.673456323577604
-51.673456323577604
-50.6392034369182
-50.6392034369182
-49.008086009677214
-49.008086009677214
-50.85719054711302
-50.85719054711302
-50.94545164291195
-50.94545164291195
-49.125062415373144
-49.125062415373144
-50.90187155820707
-50.90187155820707
-49.72645029299838
-49.72645029299838
-51.13158128703775
-51.13158128703775
-50.43222559061507
-50.43222559061507
-51.401163462307245
-51.401163462307245
-49.299128841307095
-49.299128841307095
-50.96835901661362
-50.96835901661362
-51.60594820853377
-51.60594820853377
-49.995383642738
-49.995383642738
-48.76216873093034
-48.76216873093034
-50.7632585050526
-50.7632585050526
-49.05547082922787
-49.05547082922787
-49.021187971380904
-49.021187971380904
-48.39005909616495
-48.39005909616495
-50.621125272113524
-50.621125272113524
-49.619214753925945
-49.619214753925945
-51.09062095591399
-51.09062095591399
-49.180512158816455
-49.180512158816455
-50.923051475534955
-50.923051475534955
-51.5886422677884
-51.5886422677884
-49.37073937283067
-49.37073937283067
-50.99571180570318
-50.99571180570318
-49.762294078029186
-49.762294078029186
-51.14527239463407
-51.14527239463407
-50.43745512837323
-50.43745512837323
-51.403160967985414
-51.403160967985414
-49.91792580933333
-49.91792580933333
-48.732582471264685
-48.732582471264685
-50.751957559460294
-50.751957559460294
-51.523290207116204
-51.523290207116204
-50.581845084388526
-50.581845084388526
-51.45831302354915
-51.45831302354915
-49.93899202000925
-49.93899202000925
-51.2127650027283
-51.2127650027283
-49.22716703317606
-49.22716703317606
-50.94087205179947
-50.94087205179947
-51.595449122222334
-51.595449122222334
-49.373339359867956
-49.373339359867956
-50.99670491238111
-50.99670491238111
-49.7626734110257
-49.7626734110257
-51.14541728694569
-51.14541728694569
-49.20144249481177
-49.20144249481177
-50.93104615248921
-50.93104615248921
-51.59169596265585
-51.59169596265585
-49.37190578047876
-49.37190578047876
-50.99615733378001
-50.99615733378001
-51.61656622086128
-51.61656622086128
-51.85354132880383
-51.85354132880383
-51.944057765550205
-51.944057765550205
-50.742563990347
-50.742563990347
-51.51970218299059
-51.51970218299059
-51.81654255862478
-51.81654255862478
-50.075823526634075
-50.075823526634075
-51.26502998752712
-51.26502998752712
-50.483198458447504
-50.483198458447504
-51.42063336531518
-51.42063336531518
-51.778701637498045
-51.778701637498045
-51.915471547178946
-51.915471547178946
-51.9677130040388
-51.9677130040388
-50.75159948743766
-50.75159948743766
-51.52315343577398
-51.52315343577398
-51.81786081988427
-51.81786081988427
-51.93042902387883
-51.93042902387883
-51.97342625175222
-51.97342625175222
-51.98984973137783
-51.98984973137783
-50.14202097613159
-50.14202097613159
-49.43621319701693
-49.43621319701693
-49.166618614919216
-49.166618614919216
-50.91774461399039
-50.91774461399039
-51.586615227051965
-51.586615227051965
-49.36996511216593
-49.36996511216593
-51.613450053195294
-51.613450053195294
-49.38021510367049
-49.38021510367049
-50.99933121281575
-50.99933121281575
-49.145642579777174
-49.145642579777174
-49.05563051526566
-49.05563051526566
-50.8753509322695
-50.8753509322695
-49.09828632654325
-49.09828632654325
-48.41950804736026
-48.41950804736026
-50.6323737705371
-50.6323737705371
-51.47761326425103
-51.47761326425103
-51.80046602221601
-51.80046602221601
-51.30575081364709
-51.30575081364709
-51.73482040747515
-51.73482040747515
-50.04460844252867
-50.04460844252867
-48.78097093136097
-48.78097093136097
-50.77044030655381
-50.77044030655381
-49.05821403330088
-49.05821403330088
-49.64026977084861
-49.64026977084861
-48.62652730174517
-48.62652730174517
-47.621278145637
-47.621278145637
-50.3274770789153
-50.3274770789153
-48.889017136109324
-48.889017136109324
-50.81171028441225
-50.81171028441225
-51.546113717127426
-51.546113717127426
-49.35449491197045
-49.35449491197045
-50.98950697378349
-50.98950697378349
-50.99599202063014
-50.99599202063014
-49.76240111060713
-49.76240111060713
-50.52727928869105
-50.52727928869105
-48.96533478921632
-48.96533478921632
-50.840861033957495
-50.840861033957495
-49.08511235765659
-49.08511235765659
-49.65054401651207
-49.65054401651207
-51.102587669379425
-51.102587669379425
-51.0391850028763
-51.0391850028763
-49.1608653729998
-49.1608653729998
-50.91554707112268
-50.91554707112268
-49.113639885368656
-49.113639885368656
-50.897508539982866
-50.897508539982866
-51.57888573457995
-51.57888573457995
-49.36701270875741
-49.36701270875741
-48.522152391692266
-48.522152391692266
-50.67158042131898
-50.67158042131898
-49.02045291726508
-49.02045291726508
-50.861914285475855
-50.861914285475855
-50.3292219616627
-50.3292219616627
-51.36181957701203
-51.36181957701203
-50.52016879187359
-51.43475477610853
-50.52016879187359
-51.43475477610853
-51.784095536452
-51.784095536452
-49.4453958782479
-49.4453958782479
-51.024228053291274
-51.024228053291274
-51.627288281625916
-51.627288281625916
-49.3855008365869
-49.3855008365869
-51.00135018313436
-51.00135018313436
-51.61854971281618
-51.61854971281618
-49.38216300031461
-49.38216300031461
-51.00007524312723
-51.00007524312723
-49.1459267740675
-49.1459267740675
-50.909841034074844
-50.909841034074844
-51.58359632815703
-51.58359632815703
-51.84094795039624
-51.84094795039624
-50.08514555678202
-50.08514555678202
-48.79645473119991
-48.79645473119991
-48.9222526255676
-48.9222526255676
-48.352269156752996
-48.352269156752996
-49.988656810941066
-49.988656810941066
-48.759599309820516
-48.759599309820516
-48.90817510727037
-48.90817510727037
-50.81902797824028
-50.81902797824028
-49.07677287245089
-49.07677287245089
-50.26539260536207
-50.26539260536207
-48.24726898863574
-48.24726898863574
-47.47641436054514
-47.47641436054514
-49.654110047999275
-49.654110047999275
-50.48591578345269
-50.48591578345269
-48.33150134735921
-48.33150134735921
-49.98072421362452
-49.98072421362452
-50.61067129351434
-50.61067129351434
-48.37915371191893
-48.37915371191893
-47.52678984224245
-47.52678984224245
-47.20121581480842
-47.20121581480842
-49.54899355718239
-49.54899355718239
-50.445764856738755
-50.445764856738755
-48.93419904678419
-48.93419904678419
-50.21093424986349
-50.21093424986349
-50.69860370280629
-50.69860370280629
-50.884876858555366
-50.884876858555366
-49.10192490661013
-49.10192490661013
-50.893033816274595
-50.893033816274595
-48.487006598464184
-48.487006598464184
-50.65815592286742
-50.65815592286742
-51.48746117013809
-51.48746117013809
-49.95012562129717
-49.95012562129717
-51.217017660003094
-51.217017660003094
-49.22879140371253
-49.22879140371253
-50.94149250613407
-50.94149250613407
-51.595686114689684
-51.595686114689684
-49.373429882935405
-49.373429882935405
-50.996739489116116
-50.996739489116116
-49.14465262941336
-49.14465262941336
-50.90935435412354
-50.90935435412354
-51.58341043295727
-51.58341043295727
-49.3687409897487
-49.3687409897487
-48.52281253628883
-48.52281253628883
-50.671832574117374
-50.671832574117374
-51.49268518606329
-51.49268518606329
-49.334087029072926
-49.334087029072926
-48.509575901155486
-48.509575901155486
-50.66677662939312
-50.66677662939312
-51.49075398702387
-51.49075398702387
-49.33334937667891
-49.33334937667891
-50.98143009801244
-50.98143009801244
-49.75683895110872
-51.1431887215634
-49.75683895110872
-51.1431887215634
-51.67272721358147
-51.67272721358147
-49.402856964181424
-49.402856964181424
-51.00797963396239
-51.00797963396239
-51.621081937705746
-51.621081937705746
-49.383130224155266
-49.383130224155266
-51.00044468975963
-51.00044468975963
-49.146067890124044
-49.146067890124044
-48.43775898061251
-48.43775898061251
-50.63934500671305
-50.63934500671305
-49.008140084527064
-49.008140084527064
-50.85721120186773
-50.85721120186773
-51.56349352107611
-51.56349352107611
-49.361133406361034
-49.361133406361034
-50.99204265300657
-50.99204265300657
-49.1428585976591
-49.1428585976591
-50.908669094970314
-50.908669094970314
-49.11101273225226
-49.11101273225226
-50.896505056786054
-50.896505056786054
-51.57850243810591
-51.57850243810591
-49.36686630253209
-49.36686630253209
-48.522096469490364
-48.522096469490364
-48.199423105939
-48.199423105939
-50.54830880332621
-50.54830880332621
-48.97336734904004
-48.97336734904004
-50.84392919879349
-50.84392919879349
-49.086284292340856
-49.086284292340856
-48.41492367822908
-48.41492367822908
-50.63062269734596
-50.63062269734596
-49.00480845880923
-49.00480845880923
-48.383802679081725
-48.383802679081725
-50.61873553343553
-50.61873553343553
-49.00026796622529
-49.00026796622529
-48.38206836524033
-48.38206836524033
-50.61807308449528
-50.61807308449528
-49.00001493324592
-49.00001493324592
-50.854107670242065
-50.854107670242065
-49.70820611123059
-49.70820611123059
-48.6524766746998
-48.6524766746998
-50.721359867868394
-50.721359867868394
-49.0394669739058
-49.0394669739058
-50.869177008848595
-50.869177008848595
-49.0959280976404
-49.0959280976404
-50.8907432390722
-50.8907432390722
-51.5763016195762
-51.5763016195762
-49.36602566465681
-49.36602566465681
-48.52177537439424
-48.52177537439424
-48.1993004585259
-48.1993004585259
-50.54826195618303
-50.54826195618303
-48.97334945502362
-48.97334945502362
-48.371786408887836
-48.371786408887836
-50.614145726639464
-50.614145726639464
-48.99851481603098
-48.99851481603098
-50.853534676453066
-50.853534676453066
-49.089953258328634
-49.089953258328634
-50.888461053532424
-50.888461053532424
-49.10329394726906
-49.10329394726906
-48.421420788274744
-48.421420788274744
-50.63310437255476
-50.63310437255476
-51.47789232938953
-51.47789232938953
-49.32843666061426
-49.32843666061426
-48.507417652453235
-48.507417652453235
-50.66595225174503
-50.66595225174503
-51.49043910278186
-51.49043910278186
-49.333229101600985
-49.333229101600985
-48.50924820202109
-48.50924820202109
-50.66665145946186
-50.66665145946186
-49.01857022136492
-49.01857022136492
-48.38905920463289
-48.38905920463289
-50.62074334753334
-50.62074334753334
-49.00103488296756
-49.00103488296756
-50.854497256368916
-50.854497256368916
-49.0903209311396
-49.0903209311396
-50.888601492049474
-50.888601492049474
-51.57548354500882
-51.57548354500882
-49.365713187977406
-49.365713187977406
-48.521656018923395
-48.521656018923395
-50.67139082379236
-50.67139082379236
-51.49251645245368
-51.49251645245368
-49.3340225785691
-49.3340225785691
-50.981687238253194
-50.981687238253194
-51.61103913619049
-51.61103913619049
-49.37929421531871
-49.37929421531871
-48.526843509765634
-48.526843509765634
-48.201236313978185
-48.201236313978185
-50.5490013871685
-50.5490013871685
-48.973631892527735
-48.973631892527735
-50.84403024541429
-50.84403024541429
-49.08632288871555
-49.08632288871555
-50.88707437573195
-50.88707437573195
-51.574900238480296
-51.574900238480296
-49.36549038470937
-49.36549038470937
-50.99370687064739
-50.99370687064739
-49.14349427223322
-49.14349427223322
-50.908911901051844
-50.908911901051844
-49.111105475922734
-49.111105475922734
-48.42440452671636
-48.42440452671636
-48.162108104226334
-48.162108104226334
-50.53405574096223
-50.53405574096223
-48.96792316366077
-48.96792316366077
-50.84184970501967
-50.84184970501967
-51.55762595139823
-51.55762595139823
-51.83102814917502
-51.83102814917502
-49.463322541127255
-49.463322541127255
-51.031075429206325
-51.031075429206325
-49.15776779149214
-49.15776779149214
-50.91436390026968
-50.91436390026968
-51.585323909316884
-51.585323909316884
-49.3694718726814
-49.3694718726814
-50.99522766372691
-50.99522766372691
-49.144075163499735
-49.144075163499735
-50.909133781771885
-50.909133781771885
-49.11119022681634
-49.11119022681634
-49.66050487617693
-49.66050487617693
-51.10639237921423
-51.10639237921423
-51.65867226146576
-51.65867226146576
-49.39748845018348
-49.39748845018348
-48.533793089084675
-48.533793089084675
-48.203890817070544
-48.203890817070544
-48.07787936212696
-48.07787936212696
-50.501883224309914
-50.501883224309914
-48.95563435580321
-48.95563435580321
-50.837155798099296
-50.837155798099296
-49.083697083495096
-49.083697083495096
-50.88607140738557
-50.88607140738557
-49.10238118366205
-49.10238118366205
-48.42107214360056
-48.42107214360056
-48.16083524713964
-48.16083524713964
-48.06143359781835
-48.06143359781835
-48.02346554631542
-48.02346554631542
-48.008963041127906
-48.008963041127906
-49.23949155456809
-49.23949155456809
-49.09147763382646
-49.09147763382646
-50.27100932441108
-50.27100932441108
-48.867448373157096
-48.867448373157096
-50.803471750059785
-50.803471750059785
-51.542966877022266
-51.542966877022266
-49.353292926007434
-49.353292926007434
-48.51691190100004
-48.51691190100004
-50.669578731992274
-50.669578731992274
-49.0196883399772
-49.0196883399772
-50.861622242938914
-50.861622242938914
-49.093042433839955
-49.093042433839955
-50.88964101358054
-50.88964101358054
-51.57588060690165
-51.57588060690165
-49.36586485212483
-49.36586485212483
-50.99384990447241
-50.99384990447241
-51.615684861292415
-51.615684861292415
-49.38106872440525
-49.38106872440525
-50.999657266922924
-50.999657266922924
-49.14576712136394
-49.14576712136394
-49.05567808591879
-49.05567808591879
-50.875369102642125
-50.875369102642125
-49.098293267008
-49.098293267008
-50.89164665338147
-50.89164665338147
-51.57664669313642
-51.57664669313642
-49.366157471028195
-49.366157471028195
-48.52182571994817
-48.52182571994817
-48.81735367756621
-48.81735367756621
-50.78433727900015
-50.78433727900015
-49.063522204434655
-49.063522204434655
-50.8783652893034
-50.8783652893034
-49.099437708475975
-49.099437708475975
-48.41994783612452
-48.41994783612452
-50.632541754897176
-50.632541754897176
-49.005541473567426
-49.005541473567426
-48.3840826658051
-48.3840826658051
-48.14670652384788
-48.14670652384788
-50.528172860738124
-50.528172860738124
-48.96567610336691
-48.96567610336691
-50.840991404362185
-50.840991404362185
-51.55729810971964
-51.55729810971964
-49.35876696979715
-49.35876696979715
-50.99113875467139
-50.99113875467139
-49.14251333921744
-49.14251333921744
-50.9085372179805
-50.9085372179805
-49.11096235972449
-49.11096235972449
-50.896485816192545
-50.896485816192545
-49.10635913385357
-49.10635913385357
-50.89472754036775
-50.89472754036775
-49.72372152099999
-49.72372152099999
-48.65840303388233
-48.65840303388233
-50.72362353564658
-50.72362353564658
-49.040331618057834
-49.040331618057834
-48.39737131852692
-48.39737131852692
-50.623918292522504
-50.623918292522504
-51.47438355904059
-51.47438355904059
-51.79923238459926
-51.79923238459926
-49.4511776397576
-49.4511776397576
-51.02643648967313
-51.02643648967313
-49.15599587426222
-49.15599587426222
-49.059585121863414
-49.059585121863414
-50.876861457577704
-50.876861457577704
-49.09886329587012
-49.09886329587012
-50.891864385032235
-50.891864385032235
-51.57672985922658
-51.57672985922658
-49.36618923764793
-49.36618923764793
-50.99397380871678
-50.99397380871678
-49.143596233502834
-49.143596233502834
-50.9089508467913
-50.9089508467913
-51.583256306871064
-51.583256306871064
-49.36868211882232
-49.36868211882232
-48.522790049595905
-48.522790049595905
-48.199688029965394
-48.199688029965394
-50.54840999529985
-50.54840999529985
-48.97340600093458
-48.97340600093458
-50.843943962503474
-50.843943962503474
-51.55842588657585
-51.55842588657585
-49.359197742224495
-49.359197742224495
-48.51916734009764
-48.51916734009764
-48.19830427806842
-48.19830427806842
-48.07574549410763
-48.07574549410763
-50.50106815925404
-50.50106815925404
-48.95532302865491
-48.95532302865491
-50.83703688171026
-50.83703688171026
-49.0836516614763
-49.0836516614763
-50.88605405771823
-50.88605405771823
-49.10237455667881
-49.10237455667881
-50.893205567317786
-50.893205567317786
-49.105106190274974
-49.105106190274974
-50.89424895850671
-50.89424895850671
-51.57764068524516
-51.57764068524516
-51.838673097228764
-51.838673097228764
-51.938378606441134
-51.938378606441134
-51.976462722094645
-51.976462722094645
-50.13690759359312
-50.13690759359312
-51.28836202493441
-51.28836202493441
-49.87407651496041
-49.87407651496041
-51.1879694861965
-51.1879694861965
-51.6898319436291
-51.6898319436291
-51.88152634469081
-51.88152634469081
-51.95474709044333
-51.95474709044333
-51.982714926639176
-51.982714926639176
-51.9933976894742
-51.9933976894742
-51.997478141783425
-51.997478141783425
-51.999036735876075
-51.999036735876075
