-54.69574257214269
-53.64771602638834
-53.24740550702232
-53.09450049467863
-53.65412996576345
-52.63182142511194
-52.241334309572366
-52.71021549235505
-52.27127817874289
-52.103619043873614
-52.03957895287795
-52.633151803510145
-52.24184246890258
-52.71040959194749
-52.88938630693989
-53.57578331762208
-52.601895668426565
-51.61186969890772
-53.08781539454627
-53.65157648473109
-52.01281209339731
-57.53222519285975
-53.858995750460416
-55.967223956503666
-54.56417515798395
-52.97942775724174
-51.756074124991365
-53.14289658398205
-51.8185136607051
-55.987480665401144
-51.31264439813325
-52.35548751119444
-51.517750157950275
-51.19776296265638
-52.31160670751865
-52.73705715989957
-52.899564772180064
-51.725569179140834
-52.513210742742224
-51.57799507158606
-54.75915006219998
-53.07487643826563
-51.79253227696115
-52.5387883701176
-52.82383283339166
-51.696642152557594
-54.28996952119879
-53.1201955905308
-51.80984265278511
-53.49272451264651
-52.545400345324325
-51.590290405688066
-51.84350486048977
-54.42427199424053
-53.79432614203093
-52.06733761060345
-51.40768668977942
-53.544023492575285
-52.391790436234594
-53.207798483485334
-52.76768461892436
-52.46133796913082
-52.293229431788596
-52.79424941265702
-52.73003766519132
-52.92141026884023
-52.896883563785366
-51.7339134163639
-51.72454504866498
-52.516397957751245
-52.512819559709364
-51.57921247939005
-51.577845652963326
-52.45730745791869
-52.4567853766804
-50.93860792811634
-50.9384085108282
-50.97655031518022
-50.97647414455409
-52.227110994924104
-52.22708190033387
-52.7047826695921
-52.70477155644752
-52.26920302510229
-52.26919878025879
-52.72086039446468
-52.72085877307874
-51.65731018079195
-51.65730956147763
-51.86910413666108
-51.869103900104065
-53.186070206691085
-53.18607011633434
-51.83500451716249
-51.83500448264928
-52.55501132229617
-52.5550113091133
-52.830029449726005
-52.8300294446906
-51.08097506063217
-51.080975058708816
-52.2669976984202
-52.26699769768554
-50.86591606837873
-50.865916068098116
-52.18485247296568
-52.184852472858495
-50.83453938426863
-50.83453938422769
-52.17286764608989
-52.17286764607425
-50.82996158775136
-50.82996158774539
-52.17111908341388
-52.1711190834116
-50.82929369624058
-50.82929369623971
-50.31676200530787
-50.31676200530754
-51.97509428593272
-51.97509428593259
-50.75441888624059
-50.75441888624054
-50.28816237278907
-50.288162372789046
-51.96417019837629
-51.96417019837628
-50.750246256090115
-50.750246256090115
-50.286568569894065
-50.286568569894065
-51.96356141984177
-51.96356141984177
-50.75001372338155
-50.75001372338156
-50.28647975030289
-50.286479750302895
-51.9635274937768
-51.96352749377681
-50.75000076477784
-50.750000764777845
-52.7586107555563
-52.758610755556305
-51.053695546891475
-51.05369554689148
-52.25657785136782
-52.25657785136782
-50.8619360409623
-50.8619360409623
-52.18333223776876
-52.18333223776876
-50.8339587060943
-50.8339587060943
-52.17264584676382
-52.17264584676382
-50.82987686794748
-50.82987686794748
-52.171086723328315
-52.171086723328315
-50.829281335787776
-50.829281335787776
-52.1708592502847
-52.1708592502847
-50.829194448816644
-50.829194448816644
-50.316724096165224
-50.316724096165224
-51.97507980592871
-51.97507980592871
-50.75441335537122
-50.75441335537122
-52.14226222643464
-52.14226222643464
-50.81827135768301
-50.81827135768301
-52.78468780161397
-52.78468780161397
-51.06365609215931
-51.06365609215931
-50.40628047486397
-50.40628047486397
-49.537151343682694
-49.537151343682694
-51.677309511183694
-51.677309511183694
-52.49477718986839
-52.49477718986839
-50.95292009217177
-50.95292009217177
-50.36398308664693
-50.36398308664693
-51.99313113401872
-51.99313113401872
-50.76130834915953
-50.76130834915953
-50.290793913459865
-50.290793913459865
-51.96517535746976
-51.96517535746976
-53.2227661476993
-53.2227661476993
-51.23098713062857
-51.23098713062857
-50.47019524418641
-50.47019524418641
-52.033700568180336
-52.033700568180336
-50.776804494104915
-50.776804494104915
-52.1508148803841
-52.1508148803841
-52.67564014704737
-52.67564014704737
-52.87610556075801
-52.87610556075801
-51.098574568976986
-51.098574568976986
-52.27372011242263
-52.27372011242263
-50.86848380204121
-50.86848380204121
-50.331731293701004
-50.331731293701004
-51.980812045311495
-51.980812045311495
-50.756602875983795
-50.756602875983795
-52.143098548889576
-52.143098548889576
-50.81859080443524
-50.81859080443524
-50.31267386441614
-50.31267386441614
-51.97353275506288
-51.97353275506288
-52.60792440077248
-52.60792440077248
-50.996138481004884
-50.996138481004884
-52.234593008491856
-52.234593008491856
-50.853538578221006
-50.853538578221006
-52.18012469242085
-52.18012469242085
-53.304869487791436
-53.304869487791436
-51.26234781595387
-51.26234781595387
-50.482173960070185
-50.482173960070185
-52.03827603050636
-52.03827603050636
-50.77855216519921
-50.778552165199216
-50.29738046509127
-50.29738046509128
-51.967691196324296
-51.9676911963243
-52.60569312388162
-52.60569312388163
-50.377252220321
-50.377252220321
-51.99819949208094
-51.99819949208094
-50.763244289672144
-50.763244289672144
-52.14563534318518
-52.14563534318518
-52.67366173988338
-52.67366173988338
-51.02124791021527
-51.02124791021527
-52.24418395701212
-52.24418395701212
-50.8572019945714
-50.8572019945714
-52.18152399295175
-52.18152399295175
-50.83326801803418
-50.83326801803418
-52.17238202740048
-52.17238202740048
-50.82977609791758
-50.82977609791758
-52.17104823260194
-52.17104823260194
-50.829266633638554
-50.829266633638554
-52.17085363456341
-52.17085363456341
-52.68329427005166
-52.68329427005166
-51.0249272093419
-51.0249272093419
-49.77345336922413
-49.77345336922413
-49.91346688708039
-49.91346688708039
-52.43908324701662
-52.43908324701662
-53.403782853969474
-53.403782853969474
-51.30012935989222
-51.30012935989222
-52.350707191956865
-52.350707191956865
-52.75199221597838
-52.75199221597838
-51.0511674897286
-51.0511674897286
-52.255612219457106
-52.255612219457106
-50.861567202393026
-50.861567202393026
-50.32908938772198
-50.32908938772198
-51.97980292702259
-51.97980292702259
-53.22835338209568
-53.22835338209568
-51.233121264264874
-51.233121264264874
-52.325112376948624
-52.325112376948624
-50.88811390033132
-50.88811390033132
-52.19333129029501
-52.19333129029501
-50.837778004304035
-50.837778004304035
-52.79213867761666
-52.79213867761666
-53.53863802854596
-53.53863802854596
-51.35163945302163
-51.35163945302163
-50.516280330518946
-50.516280330518946
-52.05130350478489
-52.05130350478489
-52.63763018383573
-52.63763018383573
-51.00748508047262
-51.00748508047262
-52.2389270238318
-52.2389270238318
-51.473228013523
-51.473228013523
-53.034858982986876
-53.034858982986876
-51.15921298043805
-51.15921298043805
-52.914915913326844
-52.914915913326844
-53.58553475954249
-53.58553475954249
-51.36955241030105
-51.36955241030105
-53.61329241511013
-53.61329241511013
-53.23425685752956
-53.23425685752956
-53.08947815747855
-53.08947815747855
-51.180075648656405
-51.180075648656405
-52.92288474349024
-52.92288474349025
-51.11644262681475
-51.11644262681476
-52.28054510320371
-52.28054510320371
-52.72519268279636
-52.72519268279636
-53.51306693393528
-53.51306693393528
-53.19597413025958
-53.19597413025958
-51.22075349059378
-51.22075349059377
-53.556456285271224
-53.55645628527122
-53.83058137646999
-53.83058137646999
-51.46315188913918
-51.46315188913918
-53.64904423469702
-53.64904423469702
-51.39381087120241
-51.39381087120241
-53.0045243339098
-53.0045243339098
-51.7656601642773
-51.7656601642773
-53.76459211392168
-53.76459211392168
-53.910082188737846
-53.910082188737846
-53.34762046354196
-53.34762046354196
-54.36884717938782
-54.36884717938782
-53.522853097121725
-53.522853097121725
-53.19971211197735
-53.19971211197735
-51.84021526131053
-51.84021526131053
-52.55700164945404
-52.55700164945404
-50.9766877208019
-50.9766877208019
-50.37306151295166
-50.37306151295166
-50.142496818053075
-50.142496818053075
-50.05442894120757
-50.05442894120757
-51.25685798306941
-51.25685798306941
-50.48007703050087
-50.48007703050087
-51.419441085933
-51.419441085933
-51.77824622729813
-51.77824622729813
-50.67922961846162
-50.67922961846162
-52.1135445943364
-52.1135445943364
-50.189268209548004
-50.189268209548004
-51.92639598930718
-51.92639598930718
-50.11778380337397
-50.11778380337397
-50.663023398314515
-50.663023398314515
-50.25325240281968
-50.25325240281968
-51.33280178764433
-51.33280178764433
-49.89105099386362
-49.891050993863615
-51.19445316019621
-51.19445316019621
-51.074274497975125
-51.074274497975125
-51.028370333729164
-51.028370333729164
-51.62887049196226
-51.62887049196226
-51.24020715340772
-51.24020715340772
-52.327818945760676
-52.327818945760676
-50.88914771762463
-50.88914771762463
-51.575692184613004
-51.575692184613004
-51.21989484746449
-51.21989484746449
-51.08399235778046
-51.08399235778046
-50.414048237127
-50.414048237127
-51.39422033110033
-51.39422033110033
-53.00468073367377
-53.00468073367377
-53.61982186992099
-53.61982186992099
-52.618716898589405
-52.618716898589405
-52.854362814597124
-52.854362814597124
-52.326337556452074
-52.326337556452074
-52.124649854759106
-52.124649854759106
-50.81154403032545
-50.81154403032545
-49.69194824746735
-49.69194824746735
-49.8823347008265
-49.8823347008265
-51.809157821261834
-51.809157821261834
-50.69103679670931
-50.69103679670931
-52.73608852386568
-52.73608852386569
-51.04509281988816
-51.04509281988817
-52.87132589079838
-52.87132589079839
-51.09674889750741
-51.09674889750742
-52.27302276797354
-52.27302276797354
-50.86821744016353
-50.86821744016353
-52.18573151876672
-52.18573151876672
-50.83487514988696
-50.83487514988696
-50.93692791964405
-50.93692791964405
-52.83001057529488
-52.83001057529488
-52.31703582874079
-52.31703582874079
-53.357164888427285
-53.357164888427285
-53.754458836541055
-53.754458836541055
-53.28817763244598
-53.28817763244598
-53.72810804954678
-53.72810804954678
-53.89614651619437
-53.89614651619437
-52.72426352153655
-52.72426352153655
-53.51271202591506
-53.51271202591506
-52.57780457870884
-52.57780457870884
-51.60266772146157
-51.60266772146157
-51.230198585675865
-51.230198585675865
-51.08792803556602
-51.08792803556602
-50.41555153227232
-50.41555153227232
-51.394794538750716
-51.394794538750716
-51.76883208397983
-51.76883208397983
-52.52973570193867
-52.52973570193867
-52.820375021836185
-52.820375021836185
-54.16745734106967
-54.16745734106967
-53.445929023873035
-53.445929023873035
-52.55229574179954
-52.55229574179954
-53.44702617902538
-53.44702617902538
-51.93468082902691
-51.93468082902691
-52.59308428555514
-52.59308428555514
-52.84457202763851
-52.84457202763851
-51.7045638198606
-51.7045638198606
-52.50518740944308
-52.50518740944308
-52.19296441971875
-52.19296441971875
-51.455671860963264
-51.455671860963264
-51.79208515192094
-51.79208515192094
-53.15665157229936
-53.15665157229936
-52.44180158747735
-52.44180158747735
-53.40482116763248
-53.40482116763248
-53.15462792667019
-53.15462792667019
-54.29513058987788
-54.29513058987787
-54.73076384296344
-54.730763842963434
-53.66109296151265
-53.661092961512644
-53.870549030324405
-53.8705490303244
-52.71448615196076
-52.71448615196076
-53.50897740305768
-53.50897740305768
-51.95834409096259
-51.95834409096259
-52.60212284732988
-52.60212284732988
-52.848024451027044
-52.848024451027044
-51.705882528251465
-51.705882528251465
-52.505691111227144
-52.505691111227144
-52.193156816680066
-52.193156816680066
-50.83771136131326
-50.83771136131326
-50.93801125600962
-50.93801125600962
-50.358288417965696
-50.358288417965696
-51.37292197538726
-51.37292197538726
-51.14244351944618
-51.14244351944618
-51.67244257170118
-51.67244257170118
-52.49291818440725
-52.49291818440725
-53.42434597027047
-53.42434597027047
-53.780119726404166
-53.780119726404166
-53.297979220192126
-53.297979220192126
-53.7318519229221
-53.7318519229221
-52.66150857107438
-52.66150857107438
-53.488741767800825
-53.488741767800825
-53.8047167323281
-53.8047167323281
-53.92540842918348
-53.92540842918348
-53.971508555222336
-53.971508555222336
-53.98911723648352
-53.98911723648352
-54.613877142978126
-54.613877142978126
-52.38037823745128
-52.38037823745128
-53.99939352437529
-53.99939352437529
-53.99976834692471
-53.99976834692471
-53.99991151639884
-53.99991151639884
-52.763898224772014
-52.763898224772014
-52.2917831579172
-52.2917831579172
-54.58358720397917
-54.58358720397917
-55.45897845402032
-55.45897845402032
-54.557280180581984
-54.557280180581984
-54.21286208772564
-54.21286208772564
-54.69934007134483
-54.69934007134483
-55.50319211505874
-55.50319211505874
-54.57416829633159
-54.57416829633159
-52.98324479643626
-52.98324479643626
-52.37556609297718
-52.37556609297718
-52.14345348249528
-52.14345348249528
-52.05479435450866
-52.05479435450866
-51.4028955922808
-51.4028955922808
-51.77192641108364
-51.91288364097012
-51.77192641108364
-51.91288364097012
-50.73065653432693
-50.73065653432693
-52.13318792826037
-52.13318792826037
-52.668907250454176
-52.668907250454176
-51.019431856852464
-51.019431856852464
-50.38938832010322
-50.38938832010322
-52.00283506970689
-52.00283506970689
-50.76501492276777
-50.76501492276777
-50.91024368734631
-50.91024368734631
-50.34768215052126
-50.34768215052126
-49.514768775467566
-49.514768775467566
-50.43269215338124
-50.43269215338124
-49.54723970717636
-49.54723970717635
-49.20902696814783
-49.209026968147825
-50.933943163516815
-50.933943163516815
-49.73870055615293
-49.73870055615293
-49.28215850494197
-49.28215850494197
-50.34384293617276
-50.34384293617276
-49.51330232607654
-49.51330232607654
-49.814098030806754
-49.814098030806754
-49.31095777759382
-49.31095777759382
-49.7368092907246
-49.7368092907246
-50.51750408332988
-50.51750408332988
-50.19766897051516
-50.19766897051516
-50.07550282821559
-50.07550282821559
-50.646873502881505
-50.646873502881505
-50.865117680428924
-50.865117680428924
-50.33044554965538
-50.33044554965538
-49.508184979787316
-49.508184979787316
-49.194109389706576
-49.194109389706576
-49.07414318933241
-49.07414318933241
-50.26438815579045
-50.26438815579045
-49.48295330053915
-49.48295330053915
-51.0385737120767
-51.0385737120767
-51.01473384694105
-51.01473384694105
-49.769559851246655
-49.769559851246655
-49.29394570679891
-49.29394570679891
-49.11227726915007
-49.11227726915007
-49.04288610065131
-49.04288610065131
-49.63441502155374
-49.63441502155374
-49.24232497526003
-49.24232497526003
-49.71059389297625
-49.71059389297625
-51.12552468116851
-51.12552468116851
-50.42991217302948
-50.42991217302948
-51.40027981541972
-51.40027981541972
-50.5348592957299
-50.5348592957299
-50.822332060519884
-50.822332060519884
-51.55017087457965
-51.55017087457965
-51.828180563219064
-51.828180563219064
-51.93437081507754
-51.93437081507754
-52.59296587076347
-52.59296587076347
-52.22649280846297
-52.22649280846297
-52.086512554625436
-52.086512554625436
-52.65107884416323
-52.65107884416323
-52.866723977864254
-52.866723977864254
-51.71302511192974
-51.71302511192974
-51.890385346674854
-51.890385346674854
-51.95813092809483
-51.95813092809483
-51.98400743760964
-51.98400743760964
-53.22995936223388
-53.22995936223388
-53.705870649091985
-53.705870649091985
-53.88765258504208
-53.88765258504208
-53.957087106034265
-53.957087106034265
-54.601642721810606
-54.601642721810606
-54.22980707064765
-54.22980707064765
-54.70581247888225
-54.70581247888225
-52.41549441099952
-52.415494410999514
-53.39477272036599
-53.394772720365985
-53.15078976134855
-53.15078976134855
-53.05759656367966
-53.05759656367966
-53.640033918440324
-53.640033918440324
-53.244471202891425
-53.244471202891425
-53.09337969023395
-53.09337969023395
-54.271735845310225
-54.271735845310225
-54.10379385694682
-54.10379385694682
-53.42161173678035
-53.42161173678035
-55.015143319643904
-55.015143319643904
-55.623818222151364
-55.623818222151364
-54.620243369310394
-54.620243369310394
-53.618877897029925
-53.618877897029925
-52.61835633302948
-52.61835633302948
-54.0902930683082
-54.0902930683082
-54.65252287189511
-54.65252287189511
-53.63120756987734
-53.63120756987734
-54.47716781523671
-54.47716781523671
-54.80029587583279
-54.80029587583279
-53.687651834761866
-53.687651834761866
-53.8806936172027
-53.8806936172027
-53.95442901684624
-53.95442901684624
-55.2186614108358
-55.2186614108358
-55.701555215661166
-55.701555215661166
-54.649936258647905
-54.649936258647905
-54.248253560282556
-54.248253560282556
-53.47679043344987
-53.47679043344987
-52.56408375131716
-52.56408375131716
-52.21546082050161
-52.21546082050161
-52.08229871018767
-52.08229871018767
-52.64946929881131
-52.64946929881131
-53.48414317499615
-53.48414317499615
-53.18492623742724
-53.18492623742724
-54.924737503535255
-54.924737503535255
-53.73518430692884
-53.73518430692884
-54.516883394751076
-54.516883394751076
-54.197431888574485
-54.197431888574485
-52.83934429347258
-52.83934429347258
-54.174702958092944
-54.174702958092944
-55.302798569556145
-55.302798569556145
-53.879590784325806
-53.879590784325806
-52.71793979467139
-52.71793979467139
-54.128330565938036
-54.128330565938036
-54.04901791439282
-54.04901791439282
-52.78265519974063
-52.78265519974064
-54.15304965107877
-54.153049651078774
-54.67649375349567
-54.67649375349568
-54.87643160940825
-54.87643160940825
-54.33476708597918
-54.33476708597918
-53.50983565977939
-53.50983565977939
-53.81277388210889
-53.81277388210889
-52.6924180090475
-52.6924180090475
-52.264480145033616
-52.264480145033616
-54.57315838105292
-54.57315838105292
-53.60089303187546
-53.60089303187546
-53.84755470332335
-53.84755470332335
-53.32373708934468
-53.32373708934468
-52.505622575960814
-52.505622575960814
-53.429198616037546
-53.429198616037546
-53.78197327215182
-53.78197327215182
-53.91672120041792
-53.91672120041792
-54.58622431785183
-54.58622431785183
-54.22391776438768
-54.22391776438768
-54.0855289753112
-54.0855289753112
-54.650703150295826
-54.650703150295826
-54.86658047557627
-54.86658047557627
-56.18510625393277
-56.18510625393277
-55.452670308722254
-55.452670308722254
-56.408972649733784
-56.408972649733784
-55.5381796629793
-55.5381796629793
-56.44163431670392
-56.44163431670392
-55.55065530963267
-55.55065530963267
-55.828365600943975
-55.828365600943975
-55.93444149319926
-55.93444149319926
-54.738890901154015
-54.738890901154015
-55.51829918776259
-55.51829918776259
-54.57993868463395
-54.57993868463395
-53.60348287738937
-53.60348287738937
-54.466577925033945
-54.466577925033945
-54.17821690896257
-54.17821690896257
-55.304140779353546
-55.304140779353546
-54.498137451598275
-54.498137451598275
-56.04437354169097
-56.04437354169097
-54.16284721847506
-54.16284721847506
-54.680236091233986
-54.680236091233986
-53.641793077727115
-53.641793077727115
-53.24514314194735
-53.24514314194735
-55.56577230311453
-55.56577230311453
-55.83413977864634
-55.83413977864634
-56.554681021574375
-56.554681021574375
-56.2118692973269
-56.2118692973269
-54.84485889290653
-54.84485889290653
-53.70467339264279
-53.70467339264279
-53.88719527377174
-53.88719527377174
-54.574946417422325
-54.574946417422325
-55.45567796724513
-55.45567796724513
-53.937985518063385
-53.937985518063385
-52.74024459819514
-52.74024459819514
-52.90078226527193
-52.90078226527193
-53.580136186370545
-53.580136186370545
-52.60355831633991
-52.60355831633991
-53.466606740148976
-53.466606740148976
-53.17822791535712
-53.17822791535712
-52.45004301717248
-52.45004301717248
-52.171901136160336
-52.171901136160336
-51.44762640255863
-51.44762640255863
-51.170978071515556
-51.170978071515556
-51.68334180073793
-51.68334180073793
-53.115115308198014
-53.115115308198014
-54.280038112606015
-54.280038112606015
-53.48893105212023
-53.48893105212023
-53.18675504375468
-53.18675504375468
-53.07133407914382
-53.07133407914382
-52.40921320492687
-52.40921320492687
-52.77433952438668
-52.77433952438668
-52.295771379483284
-52.295771379483284
-53.967076580312856
-53.967076580312856
-52.7513563952056
-52.7513563952056
-52.90502659405384
-52.90502659405384
-53.5817573757058
-53.5817573757058
-53.840245533063566
-53.840245533063566
-54.5570132122348
-54.5570132122348
-54.21276011489093
-54.21276011489093
-54.081267132438
-54.081267132438
-54.031041282423075
-54.031041282423075
-54.01185671483123
-54.01185671483123
-54.62256285082051
-54.62256285082051
-54.237797848880405
-54.237797848880405
-54.7088646845706
-54.7088646845706
-54.888796204831394
-54.888796204831394
-56.19359190742336
-56.19359190742336
-56.0739455286888
-56.0739455286888
-54.792176701143255
-54.792176701143255
-54.92061856349085
-54.92061856349085
-54.3516450005794
-54.3516450005794
-55.98841840449704
-55.98841840449704
-54.14147425791214
-54.14147425791214
-53.43600436923937
-53.43600436923937
-55.63867480480556
-55.63867480480556
-54.00788409017773
-54.00788409017773
-52.76694347697774
-52.76694347697774
-54.14704830700516
-54.14704830700516
-54.674201444037735
-54.674201444037735
-53.02145405885837
-53.02145405885837
-53.00819472128725
-53.00819472128725
-54.85723207125308
-54.85723207125308
-54.327433514972206
-54.327433514972206
-54.12506847366353
-54.12506847366353
-55.28383988351819
-55.28383988351819
-55.10841718814114
-55.10841718814114
-56.277479658405014
-56.277479658405014
-56.105987798324
-56.105987798324
-56.040483736567
-56.040483736567
-55.3974294226271
-55.3974294226271
-55.151804531314305
-55.151804531314305
-56.29405214881561
-56.29405214881561
-56.730351915132516
-56.730351915132516
-55.04290163033225
-55.04290163033225
-56.25245494211393
-56.25245494211393
-54.860361229759846
-54.860361229759846
-56.18273071341529
-56.18273071341529
-56.68783091048602
-56.68783091048602
-55.64469404054298
-55.64469404054298
-56.482319188642705
-56.482319188642705
-54.94816155913545
-54.94816155913545
-55.59823346626344
-55.59823346626344
-54.610470862155076
-54.610470862155076
-54.23317912020179
-54.23317912020179
-54.70710048720018
-54.70710048720018
-55.50615633014865
-55.50615633014865
-55.193334514495874
-55.193334514495874
-55.69188120208886
-55.69188120208886
-54.646241114270914
-54.646241114270914
-54.246842140723885
-54.246842140723885
-55.33035328540053
-55.33035328540053
-55.7442177154777
-55.7442177154777
-55.90229986103258
-55.90229986103258
-55.34464787887014
-55.34464787887014
-55.131643775577835
-55.131643775577835
-55.668317436613265
-55.668317436613265
-56.49134252301185
-56.49134252301185
-56.1876761436724
-56.1876761436724
-56.07168590800535
-56.07168590800535
-56.02738158034364
-56.02738158034364
-56.01045883302559
-56.01045883302559
-56.00399491873311
-56.00399491873311
-56.00152592317376
-56.00152592317376
-56.000582850788156
-56.000582850788156
-55.38218864044081
-55.38218864044081
-55.14598307053428
-55.14598307053428
-55.05576057116202
-55.05576057116202
-55.021298642951784
-55.021298642951784
-54.39010136894344
-54.39010136894344
-54.14900546387853
-54.14900546387853
-54.05691502269215
-54.05691502269215
-54.02173960419793
-54.02173960419793
-54.00830378990164
-54.00830378990164
-54.00317176550699
-54.00317176550699
-54.61924549536922
-54.61924549536922
-56.090632698100464
-56.090632698100464
-56.652652598932164
-56.652652598932164
-57.48535908744592
-57.48535908744592
-57.80342466340561
-57.80342466340561
-57.924914902770894
-57.924914902770894
-58.58935403365697
-58.58935403365697
-56.98904523195032
-56.98904523195032
-55.7597476734441
-55.7597476734441
-57.144299754631675
-57.144299754631675
-56.437083612951135
-56.437083612951135
-55.548917095471836
-55.548917095471836
-54.59163368471447
-54.59163368471447
-55.46205193617138
-55.46205193617138
-53.94042015754998
-53.94042015754998
-54.59527651397835
-54.59527651397835
-55.463443373134965
-55.463443373134965
-53.940951639176866
-53.940951639176866
-55.21351351064532
-55.21351351064532
-56.31762288150899
-56.31762288150899
-54.267219178882065
-54.267219178882065
-53.484034655137215
-53.484034655137215
-53.18488478652958
-53.18488478652958
-54.30668768195132
-54.30668768195132
-55.97124623682417
-55.97124623682417
-56.60705102852119
-56.60705102852119
-56.231872859989515
-56.231872859989515
-55.470533562697454
-55.470533562697454
-55.79776181685274
-55.79776181685274
-54.68668391036098
-54.68668391036098
-56.116391880479895
-56.116391880479895
-56.6624917310787
-56.6624917310787
-54.398947357756626
-54.398947357756626
-55.388452308440854
-55.388452308440854
-56.38444355631584
-56.38444355631584
-56.76487836050666
-56.76487836050666
-56.91019152520414
-56.91019152520414
-56.96569621510577
-56.96569621510577
-56.36886313136328
-56.36886313136328
-54.904825201484265
-54.904825201484265
-56.1997144393392
-56.1997144393392
-56.69431811653334
-56.69431811653334
-56.265205921510926
-56.265205921510926
-56.10129964799944
-56.10129964799944
-57.89279498873707
-57.89279498873707
-56.722983351962085
-56.722983351962085
-58.13025703339888
-58.13025703339887
-57.431719770734745
-57.431719770734745
-57.78293626755526
-57.78293626755526
-59.153157009430814
-59.153157009430814
-59.67653476073718
-59.67653476073718
-59.876447272780716
-59.876447272780716
-58.09870509135529
-58.09870509135529
-59.89180395628474
-59.89180395628474
-60.576706777498934
-60.576706777498934
-60.83831637621206
-60.83831637621206
-61.556276339887155
-61.556276339887155
-61.2124786546995
-61.2124786546995
-62.317227601711146
-62.317227601711146
-59.64903420668446
-59.64903420668446
-61.10201097334183
-61.10201097334183
-61.65699871334101
-61.65699871334101
-61.25095117793132
-61.25095117793132
-61.713888809202835
-61.713888809202835
-61.890715249677186
-61.890715249677186
-60.10415497357905
-60.10415497357905
-60.65781764855974
-60.65781764855974
-60.25126398335029
-60.25126398335029
-61.33204227899091
-61.33204227899091
-59.27272689862287
-59.27272689862287
-60.95827437187727
-60.95827437187727
-59.12996026200937
-59.12996026200937
-60.28570838040053
-60.28570838040053
-61.34519886794211
-61.34519886794211
-60.513820245926006
-60.513820245926006
-58.960193892336115
-58.960193892336115
-59.60282940858213
-59.60282940858213
-61.08436231091006
-61.08436231091006
-59.17812156914847
-59.17812156914847
-60.30410436278504
-60.30410436278504
-60.734191519206654
-60.734191519206654
-60.28043620608502
-60.28043620608502
-61.343185076548195
-61.343185076548195
-59.27698306855999
-59.27698306855999
-60.95990008413136
-60.95990008413136
-59.7486152175844
-59.7486152175844
-61.14004753487153
-61.14004753487153
-59.1993914320306
-59.1993914320306
-61.54829670496976
-61.54829670496976
-61.82746469412877
-61.82746469412877
-61.316063388666656
-61.316063388666656
-61.1207254718712
-61.1207254718712
-61.04611302694693
-61.04611302694693
-59.163511642719904
-59.163511642719904
-58.44442190121278
-58.44442190121278
-58.169754060918436
-58.169754060918436
-59.91894224779221
-59.91894224779221
-58.114936727458606
-58.114936727458606
-60.51603787833308
-60.51603787833308
-58.34300696379117
-58.34300696379117
-59.985118968040005
-59.985118968040005
-58.75824797407917
-58.75824797407917
-60.76176090919707
-60.76176090919707
-60.909000764762155
-60.909000764762155
-59.111139418839706
-59.111139418839706
-57.80638350300707
-57.80638350300707
-57.308011090181495
-57.308011090181495
-58.35371774503721
-58.35371774503721
-56.89904017868045
-56.89904017868045
-58.81553874600373
-58.81553874600373
-59.54757605933075
-59.54757605933075
-57.355053476988935
-57.355053476988935
-58.98972032663563
-58.98972032663563
-58.37803952541816
-58.37803952541816
-59.380466227118646
-59.380466227118646
-58.52729117843799
-58.52729117843799
-60.055509274445015
-60.055509274445015
-60.02120265614715
-60.02120265614715
-61.244166671496224
-61.244166671496224
-59.239161403341946
-59.239161403341946
-60.945453493529186
-60.945453493529186
-59.12506312224603
-59.12506312224603
-60.901871828208485
-60.901871828208485
-58.49038241862995
-58.49038241862995
-58.18730941643126
-58.18730941643126
-59.925647796913516
-59.925647796913516
-58.117498019309714
-58.117498019309714
-59.280948227265306
-59.28094822726531
-60.961414639986
-60.961414639986
-58.513125748943224
-58.513125748943224
-60.66813255059314
-60.66813255059314
-60.255203925336424
-60.255203925336424
-60.715513214166016
-60.715513214166016
-60.89133571716163
-60.89133571716163
-60.95849393731888
-60.95849393731888
-59.74807811729521
-59.74807811729521
-60.52180839206653
-60.521808392066525
-62.05341503640417
-62.05341503640417
-62.63843671714597
-62.63843671714597
-63.47992910378365
-63.47992910378365
-60.711180650455496
-60.711180650455496
-59.65361284758285
-59.65361284758285
-59.249657892293044
-59.249657892293044
-60.33142880679607
-60.33142880679607
-60.74462852809517
-60.74462852809517
-60.90245677748944
-60.90245677748944
-60.344707815623266
-60.344707815623266
-60.74970065813025
-60.74970065813025
-60.90439415876749
-60.90439415876749
-60.963481818172205
-60.963481818172205
-60.98605129574913
-60.98605129574913
-60.994672069075186
-60.994672069075186
-60.99796491147643
-60.99796491147643
-60.99922266535411
-60.99922266535411
-60.9997030845859
-60.9997030845859
-60.9998865884036
-60.9998865884036
-60.99995668062489
-60.99995668062489
-60.99998345347108
-60.99998345347108
-60.38195969103845
-60.38195969103845
-60.76392960839418
-60.76392960839418
-60.29179514539418
-60.29179514539418
-60.11145582778836
-60.11145582778836
-60.0425723379709
-60.0425723379709
-60.01626118612434
-60.01626118612434
-60.00621122040211
-60.00621122040211
-60.00237247508199
-60.00237247508199
-60.00090620484386
-60.00090620484386
-60.00034613944958
-60.00034613944958
-60.00013221350489
-60.00013221350489
-60.0000505010651
-60.0000505010651
-60.61805327844029
-60.61805327844029
-60.23607534550589
-60.23607534550589
-60.09017275807737
-60.09017275807737
-60.034442928726236
-60.034442928726236
-60.013156028101335
-60.013156028101335
-60.00502515557776
-60.00502515557776
-60.00191943863195
-60.00191943863195
-60.000733160318084
-60.000733160318084
-60.6183140310722
-60.6183140310722
-60.23617494414862
-60.23617494414862
-60.70824479012356
-60.70824479012356
-60.88855942622206
-60.88855942622206
-60.95743348854262
-60.95743348854262
-60.98374103940579
-60.98374103940579
-62.229857607174544
-62.229857607174544
-62.70583178211785
-62.70583178211785
-61.03353577292932
-61.03353577292932
-61.01280952542
-61.01280952542
-61.622926792080584
-61.62292679208058
-60.61990287332195
-60.61990287332195
-61.47284980538505
-61.47284980538505
-61.79864654283321
-61.79864654283321
-61.92308982311458
-61.92308982311458
-62.58865691526043
-62.58865691526043
-63.46091491141661
-63.46091491141661
-61.93998585273971
-61.93998585273971
-60.74100865805262
-60.74100865805262
-62.13714208766784
-62.13714208766784
-61.434349627451105
-61.434349627451105
-59.929838817185676
-59.929838817185676
-59.35516682410593
-59.35516682410593
-60.3717296326319
-60.3717296326319
-60.14198808503987
-60.14198808503987
-60.05423462248772
-60.05423462248772
-60.63874977117318
-60.63874977117318
-60.24398070228194
-60.24398070228194
-60.711226324422526
-60.711226324422526
-60.27166428223575
-60.27166428223575
-60.72180051103461
-60.72180051103461
-60.89373725086807
-60.89373725086807
-60.959411241569605
-60.959411241569605
-60.98449647384075
-60.98449647384075
-60.376044191202745
-60.376044191202745
-60.143636099767484
-60.143636099767484
-60.05486410809971
-60.05486410809971
-60.63899021328154
-60.63899021328154
-60.244072542995006
-60.244072542995006
-60.71126140445337
-60.71126140445337
-60.889711670365095
-60.889711670365095
-60.339839617892025
-60.339839617892025
-60.74784117206087
-60.74784117206087
-60.90368389829059
-60.90368389829059
-60.9632105228109
-60.9632105228109
-60.9859476701421
-60.9859476701421
-60.994632487615405
-60.994632487615405
-60.99794979270412
-60.99794979270412
-61.61725087924685
-61.23576885628654
-61.61725087924685
-61.23576885628654
-61.09005568961277
-61.09005568961277
-61.034398212551764
-61.034398212551764
-60.39510495929264
-60.39510495929264
-60.768950654076036
-60.768950654076036
-60.91174700293548
-60.91174700293548
-60.9662903547304
-60.9662903547304
-60.36909007250582
-60.36909007250582
-60.759013851536956
-60.759013851536956
-60.90795148210505
-60.90795148210505
-60.34680660602829
-60.34680660602829
-60.13246833597981
-60.13246833597981
-60.050598401911145
-60.050598401911145
-60.01932686975363
-60.01932686975363
-60.00738220734974
-60.00738220734974
-60.620853741045494
-60.620853741045494
-60.23714502703685
-60.23714502703685
-60.090581340065064
-60.090581340065064
-60.65263298190823
-60.65263298190823
-60.24928361690975
-60.24928361690975
-60.09521786882102
-60.09521786882102
-60.65440397830319
-60.65440397830319
-60.86799406608856
-60.86799406608856
-60.949578219962504
-60.949578219962504
-60.98074059379895
-60.98074059379895
-59.75657558393455
-59.75657558393455
-61.14308812425438
-61.14308812425438
-61.6726887888286
-61.6726887888286
-61.25694425348153
-61.25694425348153
-60.48010998286608
-60.48010998286608
-60.801419683866605
-60.801419683866605
-60.30611507998385
-60.30611507998385
-60.11692555608494
-60.11692555608494
-61.89876355452065
-61.89876355452065
-60.72526314122732
-60.72526314122732
-61.513093846661114
-61.513093846661114
-61.19598441000612
-61.19598441000612
-59.83879140585745
-59.83879140585745
-59.32038980756624
-59.32038980756624
-59.74041200559116
-59.74041200559116
-61.754948175456924
-61.754948175456924
-61.288364543279826
-61.288364543279826
-61.72817944313245
-61.72817944313245
-59.424037831117936
-59.42403783111794
-60.39803601647105
-60.39803601647105
-58.91596825204554
-58.91596825204554
-58.96790272841546
-58.96790272841546
-59.605773921950735
-59.605773921950735
-58.61335105993696
-58.61335105993696
-60.706415212859724
-60.706415212859724
-58.41572463489274
-58.41572463489274
-58.77682666931828
-58.77682666931828
-59.532789361812
-59.532789361812
-58.585473438617925
-58.585473438617925
-59.45969893154156
-59.45969893154156
-60.411657344756655
-60.411657344756655
-58.303137147728826
-58.303137147728826
-59.3518560646795
-59.3518560646795
-59.75243104630968
-59.75243104630968
-61.141505051749334
-61.141505051749334
-61.054050120188435
-61.054050120188435
-59.16654334256628
-59.16654334256628
-60.29968187376009
-60.29968187376009
-59.49643430121421
-59.49643430121421
-59.189621029882524
-59.189621029882524
-59.07242878843336
-59.07242878843336
-59.64569932416747
-59.64569932416747
-59.86466918406903
-59.86466918406903
-60.56634221678952
-60.56634221678952
-60.216323477549636
-60.216323477549636
-60.70066220460928
-60.70066220460928
-59.64959515877842
-59.64959515877842
-59.24812327172597
-59.24812327172597
-60.94887662264918
-60.94887662264918
-59.74440462997188
-59.74440462997188
-60.52040524476626
-60.52040524476626
-59.58074312682711
-59.58074312682711
-59.83985812446496
-59.83985812446496
-59.93883124656777
-59.93883124656777
-58.740567637738565
-58.740567637738565
-57.66483767789802
-57.66483767789802
-59.10804736220518
-59.10804736220518
-57.80520244246782
-57.80520244246782
-59.77969592019785
-59.77969592019785
-59.91585132937585
-59.91585132937585
-61.20392604542948
-61.20392604542948
-59.841824840662916
-59.841824840662916
-61.17565044280895
-61.17565044280895
-59.83102452151426
-59.83102452151426
-60.55349109923362
-60.55349109923362
-59.59338079868681
-59.59338079868681
-61.08075326307649
-61.08075326307649
-61.030845001792756
-61.030845001792756
-61.01178174230178
-61.01178174230178
-60.38646623636269
-60.38646623636269
-59.5295829780364
-59.5295829780364
-59.82031668649641
-59.82031668649641
-59.931367081452834
-59.931367081452834
-59.35575056911219
-59.35575056911219
-60.37195260338353
-60.37195260338353
-61.996175218538184
-61.996175218538184
-59.526403108481546
-59.526403108481546
-59.20106809565635
-59.20106809565635
-59.076801178487514
-59.076801178487514
-59.02933543980618
-59.02933543980618
-58.39317115218114
-58.39317115218114
-58.150178016737236
-58.150178016737236
-58.057362898030576
-58.057362898030576
-58.021910677354484
-58.021910677354484
-58.626403122782776
-58.626403122782776
-58.857298690993844
-58.857298690993844
-58.94549295019875
-58.94549295019875
-58.97918015960241
-58.97918015960241
-58.99204752860847
-58.99204752860847
-58.99696242622299
-58.99696242622299
-58.380805761310626
-58.380805761310626
-57.527420868958984
-57.527420868958984
-57.20145684556633
-57.20145684556633
-57.076949667739996
-57.076949667739996
-57.02939215765367
-57.02939215765367
-57.01122680522101
-57.01122680522101
-57.00428825800935
-57.00428825800935
-57.001637968807046
-57.001637968807046
-57.61865963716168
-57.61865963716168
-57.85434094267798
-57.85434094267798
-58.56239717962215
-58.56239717962215
-59.45088458493837
-59.45088458493837
-59.79025657519296
-59.79025657519296
-59.301851151890624
-59.301851151890624
-58.497262891729015
-58.497262891729015
-58.18993752329642
-58.18993752329642
-57.454515689410364
-57.454515689410364
-57.17360954493467
-57.17360954493467
-57.06631294539364
-57.06631294539364
-57.02532929124626
-57.02532929124626
-56.39164093959523
-56.391640939595234
-58.62172948253901
-58.62172948253902
-57.00141155302223
-57.00141155302223
-56.38250517652767
-56.38250517652767
-56.146103976560795
-56.146103976560795
-58.527942708154285
-58.527942708154285
-56.34755420415259
-56.34755420415259
-55.514719904303476
-55.514719904303476
-55.196605508757834
-55.196605508757834
-55.075096621970026
-55.075096621970026
-55.02868435715225
-55.02868435715225
-54.39292246073683
-54.768117013808116
-54.39292246073683
-54.768117013808116
-56.147496558187314
-56.147496558187314
-56.056338672003925
-56.056338672003925
-57.257587435324254
-57.257587435324254
-58.33445762271874
-58.33445762271874
-58.745785432831966
-58.745785432831966
-58.90289867577715
-58.90289867577715
-58.9629105944995
-58.9629105944995
-58.985833107721334
-58.985833107721334
-59.6126227174144
-59.6126227174144
-60.47006903327177
-60.47006903327177
-60.797584382400906
-60.797584382400906
-61.54071810268084
-61.54071810268084
-61.82456992564162
-61.82456992564162
-61.93299167424402
-61.93299167424402
-61.35637110834055
-61.35637110834055
-61.75415563952751
-61.75415563952751
-61.28806182149209
-61.28806182149209
-62.34609780244856
-62.34609780244856
-61.51416360835381
-61.51416360835381
-61.81442701136276
-61.81442701136276
-62.54715141448437
-62.54715141448437
-61.59095925459055
-61.59095925459055
-61.225726349287285
-61.225726349287285
-62.322287770771105
-62.322287770771105
-63.359170951775916
-63.359170951775916
-63.75522508455664
-63.75522508455664
-63.90650430189402
-63.90650430189402
-64.58232180987531
-64.58232180987531
-63.60439315023212
-63.60439315023212
-63.23085764082105
-63.23085764082105
-63.70621376098092
-63.70621376098092
-62.03368167587203
-62.03368167587203
-63.866967221634745
-63.866967221634745
-64.5672199890322
-64.5672199890322
-62.980590779212164
-62.980590779212164
-63.61062032610409
-63.61062032610409
-61.99716823285043
-61.99716823285043
-62.616952349946985
-62.616952349946985
-63.47172280574042
-63.47172280574042
-65.03428404477405
-65.03428404477405
-63.77702736233208
-63.77702736233208
-62.67876405347228
-62.67876405347228
-61.641230809334864
-61.641230809334864
-63.717064329531894
-63.717064329531894
-64.50996217926082
-64.50996217926082
-64.81282220825057
-64.81282220825057
-64.92850444549087
-64.92850444549087
-64.35465713947214
-64.35465713947214
-64.13546697292554
-64.13546697292554
-64.0517437793045
-64.0517437793045
-64.01976436498795
-64.01976436498795
-63.38951532690945
-63.38951532690945
-63.14878161574038
-63.14878161574038
-64.2928974978115
-64.2928974978115
-62.8758089114444
-62.8758089114444
-62.33452923652172
-62.33452923652172
-62.74581278687064
-62.74581278687064
-61.66684114659041
-61.66684114659041
-60.63667666415069
-60.63667666415069
-63.33335878961114
-63.33335878961114
-64.36339970468272
-64.36339970468272
-62.28470436943744
-62.28470436943744
-60.872679414879705
-60.872679414879705
-60.951367863951575
-60.951367863951575
-61.599458165724904
-61.599458165724904
-61.84700663322314
-61.84700663322314
-63.177629711444304
-63.17762971144431
-63.68588250110978
-63.68588250110979
-63.26198380313515
-63.26198380313515
-61.864000930795875
-61.864000930795875
-61.94805297800237
-61.94805297800237
-62.59819199196114
-62.59819199196114
-63.46455698663094
-63.46455698663094
-61.941377001682
-61.941377001682
-63.21367598466474
-63.21367598466474
-64.31768494106213
-64.31768494106211
-63.50331086102183
-63.50331086102182
-61.95617966450357
-61.95617966450357
-61.365228132488895
-61.365228132488895
-60.52147074421321
-60.52147074421321
-63.28935404390022
-63.28935404390022
-64.34659138748745
-64.34659138748745
-64.75042011856212
-64.75042011856212
-64.9046689681989
-64.9046689681989
-64.96358678603458
-64.96358678603458
-64.36805740115494
-64.36805740115494
-62.904517439930444
-62.904517439930444
-63.58156289613618
-63.58156289613618
-63.840171248478086
-63.84017124847809
-62.08484888304841
-62.08484888304841
-63.26847736691682
-63.26847736691682
-62.484515240202256
-62.484515240202256
-62.803102342439836
-62.803102342439836
-62.92479178711726
-62.92479178711726
-62.97127301891193
-62.97127301891193
-63.607061258368425
-63.607061258368425
-61.995808789943666
-61.995808789943666
-62.61643308896237
-62.61643308896237
-62.235456488193535
-62.235456488193535
-61.471902386868344
-61.471902386868344
-60.56221668366161
-60.56221668366161
-60.21474766411649
-60.21474766411649
-61.93612827493754
-61.93612827493754
-60.73953519444644
-60.73953519444644
-60.28247730840178
-60.28247730840178
-61.96199869700858
-61.96199869700858
-61.367450805124165
-61.367450805124165
-61.14035371836392
-61.14035371836392
-59.8175423724678
-59.8175423724678
-60.54834137653926
-60.54834137653926
-60.82748175714999
-60.82748175714999
-62.17017187241049
-62.17017187241049
-62.0649998713316
-62.0649998713316
-62.0248277415843
-62.0248277415843
-62.0094833534213
-62.0094833534213
-61.38558832992972
-61.38558832992972
-59.91121365886806
-59.91121365886806
-61.820188601674026
-61.820188601674026
-60.695250179904335
-60.695250179904335
-62.119663904288664
-62.119663904288664
-63.281775521711545
-63.281775521711545
-61.25352670584639
-61.25352670584639
-60.47880459582763
-60.47880459582763
-60.1828870816365
-60.1828870816365
-60.06985664908186
-60.06985664908186
-60.64471685435899
-60.64471685435899
-62.100361891494906
-62.100361891494906
-61.42030084262593
-61.42030084262593
-63.01464260263257
-63.01464260263257
-61.151491010272196
-61.151491010272196
-61.05786441693392
-61.05786441693392
-60.40406825177967
-60.40406825177967
-60.77237432715498
-60.77237432715498
-62.76715669593495
-62.76715669593495
-60.4389258169004
-60.4389258169004
-59.549620754766245
-59.549620754766245
-58.59190245864844
-58.59190245864844
-61.31625656492855
-61.31625656492855
-59.26669729238773
-59.26669729238773
-60.95597126723423
-60.95597126723423
-59.74711454306527
-59.74711454306527
-61.13947432821127
-61.13947432821127
-59.817206475318855
-59.817206475318855
-61.78428105274488
-61.78428105274488
-59.445466739166314
-59.445466739166314
-61.642289108503526
-61.642289108503526
-60.009264631344685
-60.009264631344685
-59.385504785530536
-59.385504785530536
-61.6193856802465
-61.61938568024651
-60.0005163002094
-60.000516300209405
-59.3821632203817
-59.3821632203817
-59.14597336093569
-59.14597336093569
-58.43772287367548
-58.43772287367548
-58.78522924884065
-58.78522924884065
-59.53599886159637
-59.53599886159637
-57.96866536969877
-57.96866536969877
-59.842133202499525
-59.842133202499525
-58.085598282800234
-58.085598282800234
-57.41466164590117
-57.41466164590117
-59.630522609902854
-59.630522609902854
-58.00477022880781
-58.00477022880781
-57.383788076520574
-57.383788076520574
-59.0006959670036
-59.0006959670036
-59.61829982449022
-59.61829982449022
-58.61813552896727
-58.61813552896727
-57.000038784911816
-57.000038784911816
-56.38198082576817
-56.38198082576817
-56.145903692392686
-56.145903692392686
-56.67376424015979
-56.67376424015979
-56.87538902808669
-56.87538902808669
-56.33436885535038
-56.74575152671434
-56.33436885535038
-56.74575152671434
-55.66681774729286
-55.66681774729286
-56.490769692664024
-56.490769692664024
-56.18745734194932
-56.18745734194932
-54.83553435568414
-54.83553435568414
-54.3191457251031
-54.3191457251031
-54.73993680837505
-54.73993680837505
-54.28263071127215
-54.28263071127215
-54.725989314191295
-54.725989314191295
-56.13140520880153
-56.13140520880153
-56.050192323463406
-56.050192323463406
-55.401137772838794
-55.401137772838794
-54.53518700630309
-54.53518700630309
-55.44049122357026
-55.44049122357026
-54.55021868690792
-54.55021868690792
-54.210164837153485
-54.210164837153485
-54.080275824552544
-54.080275824552544
-53.412628647754254
-53.412628647754254
-53.15761011871022
-53.15761011871022
-53.0602017083764
-53.0602017083764
-53.022995006418974
-53.022995006418974
-54.24485128838032
-54.24485128838032
-54.09352486997208
-54.09352486997208
-53.417689332786026
-53.417689332786026
-54.395611105885784
-54.395611105885784
-54.151109996121434
-54.151109996121434
-54.057718882478525
-54.057718882478525
-54.022046651314135
-54.022046651314135
-53.390387082713985
-53.390387082713985
-53.76714858557772
-53.76714858557772
-55.14712665151897
-55.14712665151897
-56.29226535772907
-56.29226535772907
-56.729669421668255
-56.729669421668255
-56.278708918525794
-56.278708918525794
-56.10645733390913
-56.10645733390913
-56.040663083201586
-56.040663083201586
-56.63356590444553
-56.63356590444553
-55.62396665263523
-55.62396665263523
-54.00226607596037
-54.00226607596037
-53.38283157524588
-53.38283157524588
-53.146228649777264
-53.146228649777264
-53.673888362835804
-53.673888362835804
-53.87543643873015
-53.87543643873015
-53.334386964604754
-53.334386964604754
-55.599860410083686
-55.599860410083686
-55.22912628814652
-55.22912628814652
-53.23341648810618
-53.23341648810619
-55.5612931199215
-55.56129311992151
-56.45046287165833
-56.45046287165834
-56.79009549505349
-56.7900954950535
-57.537857602252046
-57.53785760225205
-57.82347731170265
-57.82347731170266
-58.550608321605814
-58.550608321605814
-57.592279675614996
-57.592279675614996
-56.608196716489275
-56.608196716489275
-56.23231047385282
-56.23231047385282
-57.32480268256897
-57.32480268256897
-56.50602959635431
-56.50602959635431
-54.957218128994164
-54.957218128994164
-54.36562479062819
-54.36562479062819
-53.52162225414051
-53.52162225414051
-55.67137792679292
-55.67137792679292
-55.25644354873846
-55.25644354873846
-56.33402069692224
-56.33402069692224
-57.363652530778154
-57.363652530778154
-57.75693689541223
-57.75693689541223
-56.67109017795875
-56.67109017795875
-57.492401615963814
-57.49240161596382
-57.8061146699327
-57.806114669932704
-57.30790840508439
-57.30790840508439
-57.73564453407036
-57.73564453407036
-56.662957219626904
-56.662957219626904
-56.25322712481035
-56.25322712481035
-54.86065617730435
-54.86065617730435
-55.5648093846025
-55.5648093846025
-54.59770399900335
-54.59770399900335
-55.46437058990734
-55.46437058990734
-55.79540777071866
-55.79540777071866
-55.303818733498744
-55.303818733498744
-56.352116407277364
-56.352116407277364
-56.134496499583456
-56.134496499583456
-56.66940708022289
-56.66940708022289
-56.87372474108521
-56.87372474108521
-58.18783512053253
-58.18783512053253
-57.4537126430126
-57.4537126430126
-57.79133679725516
-57.79133679725516
-57.92029774875288
-57.92029774875288
-59.20562442650327
-59.20562442650327
-58.46050755325715
-58.46050755325715
-58.79393222201807
-58.79393222201807
-58.92128911279707
-58.92128911279707
-57.73386713887335
-57.73386713887335
-57.28031230382298
-57.28031230382298
-56.489035783845694
-56.489035783845694
-56.804829036464
-56.804829036464
-56.30741733679642
-56.30741733679642
-57.971524940174945
-57.971524940174945
-58.60715748372841
-58.60715748372841
-59.46798149976018
-59.46798149976018
-56.70661707180266
-56.706617071802654
-57.505971681897485
-57.50597168189748
-55.9571960076401
-55.9571960076401
-55.365616341022815
-55.365616341022815
-55.139653015428344
-55.139653015428344
-54.43530871651232
-54.43530871651232
-54.78430712285851
-54.78430712285851
-54.917612652063205
-54.917612652063205
-54.96853083333111
-54.96853083333111
-56.224047825429906
-56.224047825429906
-56.085578654208724
-56.085578654208724
-55.41465414844637
-55.41465414844637
-55.15838379113037
-55.15838379113037
-55.67853121369463
-55.67853121369463
-55.25917586120363
-55.25917586120363
-55.098996369916264
-55.098996369916264
-54.41977925979526
-54.41977925979526
-54.77837539821941
-54.77837539821941
-56.15141491236277
-56.15141491236277
-56.05783535011899
-56.05783535011899
-56.6401251267441
-56.6401251267441
-55.626472052613515
-55.626472052613515
-55.23929103109645
-55.23929103109645
-55.091401040675834
-55.091401040675834
-54.41687810218116
-54.416878102181165
-54.159233265867655
-54.060821695421794
-54.15923326586765
-54.060821695421794
-54.02323182039773
-54.02323182039773
-53.390839777021505
-53.390839777021505
-54.385355488166574
-54.385355488166574
-55.38326067622811
-55.38326067622811
-55.14639255176787
-55.14639255176787
-54.437882990325605
-54.437882990325605
-54.78529040795883
-54.78529040795883
-54.9179882335509
-54.9179882335509
-55.586708281443755
-55.586708281443755
-55.84213661078037
-55.84213661078037
-55.32166756214746
-55.32166756214746
-54.50483208691212
-54.50483208691212
-55.42889667608868
-55.42889667608868
-55.16382395260402
-55.16382395260402
-55.680609170473275
-55.680609170473275
-55.87800355881581
-55.87800355881581
-55.33536751722427
-55.33536751722427
-55.7461329816069
-55.7461329816069
-55.90303142759643
-55.90303142759643
-55.96296130118239
-55.96296130118239
-55.98585247595074
-55.98585247595074
-55.99459612666984
-55.99459612666984
-55.99793590405878
-55.99793590405878
