-48
-51
-63
-51
-63
-48
-63
-48
-63
-63
-48
-48
-48
-63
-51
-63
-48
-63
-49
-48
-63
-49
-51
-51
-62
-44
-51
-51
-62
-48
-62
-48
-62
-48
-62
-48
-62
-48
-62
-48
-51
-51
-62
-48
-48
-52
-48
-62
-52
-44
-52
-48
-52
-63
-48
-52
-52
-64
-46
-63
-48
-48
-52
-52
-63
-63
-52
-52
-52
-52
-52
-52
-62
-62
-48
-48
-52
-52
-48
-48
-52
-52
-63
-63
-63
-63
-46
-46
-52
-52
-49
-49
-52
-52
-49
-49
-52
-52
-48
-48
-63
-63
-48
-48
-52
-52
-49
-49
-63
-63
-50
-50
-52
-52
-63
-63
-49
-49
-48
-48
-63
-63
-49
-49
-52
-52
-63
-63
-49
-49
-48
-48
-52
-52
-48
-48
-63
-63
-48
-48
-63
-63
-52
-52
-63
-63
-48
-48
-52
-52
-52
-52
-63
-63
-48
-48
-52
-52
-52
-52
-48
-48
-63
-63
-47
-47
-46
-46
-52
-52
-63
-63
-48
-48
-63
-63
-48
-48
-52
-52
-48
-48
-52
-52
-52
-52
-63
-63
-50
-50
-63
-63
-49
-49
-52
-52
-63
-63
-48
-48
-63
-63
-63
-63
-50
-50
-48
-48
-52
-52
-52
-52
-63
-63
-49
-49
-52
-52
-63
-63
-52
-52
-63
-48
-63
-48
-52
-52
-63
-63
-48
-48
-52
-52
-52
-52
-63
-48
-63
-48
-63
-63
-50
-50
-52
-52
-51
-51
-63
-63
-48
-48
-48
-48
-52
-52
-63
-63
-48
-48
-50
-50
-48
-48
-52
-52
-51
-51
-63
-63
-49
-49
-46
-46
-52
-52
-49
-49
-46
-46
-52
-52
-48
-48
-52
-52
-52
-52
-63
-63
-46
-46
-52
-52
-52
-52
-63
-63
-46
-46
-63
-63
-45
-45
-52
-52
-63
-63
-48
-48
-52
-52
-48
-48
-52
-52
-63
-63
-49
-49
-63
-63
-46
-46
-63
-63
-50
-50
-63
-63
-48
-48
-52
-52
-63
-63
-46
-46
-63
-63
-46
-52
-46
-52
-63
-63
-48
-48
-52
-52
-63
-63
-63
-63
-50
-50
-52
-52
-48
-48
-63
-63
-50
-50
-63
-63
-49
-49
-52
-52
-63
-63
-48
-48
-63
-63
-48
-48
-52
-52
-63
-63
-52
-52
-63
-63
-52
-52
-63
-63
-48
-48
-52
-52
-63
-63
-52
-52
-63
-63
-52
-52
-63
-63
-48
-48
-63
-63
-50
-50
-52
-52
-46
-46
-52
-52
-52
-52
-63
-63
-49
-49
-52
-52
-63
-63
-49
-49
-63
-63
-48
-48
-52
-52
-63
-63
-48
-48
-52
-52
-63
-63
-48
-48
-63
-63
-52
-52
-63
-63
-48
-48
-52
-52
-63
-63
-52
-52
-48
-48
-52
-52
-48
-48
-51
-51
-63
-63
-48
-48
-63
-63
-48
-48
-52
-52
-63
-63
-48
-48
-52
-52
-49
-49
-63
-63
-52
-52
-63
-63
-48
-48
-52
-52
-63
-63
-49
-49
-52
-52
-63
-63
-52
-52
-63
-63
-50
-50
-48
-48
-52
-52
-63
-63
-63
-63
-48
-48
-51
-51
-63
-63
-49
-49
-64
-64
-49
-49
-52
-52
-52
-52
-64
-64
-52
-52
-64
-64
-64
-64
-64
-64
-48
-48
-51
-51
-52
-52
-64
-64
-48
-48
-64
-64
-48
-48
-52
-52
-48
-48
-64
-64
-49
-49
-52
-52
-64
-64
